"","teeth_ref_gladysvale","type","pred_class","real_class","buselaphus","gnou","taurinus","dorcas","marsupialis","caffer","equinus","niger","gazella","oreotragus","ourebi","capreolus","campestris","ellipsiprymnus","leche","arundinum","fulvorufulva","oryx","scriptus","strepsiceros"
"1","GV4715","LM3","gazella",NA,0.0137511257866129,0.00457588529735361,0.00500499532318515,0.0119403236800073,0.0291132628217252,0.0503502592862756,0.180936315630138,0.173920881413918,0.231547788629047,0.0238452766830089,0.0284613458003898,0.0129168764394166,0.0145861956962151,0.0370486540056239,0.0556380600823344,0.02911484457959,0.0393213988433192,0.0093277089429175,0.0323546128486345,0.0162441882102871
"2","GV4819","LM3","gazella",NA,0.0411081658097425,0.0299685649120511,0.0172630987137912,0.0218871179242979,0.00373295785962205,0.0794270633852719,0.0877220376642062,0.065233597371549,0.488525025474148,0.0124757300547399,0.0429204291526453,0.00614706194800487,0.0138482893764682,0.0231445642764875,0.00918126331829975,0.0153503664243591,0.0110539872142508,0.0163621111760561,0.00887622496705182,0.00577234297695582
"3","GV4820","LM3","buselaphus",NA,0.304721558874545,0.0407601475495365,0.0799054101026739,0.177635869847601,0.036068826486349,0.0151668243162261,0.00665391127739084,0.0104169966421145,0.0106090358468574,0.0096917963559311,0.0480544190412978,0.042650491370543,0.0256305413247622,0.00390008256642163,0.00519239685684953,0.00331780574518469,0.00584541222676596,0.0129781702531937,0.12976410498588,0.0310361983298762
"4","GV4825","LM3","ourebi",NA,0.0125748681524111,0.0125407200527684,0.00394752398358282,0.0166503158226052,0.0107348394244051,0.0235356425652732,0.0427058838785197,0.01017036560277,0.0185403164624504,0.11611754868937,0.330601590659544,0.0993504187335563,0.237876203257691,0.00940138253299916,0.00184624043727615,0.00570766006591784,0.00712028872367773,0.0120990451135304,0.0177734389241417,0.0107057069175099
"5","GV4955","LM3","campestris",NA,0.0400682511967353,0.0292574452953672,0.0134900235525299,0.019889788496256,0.0378081049767471,0.0179230429807631,0.0418323079871162,0.0112803022666756,0.0122030399174282,0.0405944258139324,0.135653364504577,0.127015772833806,0.287043634232807,0.0185178753500998,0.0230613782395098,0.0221621204274119,0.0504895747986463,0.00733685112016804,0.0488014557774437,0.0155712402319793
"6","GV5073","LM3","niger",NA,0.0130816093912768,0.00497361033477405,0.00568561724456332,0.0245542790251333,0.011391054165087,0.0518676896122822,0.0956795525811134,0.598458049280303,0.0610233249627637,0.0157991337140165,0.0198679696086897,0.00419219015236071,0.00585407801379319,0.0155366110748487,0.0198990552381958,0.0136275062335182,0.0262874844930562,0.00198137935716562,0.00679947212080473,0.00344033339625488
"7","GV5119","LM3","ourebi",NA,0.0268228742835913,0.018019143580733,0.0103002698516457,0.0115575181905893,0.0107988537039608,0.0393458998159496,0.0237559020199747,0.014757803096052,0.0555069140843333,0.165819758486906,0.237851468382429,0.0301066452253695,0.195825378064446,0.0179088876584963,0.0351253323231404,0.0154324820210802,0.013808091082431,0.0160738139564368,0.047995439276311,0.0131875248961251
"8","GV5183C","LM3","gazella",NA,0.0206867879707978,0.00655711190717521,0.00635791834968079,0.0155988933962564,0.05430177605238,0.0660665810345849,0.121426211787409,0.121411589561231,0.139303565864117,0.0427652888683589,0.0698318824949594,0.0351621925505994,0.0480728818044657,0.040801595084369,0.0617165950060869,0.0319120641204003,0.0422288967080552,0.0125851442242675,0.0415887562756882,0.0216242669391169
"9","GV5251","LM3","gazella",NA,0.0191679938864068,0.00618838850018738,0.00647246971143231,0.0154769316708068,0.0414538460242891,0.0549038123174908,0.134696138418685,0.130649483920876,0.189585543151346,0.0387865519945983,0.0621465727952328,0.0277782617635328,0.0341201337878315,0.0362825269232186,0.0547725792747131,0.0284146451495822,0.0378147067959416,0.0128531496508619,0.0458731528308773,0.022563111432089
"10","GV5256","LM3","gazella",NA,0.00568096308355164,0.00191138587021354,0.00214170734492821,0.00535422239907339,0.02014132592367,0.0303623576543309,0.24441248442713,0.151223951520672,0.305968409042231,0.0100560861558376,0.0145638125747268,0.00435986852095932,0.00609990186048017,0.0356208267770732,0.0517018962371786,0.0286304865431645,0.0422728191633558,0.00674738769151667,0.0213001310749971,0.0114499761349091
"11","GV5264","LM3","campestris",NA,0.00495396977872527,0.00484057983252406,0.00189688709891209,0.00275375547899285,0.00800956453569349,0.0152302994234661,0.186172880614004,0.0340827227935884,0.0452331852968043,0.102518511326309,0.1961080923749,0.0670873081182576,0.276189524795762,0.00442553787796496,0.00547529671355479,0.00611710962335507,0.00505537297866703,0.00504519287813069,0.0209005496730531,0.00790365878733511
"12","GV5285","LM3","niger",NA,0.0128273070416183,0.00540524186678207,0.00680765038799732,0.0158539613733616,0.00732136546033355,0.0235941438103704,0.134081288938024,0.504843472547879,0.13970925910625,0.00899641987133092,0.0152038233583052,0.00326993085306867,0.00418626749079745,0.0228275162219461,0.0310470363674989,0.0190570138102558,0.0320652551926378,0.00210609731498513,0.00715093930148592,0.00364600968507197
"13","GV5288","LM3","gazella",NA,0.0172491424105025,0.0188438151869689,0.0078605344089614,0.011200815457419,0.00808033837082149,0.0245375868382718,0.162927752987527,0.0458761385703995,0.284525852011141,0.0463361818947782,0.0974607435314053,0.0289553810267825,0.144354104904396,0.0042549616482648,0.011234836301723,0.00531926642083748,0.00346635309927196,0.0169037028298644,0.0390303042529392,0.0215821878477247
"14","GV5309","LM3","ourebi",NA,0.0398479990965043,0.0213944501999455,0.0130609514086912,0.0223159833788818,0.0259164939481047,0.0621935001937126,0.0212461331194623,0.00929378102661044,0.0656074759624473,0.0703130192232341,0.219063169052547,0.124074100369587,0.163649839300646,0.0191016924278843,0.00128031894920361,0.00882814953105336,0.00857739552024512,0.0269442461524469,0.047748355878701,0.0295429452600922
"15","GV5335","LM3","ourebi",NA,0.0213044267836964,0.0116676893566227,0.00862780322897295,0.0394185566343366,0.0103835385374089,0.0779200150236388,0.0959996764127066,0.0625465203806615,0.114427437180142,0.0559918719028801,0.28836431945816,0.0403435779851896,0.0617463076298015,0.0178357007362581,0.00521028063915416,0.0106891653841387,0.00990894011111395,0.0380969610121852,0.0158151891625119,0.013702022440421
"16","GV5341","LM3","gazella",NA,0.00538966973894085,0.00237984113581844,0.00237483464302875,0.00225560224807551,0.052610560036443,0.0885498083907254,0.232573205783063,0.144530126453428,0.244362814839262,0.00340267706012031,0.0134287853468042,0.0180212226107398,0.0162296636955643,0.0303679684808746,0.013867084663148,0.0235960335326581,0.0827934111982129,0.00296086234281507,0.0122178463121749,0.00808798148810258
"17","GV5371","LM3","gazella",NA,0.0124892438540767,0.00627051120039048,0.00571779034355661,0.0115464442613656,0.0070639264874136,0.05333967456503,0.18215015458535,0.13594851331289,0.253753264202697,0.037430018536781,0.15128684585017,0.0309966436472244,0.0342344071485505,0.0132824291068937,0.00219312513883422,0.00759167175828372,0.00538561276017718,0.0173233279169762,0.0203920289410917,0.0116043663822474
"18","GV5385","LM3","dorcas",NA,0.124649176899564,0.0830496596528016,0.0459545960911659,0.179536436249254,0.0137673876046462,0.0289115340751541,0.0490718249841597,0.0232636803170433,0.0522471234913821,0.0443920791423753,0.117064168839168,0.0419867844374138,0.0654119590363405,0.0193419048505429,0.00355020446392819,0.0156304527732026,0.010169831044924,0.0296263902358534,0.0345843397855567,0.017790466025524
"19","GV5852","LM3","ourebi",NA,0.0194079495527852,0.010905611254717,0.00758949245314924,0.0445842319695309,0.0159588937737574,0.00494091791123266,0.0856943164887122,0.0108397750422088,0.0399642761361536,0.159545985442177,0.389598142381593,0.0701519568286022,0.101672885147833,0.00413055155009065,0.00581716526969312,0.00248297531469673,0.00207538621177827,0.00156550696626943,0.0178610884718311,0.00521289183318801
"20","GV5853","LM3","ourebi",NA,0.00833329238727465,0.00953510015672034,0.00338186337166707,0.0119751142323042,0.013082832525246,0.0275662170860544,0.0283634915578597,0.0117313436473126,0.013650017471044,0.122651153525808,0.301733359125634,0.101413577189156,0.258994071033192,0.00826851091005982,0.00272736310736099,0.00526400272811865,0.00472408155330903,0.0179549029362781,0.0317086998551648,0.0169410056004351
"21","GV5854","LM3","equinus",NA,0.00388132578970336,0.00218882966649588,0.00138749802660444,0.00212699999677902,0.00250337703292581,0.0139806628805424,0.371717531843625,0.0577023698083956,0.324122439365682,0.0587818948853181,0.0501001895637827,0.00997664538243621,0.0620483669918762,0.00151449960813783,0.00492648330643089,0.00198617615684577,0.00151473536186971,0.00425743885177979,0.0198281789800082,0.00545435650076095
"22","GV6051","LM3","buselaphus",NA,0.319999217121217,0.0965674158964067,0.113358642660546,0.21347473017045,0.0412214459753357,0.0133963482926702,0.0171144079494106,0.0319269630183725,0.0107383719807917,0.0425462995852977,0.0419872367752072,0.00883467790621656,0.0147882226204839,0.00346471224341004,0.00326003873601083,0.00417819190258955,0.0153697395938057,0.00118567811767518,0.00447313670860877,0.00211452274549438
"23","GV6161","LM3","gazella",NA,0.0122286169505439,0.00414767657069318,0.00464722431322134,0.0112016025091101,0.026091443191006,0.0453979035514127,0.17297747184338,0.165769248586362,0.262736585022569,0.0225704509465816,0.0276617179090529,0.0125783943491073,0.0136667326161961,0.0361320100472841,0.0541732547028081,0.0284249635242935,0.0385639608172382,0.00953628535311243,0.0346665298132618,0.0168279273827656
"24","GV6162","LM3","gazella",NA,0.00564980300820975,0.00325148434736249,0.00195255759615581,0.00226302259678964,0.00287209565352748,0.0125586411987795,0.306050767154851,0.055087284090174,0.434018433864966,0.025609464920721,0.0333607124224599,0.0109949828648923,0.0504546659296726,0.00214365854496226,0.00724888250758432,0.00436787840249318,0.00226153932415212,0.00524511487465476,0.0268162848523746,0.00779272584521774
"25","GV6258","LM3","equinus",NA,0.00267939736980512,0.000900676375158491,0.00103372751549557,0.00230947156087468,0.0091391103174882,0.0173329974100982,0.375553963236545,0.199049790115566,0.204230562654658,0.00546275254592224,0.00765176114665435,0.0017124310133793,0.00225542952736208,0.0308106024598893,0.0394664671050733,0.0270217778289238,0.0521144048651418,0.00358734291102609,0.0115650021331153,0.00612233190782313
"26","GV6925","LM3","gazella",NA,0.0199245110281927,0.0307039074486797,0.0106826564092841,0.00729122468534318,0.00980233349372441,0.0424636969080221,0.194509893174284,0.0793641124125289,0.361565684474024,0.0115866011212703,0.0248171026893762,0.017008099666515,0.0450333461309576,0.0139003580486339,0.0165790380234756,0.0176651042382601,0.0173383093101128,0.0181877800776562,0.0381693122918413,0.0234069283678181
"27","GV6941","LM3","ourebi",NA,0.0371528341845048,0.0214882107242481,0.011439706047744,0.128017761017395,0.00800428612980796,0.0388670232622553,0.161432175243986,0.0300980845350269,0.0916109150682304,0.05323120569793,0.17492989334006,0.0479844459130998,0.0645389516779963,0.0324712286177311,0.00327988019804686,0.0211970063330691,0.0404405992359568,0.0112837616064088,0.0145307629870774,0.00800126817942499
"28","GV6946","LM3","niger",NA,0.00429927047835909,0.00213970431374055,0.00178056843335577,0.00552772207127761,0.00493086460554367,0.0143330682788736,0.247268241540336,0.38576139443729,0.112580812595133,0.00518168870507484,0.00691857552805395,0.00128869092664691,0.00185839934837524,0.0357005599081519,0.0401784759265531,0.0348491778611058,0.0858953624100167,0.00159859646553204,0.00517716553468342,0.00273166063189649
"29","GV7028","LM3","campestris",NA,0.0146536846259579,0.0172543565309982,0.00637525776102023,0.00790537405735465,0.0251147863807158,0.0260808410444825,0.0980123002118303,0.0269948887691261,0.0813772676962007,0.0617654283263927,0.0912727825509523,0.0561970557892669,0.315773364445932,0.0198755820503225,0.0396543358578833,0.0292270481424129,0.017823342225241,0.00713710842796848,0.0440079149525922,0.0134972801533497
"30","GV7068","LM3","campestris",NA,0.00510104692394104,0.00255897624818629,0.00170983991979191,0.00377440175458557,0.00961357799071048,0.0107766739531388,0.018319820677472,0.00408982625153046,0.0537894656766352,0.286282600804644,0.157679120698522,0.0363819428391934,0.336483775465227,0.00243440355272385,0.0081166491773202,0.00221493838956981,0.0023183698532184,0.00416797591998591,0.0477814975511848,0.00640509635241941
"31","GV7075","LM3","ourebi",NA,0.00771119281998946,0.00341353756658092,0.00256688363650472,0.00308122324235655,0.0121253154273919,0.021010842720951,0.0205079394714284,0.0122151625131968,0.0663465949480641,0.136496282606798,0.331279244547471,0.123858147198929,0.220500050593129,0.00674841197396866,0.00120937779662801,0.00412101623857841,0.00504385279010001,0.00421244476889083,0.0113643023696589,0.0061881767693847
"32","GV7112","LM3","buselaphus",NA,0.118982306098963,0.101998058970089,0.0996104147178931,0.0591143996597339,0.034398888597642,0.0436527775743445,0.0196235091691941,0.0471954544132543,0.0896559525934564,0.10113413182448,0.0849229558396328,0.0284492242002096,0.025841157221877,0.017614341613938,0.00894914112567195,0.0143615817592802,0.0389630293103423,0.015394820029839,0.025590549042105,0.0245473062380537
"33","GV7113","LM3","gazella",NA,0.00208850181603125,0.000895773906538035,0.00069422309863046,0.000768483808156191,0.00309076605991724,0.0166054833197398,0.349423591251942,0.106902529856358,0.436549181034207,0.012241163365066,0.00965903113137407,0.00433128513587622,0.024313525239134,0.00466837902608762,0.0115440127749999,0.00555264209690601,0.00431402197408094,0.000907254233765901,0.00401369635522982,0.00143645451595976
"34","GV7226","LM3","niger",NA,0.0112512262514925,0.00347790908609339,0.00533139501045198,0.0087063758495767,0.00963662928101706,0.0238572899272763,0.204830666034791,0.452281907118363,0.0579212393134079,0.0377274025696568,0.0301956133966811,0.00680395234036443,0.00728025950888256,0.0239464704732966,0.028416718571708,0.0223078707368152,0.0497213729951967,0.00272015500790085,0.00892116232949094,0.00466438419753775
"35","GV7516","LM3","niger",NA,0.0113004972694272,0.00364348519127533,0.00370488544527996,0.00885301555490624,0.0419965691460187,0.0515461546917706,0.167794619288668,0.173741966376962,0.1516861547108,0.0356392835608248,0.0369185949469234,0.0161782611645935,0.0226400459668756,0.0501297470392511,0.0754193136007528,0.0393472979885408,0.0528718924660626,0.00993220582259256,0.0299995734209042,0.0166564363475704
"36","GV7524","LM3","equinus",NA,0.0101935501877003,0.00333959013041109,0.00352778202155352,0.00821409951082069,0.0150226598755784,0.0679975461715459,0.194920793082645,0.141015689948313,0.123289746183781,0.092304632841786,0.150097662561471,0.034540505438518,0.0527124039536854,0.0131124524485875,0.0187604111478854,0.0127312939749646,0.0137694966943237,0.00965858006172814,0.0223654601090689,0.0124256436556319
"37","GV7530","LM3","ourebi",NA,0.018092411639967,0.00792168490138489,0.00645845770523474,0.045402828223262,0.0242645094906385,0.00433681284520632,0.00754166765881573,0.00191321371530391,0.012565965292384,0.1176682314183,0.378134581901358,0.117156854027081,0.205717802369694,0.00421083570327832,0.00388801083324074,0.00170795536972122,0.00165630456501706,0.00171300304309882,0.0294700373193231,0.0101788319776898
"38","GV7540","LM3","ourebi",NA,0.00749617447602989,0.00448511586378611,0.00272594987910461,0.0085190094128089,0.00656194023837922,0.0281337117058204,0.0729340978731141,0.0274578575380882,0.0439419467670848,0.111824931376061,0.405972006029491,0.0770031861212606,0.133198585014028,0.00632113515794666,0.00126633850553302,0.00400611456460774,0.00418826538631798,0.0184925545824275,0.0225886523983017,0.012882427109809
"39","GV7570","LM3","gnou",NA,0.108370772479628,0.150956448558523,0.0418559941322265,0.0441542537585752,0.0531995397075291,0.0458076350637719,0.0675933286403179,0.037127760502698,0.123728975682175,0.0015162205590279,0.0116174102154597,0.0142693535355428,0.0313510904644992,0.089572653563821,0.0195340019241004,0.0478364541566265,0.0524392839315542,0.0171858232563142,0.019208918353524,0.0226740815140854
"40","GV7627","LM3","gazella",NA,0.0204279656379597,0.0179061298720243,0.0081725104753507,0.0112369092132966,0.0108767631130861,0.0212379477580951,0.232017240369179,0.0752536247652604,0.280505055852837,0.0183225244803873,0.0400977983872132,0.0317437449149632,0.065086446839233,0.0612833467608805,0.00775753735835629,0.0334576305129106,0.0356356990556783,0.0063403020724889,0.0144583496342483,0.00818247292655186
"41","GV7653","LM3","fulvorufulva",NA,0.041321700775286,0.0187046570861086,0.0103709920741063,0.0274124903094949,0.0258224451178263,0.0160935404306539,0.0933235349894202,0.152630704630966,0.0525260093019425,0.0771891319566726,0.141068504620661,0.0240953590931668,0.0608710743621086,0.0271785041330224,0.0241775683252311,0.0362107630402531,0.159330745706248,0.00183049788434164,0.00661683129454466,0.00322494486794572
"42","GV7746","LM3","dorcas",NA,0.163322245175934,0.0507950780781451,0.0703066420866597,0.215754751292549,0.0555047996352238,0.0313805500198895,0.0104337552637237,0.0100126318661794,0.0562411079207403,0.0585770365424677,0.0690789563826977,0.0255524455499293,0.0294035913045014,0.012264401122755,0.00681070373914641,0.0168467314042408,0.0644059476577888,0.016901198577507,0.0174616519612628,0.0189457744186586
"43","GV7758","LM3","ourebi",NA,0.0170365290554456,0.00932331037903105,0.00621711491560797,0.0285622748393855,0.0122339594468677,0.00614918609688331,0.16513079280738,0.0167908995582602,0.10010173857094,0.213894047482826,0.270423088953476,0.0340172015100861,0.0749811499600726,0.00363944468873567,0.00876900199481437,0.00350133123980567,0.00234003321579488,0.00199522219373966,0.0200376246917567,0.00485604839909016
"44","GV7833","LM3","gazella",NA,0.0277317731838676,0.0243981886186198,0.0133395015267651,0.0354507179270281,0.00890157144171275,0.0569391146550044,0.118891261697651,0.0867028031164143,0.309159622908496,0.0223066180096425,0.113575259495309,0.0202154407210182,0.0370633553421536,0.0182859701543546,0.00447761844453822,0.00981242407241807,0.00621348430611235,0.0463867245729938,0.0236805518217632,0.0164679979841371
"45","GV7854","LM3","campestris",NA,0.0083250361917131,0.010410548322884,0.00315502367038346,0.00510583507272452,0.00804461803082771,0.0128376999022736,0.0968117808997768,0.0174784824994765,0.0213673962661225,0.115555599296235,0.27510274337392,0.0702801064711334,0.309768166588437,0.00557474387219718,0.00547442819441006,0.00635876185010288,0.00632263248174917,0.00413443166615649,0.012818786521533,0.00507317882794362
"46","GV7902A","LM3","fulvorufulva",NA,0.0243987715468523,0.0294086111698522,0.00875658164618483,0.0293909209328781,0.029487999888446,0.0204021634741214,0.0950142383486651,0.154093321624425,0.0592712734624366,0.0331780378467903,0.0598367669429206,0.0104706327773668,0.0233452133589723,0.06990690779811,0.0750473098189781,0.0714673444916381,0.193319438554073,0.00230118276165707,0.0070321692485599,0.00387111430707192
"47","GV7923","LM3","gazella",NA,0.0166388308910665,0.00544523658808895,0.00587331296449843,0.0138177208998316,0.0362478475239109,0.0526040707539435,0.152596976759643,0.147312721372745,0.200230053914516,0.034313886224221,0.0475297430999915,0.0226430450781672,0.0254683936544083,0.0376556127047634,0.0567562212873473,0.0295207124197701,0.0394625353851566,0.012048796797214,0.0427217778575862,0.0211125038231314
"48","GV7974","LM3","niger",NA,0.00919225277951037,0.00385422801307871,0.0056382397096116,0.0115308816523474,0.0089123956065806,0.022559792871604,0.144151644564096,0.359475505146119,0.247607193691149,0.0106217670503931,0.0142176523538958,0.00380390062854113,0.00404041690798388,0.0294871470501911,0.0409458676413936,0.0241762702531467,0.0387857777102586,0.00321770137417918,0.0120544795429298,0.00572688545299079
"49","GV7984","LM3","gazella",NA,0.0772425161236228,0.147082490993569,0.040940183322326,0.0452793484179587,0.00768440717949603,0.142197933214986,0.0503474384435587,0.0258444571153853,0.149756143048971,0.0220172686983386,0.060270032326464,0.0109704614573628,0.0498009610485182,0.0415831072394903,0.0251602655900429,0.0267340937668072,0.0227685467245922,0.0220665900379517,0.0210199700107717,0.0112337852397864
"50","GV8089","LM3","dorcas",NA,0.105086706481088,0.119808604458976,0.0309551612695241,0.126936900417424,0.0123030457535508,0.0554864876531467,0.0972692839315792,0.0241983904742853,0.125888680493241,0.0155050375633525,0.0487517093342777,0.0207141287310607,0.0414568251929108,0.0685250565170849,0.00363239557238324,0.0286491239495895,0.0513712557960164,0.00876064640860351,0.00803933899998163,0.00666122100192329
"51","GV8097","LM3","niger",NA,0.0075363803059847,0.00369481974300932,0.00294717772955304,0.00837022631178849,0.00836986614201605,0.0232237618905092,0.203097893605635,0.362585080615151,0.106441398112526,0.00558885901087392,0.00720023108241621,0.00181606080312395,0.00258256823321051,0.0534196203344211,0.0738399253059921,0.0439726116330013,0.0713096489190392,0.00247416403604048,0.00739238048935031,0.00413732569635799
"52","GV8159","LM3","caffer",NA,0.0967455118909198,0.114421219837941,0.0358888171072734,0.0435011823090652,0.0513519722175708,0.227826433868206,0.0300192297119797,0.0159834411369882,0.0513403370272888,0.00855511665273624,0.041618797256492,0.0179604441648655,0.108350327812434,0.0284467293882356,0.0346059586622819,0.0168586240226978,0.025302963032363,0.0107050538177192,0.026945319332477,0.0135725207504655
"53","GV8251","LM3","buselaphus",NA,0.273219382617762,0.0414297589763805,0.0983140287531502,0.173244351796052,0.0317050072844426,0.0166878546687815,0.0133781027995101,0.0190078276464171,0.0252609806443228,0.0105510935473403,0.0453394334169959,0.0292700663101962,0.0183226254176107,0.00464784693892895,0.00598927461404195,0.00407042324675094,0.00766561010898201,0.0136894618673572,0.135570714700253,0.0326361546447235
"54","GV8252","LM3","ourebi",NA,0.0491684890278347,0.0199842244192273,0.0177634375469993,0.126649391560413,0.0459058538769334,0.00783042060507253,0.0527209139478416,0.00826531508322655,0.0638367569556107,0.112798330387973,0.250726989823252,0.0653171072828191,0.0847365534251882,0.0168936220781593,0.0154702847456826,0.00702534780117048,0.00606421205834688,0.00210214609528834,0.036735841184271,0.0100047620946897
"55","GV8285","LM3","equinus",NA,0.00752296537389202,0.0024371743382837,0.00260337440157936,0.00600532782048468,0.0144399727673053,0.0877972230317937,0.21182277996062,0.182980525555925,0.142853126642721,0.063402406098812,0.0883044955537121,0.0228529664901997,0.0348172231612771,0.0182635083739456,0.0256080952916489,0.0188785218744513,0.0193657464479099,0.0109379148277327,0.025669308704871,0.0134373432828356
"56","GV8292","LM3","ourebi",NA,0.022982835289672,0.00459548573550556,0.0041301337207072,0.0123231813345708,0.0383042703468907,0.0106603317209168,0.0167685687992788,0.0410650568658254,0.00918772960609772,0.135096636384768,0.448766345419696,0.0730991863224842,0.135607215991496,0.00380520071872855,0.00363613100005057,0.00448316351866842,0.0158128250469389,0.00292125298389324,0.0114829593431029,0.0052714898507083
"57","GV8293","LM3","ourebi",NA,0.011197138362672,0.0045484672257194,0.00332323624964039,0.0202494651663153,0.00502591246231377,0.0245555562486237,0.048241607598653,0.0121116050436692,0.0355032545064127,0.117402294662942,0.464411799288946,0.0807332811879259,0.10789357271741,0.0103754019686089,0.00117089515111551,0.00666781275900866,0.011983118642466,0.0120492630217823,0.0136577354492452,0.0088985822865299
"58","GV8303","LM3","equinus",NA,0.0426858163997235,0.0180266926341428,0.0137947188995898,0.0655665582015412,0.0194018352449386,0.0092995085927826,0.271547735019061,0.0274712683553761,0.0964274257668671,0.0773110381683726,0.0946391211964336,0.0289412536916756,0.0360591802763194,0.017813588009375,0.0173874197349919,0.0179952601392446,0.0130017635026248,0.00641180886450871,0.104541010406077,0.0216769968963546
"59","GV8305","LM3","niger",NA,0.0276910742004609,0.0143481301666587,0.0206132584016244,0.12362124497656,0.00415858341638553,0.147516355818216,0.0590878070134988,0.175655079135357,0.160993880694493,0.0861027557104967,0.0844362874941965,0.00972716269828016,0.0125026172433596,0.0103891250463899,0.00175084600539113,0.00789427392042346,0.016686687282026,0.0168677396143816,0.0111329447378316,0.00882414642396876
"60","GV8336","LM3","equinus",NA,0.0161424843237476,0.00512220488495384,0.00489946906296609,0.0118264756924183,0.0687836367907492,0.0703718486964005,0.135277367419234,0.129814684216385,0.0958164127561596,0.0396413814952554,0.0511284457364502,0.0231711499204189,0.0415810953392457,0.0582174762704101,0.0880446150161441,0.0455386557712927,0.0602909346183576,0.00989717615082329,0.0281028721858434,0.0163316136527452
"61","GV8336A","LM3","gazella",NA,0.0542918212328131,0.0532875646526186,0.0180131492471735,0.023215936261996,0.0242723366786832,0.0302585696913056,0.0606188738701222,0.0262759869583449,0.145202617338481,0.0272069086102869,0.061462770094663,0.0308503629321557,0.132707692695105,0.07215618653872,0.0552183162957023,0.0660812429019585,0.0398406485783926,0.0131417942654556,0.0493274898706852,0.0165697312853363
"62","GV8358A","LM3","niger",NA,0.032882808871895,0.0222757568861902,0.0142175637779958,0.0623614055408068,0.0153898871986648,0.0368709375678552,0.15583050601378,0.319511376794195,0.041944129417334,0.0261383270222076,0.0309416151897249,0.00683389007536825,0.010449275569813,0.0375064798546172,0.0416712641395295,0.0370588002550491,0.0936441651176267,0.00256414504353969,0.00762519179716063,0.00428247386664649
"63","GV8437","LM3","equinus",NA,0.017473272367931,0.00353217222408755,0.00465262967911309,0.00744094334223782,0.0756339746611166,0.0286421168937689,0.118722124169923,0.083136670010965,0.06615761137141,0.0692217870332197,0.115224178477857,0.0250059197283951,0.0415515798059572,0.0576881164554237,0.0805208945427588,0.0470852689754361,0.0746112554558874,0.0137316232065977,0.0462496554297063,0.0237182061682082
"64","GV8534","LM3","buselaphus",NA,0.275627247063096,0.033786568900775,0.0715914099519563,0.195969326063016,0.0671638317366383,0.0771293113471216,0.0207034002135335,0.0636914397742845,0.0257906712008469,0.0410993446115904,0.0452405543320222,0.0182034552950123,0.0237137707859549,0.00411091473519773,0.00431079186286066,0.00430883254031825,0.0122319980930233,0.0019833640611755,0.00954408760047559,0.00379967983110109
"65","GV8548","LM3","gazella",NA,0.01889984473363,0.00593798991414499,0.00600723855634468,0.0141463844265655,0.056722729712426,0.060966543646914,0.122052873393841,0.122333557549359,0.128851020492204,0.0484782875487815,0.068092186998121,0.0320250777801571,0.0465936261046792,0.0424968419440122,0.064206997572199,0.033263125774861,0.0441623174793833,0.0144945336197504,0.0456829820821993,0.0245858406704262
"66","GV8563","LM3","campestris",NA,0.0125976075292452,0.00611517869471045,0.00426227878181886,0.00566310335320828,0.0583944246722613,0.0612771068877796,0.0289881212602353,0.030290836334888,0.0684252091601586,0.108188563408903,0.148116221748396,0.0735223271462544,0.226413219820199,0.028971223170338,0.0368760991062919,0.0228592844309661,0.0241830102283482,0.00922981864190085,0.0310628788116091,0.0145634868124885
"67","GV8568","LM3","gazella",NA,0.0208733210431876,0.00667375702258792,0.0064766264778829,0.0161738599182862,0.0582103055895158,0.0636638108987688,0.117018529200204,0.102031569045164,0.173450504310881,0.0377039129263554,0.0634641292370343,0.0298268624598304,0.0438269009230863,0.0422748716784834,0.0639289638917595,0.0330698033923976,0.0437926699652812,0.0128177216568713,0.0426555373724875,0.022066342989935
"68","GV8654","LM3","campestris",NA,0.0630070977145893,0.0568807166640726,0.024087354035869,0.0336025032792343,0.0466302765744156,0.0957307306337951,0.0220920386607918,0.0161760251695119,0.0805783240788672,0.0233560331616553,0.0848651446628318,0.0290124553792917,0.229939303527361,0.016685391972991,0.0344550632076185,0.0121416864831986,0.0139323612892085,0.0201489556759175,0.067489858973755,0.0291886788550244
"69","GV8882A","LM3","equinus",NA,0.00450512749016449,0.00289383839056492,0.00156211596599142,0.00227478487592591,0.00434016559505161,0.00933850480474305,0.302921253840935,0.0379021970956196,0.109745367805957,0.125763720078233,0.138586118828623,0.0346607754540611,0.19851384227255,0.000924852643806699,0.00487339176878131,0.00165176751346704,0.00104256504590945,0.00221759328588892,0.0125837082311328,0.00369830901259325
"70","GV8911","LM3","ourebi",NA,0.00725521293568162,0.00626424885969344,0.00256665528775514,0.00624314746279509,0.00655549118806836,0.00603964349697748,0.0547773011428248,0.00849979631047486,0.0115201778570783,0.13864884617772,0.399306845166618,0.0811661021226679,0.246200958942624,0.00140449406171567,0.00244980700968488,0.00203291497689313,0.0016524843716592,0.00329843187246219,0.0101491614988685,0.00396827925773699
"71","GV8944","LM3","campestris",NA,0.00275599432887027,0.00334120018199058,0.00116465853184492,0.00192617764396296,0.0101279500973654,0.00865674934793902,0.0452603244409259,0.00723259056844657,0.00680477110282833,0.193299146193059,0.280974555452648,0.0703391684753017,0.340878727717943,0.00207097764975002,0.0045757004449526,0.00348089096714396,0.0028091128237839,0.00175776896087554,0.00950812870885984,0.00303540636150761
"72","GV8948","LM3","gazella",NA,0.00334631784506497,0.00202278947451202,0.00126705088008694,0.00126725250840939,0.00284163365845573,0.0152284403909791,0.358017319074399,0.0789193091405915,0.401220290046745,0.019243047040079,0.0224051531404424,0.0106364949414341,0.0463272157754164,0.00181883614506114,0.00606832970736072,0.00405042811509893,0.00179294648399716,0.00333299285858273,0.0148393568227764,0.00535479595050644
