"","teeth_ref_gladysvale","type","pred_class","real_class","Alcelaphini","Antilopini","Bovini","Hippotragini","Neotragini","Reduncini","Tragelaphini"
"1","GV4715","UM1","Hippotragini",NA,0.011132312043978,0.025866701770536,0.0714332378109646,0.504462813612785,0.199077834999949,0.11651218610599,0.0715149136557984
"2","GV4819","UM1","Neotragini",NA,0.067213963114393,0.00397371778501318,0.0538221755329482,0.0323753977557874,0.812072886699485,0.0122942992188014,0.0182475598935717
"3","GV4820","UM1","Hippotragini",NA,0.0142905389105279,0.010943019198833,0.0413966728622283,0.837134726642104,0.0289987424078187,0.0463892404132214,0.0208470595652663
"4","GV4825","UM1","Neotragini",NA,0.15111967906649,0.00437438060259755,0.0228017320380509,0.0366068287328647,0.735893053329338,0.0399258870939003,0.00927843913675822
"5","GV4955","UM1","Neotragini",NA,0.0369549403627528,0.0159021766781354,0.028607338274771,0.297321817612292,0.57055434009742,0.0113925404874865,0.0392668464871428
"6","GV5073","UM1","Hippotragini",NA,0.0178729651274182,0.0222432539438414,0.0610827776674137,0.616434992028313,0.13898583833265,0.0905481935953464,0.0528319793050165
"7","GV5119","UM1","Hippotragini",NA,0.0723137089780226,0.0307566699859371,0.0602851649313722,0.449119004472304,0.192988188695102,0.104349691869642,0.0901875710676198
"8","GV5183C","UM1","Hippotragini",NA,0.0108777525901102,0.0243214386094527,0.0654381577153059,0.549437557610267,0.169652324937344,0.11421101263732,0.0660617559002001
"9","GV5251","UM1","Hippotragini",NA,0.0111023692252046,0.0258760029839973,0.071762152100445,0.503267581937726,0.199319009452545,0.11689628614217,0.0717765981579116
"10","GV5256","UM1","Hippotragini",NA,0.0113574463974193,0.0257829210096827,0.0677233373562589,0.520003851310603,0.194846972179404,0.110492960447774,0.0697925112988579
"11","GV5264","UM1","Neotragini",NA,0.0790761308200847,0.00327476596581298,0.0039623167315654,0.0120028394101039,0.884377984073015,0.0138525801779687,0.00345338282144965
"12","GV5285","UM1","Neotragini",NA,0.239223961571739,0.00301799797709403,0.107728313569387,0.115220584503629,0.491255361258951,0.0156762059910744,0.0278775751281266
"13","GV5288","UM1","Hippotragini",NA,0.00778215306510097,0.00619134152261618,0.0334529456515528,0.584961109760621,0.322133604508181,0.0396404906586387,0.00583835483328942
"14","GV5309","UM1","Neotragini",NA,0.0106645985017664,0.00574193827344848,0.0028877293903873,0.00432295258768693,0.832503959404285,0.0123485402168064,0.13153028162562
"15","GV5335","UM1","Alcelaphini",NA,0.964132065028018,0.00539706978174236,0.00769477093466558,0.0101132069917186,0.00410049148496892,0.00691268988275476,0.00164970589613181
"16","GV5341","UM1","Hippotragini",NA,0.00876944704939827,0.0190457541443078,0.0870147777098123,0.476686672940251,0.178143423510048,0.195063448603184,0.0352764760429985
"17","GV5371","UM1","Alcelaphini",NA,0.429280525756751,0.00575298799279946,0.0060445565050031,0.41455128081823,0.102199927085034,0.032004937432973,0.0101657844092089
"18","GV5385","UM1","Hippotragini",NA,0.070790485177196,0.016401714426417,0.0414233641232311,0.641720913551693,0.118504286193886,0.0592734515533277,0.0518857849742487
"19","GV5852","UM1","Hippotragini",NA,0.0280501425354492,0.00632826697131058,0.0301558248508396,0.883318663162266,0.0276795685056154,0.0202636041530316,0.00420392982148775
"20","GV5853","UM1","Neotragini",NA,0.139821832312036,0.00252315685513633,0.0209205410855537,0.00588551859272972,0.803410220682086,0.0159497929180287,0.0114889375544306
"21","GV5854","UM1","Hippotragini",NA,0.00592486757079088,0.0044681262234677,0.0139830672521536,0.877914160157335,0.0635547517382945,0.024482386522244,0.00967264053571297
"22","GV6051","UM1","Hippotragini",NA,0.0744170460932846,0.00790704534235183,0.0237394724750695,0.82762882640257,0.0358532201119501,0.0239278224256238,0.00652656714915012
"23","GV6161","UM1","Hippotragini",NA,0.0110882571924845,0.0261330008473306,0.071247988071812,0.506194386346824,0.196976825315138,0.116985747307732,0.071373794918679
"24","GV6162","UM1","Hippotragini",NA,0.00635654998294879,0.0120398837572835,0.0277134199532401,0.784628102250078,0.106134813650246,0.0558232753329785,0.00730395507322508
"25","GV6258","UM1","Hippotragini",NA,0.0130187202753294,0.0262185096864405,0.0659998663667813,0.607647698986774,0.136591011335631,0.0953622607238299,0.0551619326252136
"26","GV6925","UM1","Hippotragini",NA,0.00480052777292729,0.0043683436516888,0.0365807339298415,0.828594574071245,0.075487129929787,0.0448253745653624,0.00534331607914798
"27","GV6941","UM1","Alcelaphini",NA,0.562197083644409,0.00901456568449483,0.00624343957743885,0.362295947578088,0.0491274342565682,0.00785977226013575,0.00326175699886489
"28","GV6946","UM1","Alcelaphini",NA,0.376957720294524,0.00849621974658515,0.0426940358262703,0.298181689661784,0.217456840977748,0.0386185206313414,0.0175949728617475
"29","GV7028","UM1","Neotragini",NA,0.0330437205673804,0.25769333116281,0.0143136637406903,0.00698644261987612,0.614489131829227,0.00730702851206604,0.0661666815679495
"30","GV7068","UM1","Neotragini",NA,0.0141519382156559,0.136241279742688,0.0465369323687877,0.135681480660646,0.469774580115382,0.139163057829992,0.0584507310668489
"31","GV7075","UM1","Neotragini",NA,0.0122581457271312,0.0128885527408963,0.00125300509349709,0.000892000944462841,0.933421372936448,0.0239242371865693,0.015362685370995
"32","GV7112","UM1","Hippotragini",NA,0.0132058111486333,0.0146871750682365,0.0310210915844224,0.762664141443323,0.101211268863895,0.056510347938812,0.0207001639526788
"33","GV7113","UM1","Neotragini",NA,0.018301245302253,0.172880245849665,0.0389487653795521,0.23229086018654,0.324369212003898,0.0991303292782422,0.114079341999849
"34","GV7226","UM1","Hippotragini",NA,0.121170315894418,0.025911136802115,0.0760348905588427,0.478472178081325,0.157829703913646,0.087024965974274,0.0535568087753787
"35","GV7516","UM1","Hippotragini",NA,0.0110744566560394,0.0257645466056603,0.0720682703324438,0.501174626172729,0.200368406663456,0.117421781610085,0.0721279119595864
"36","GV7524","UM1","Hippotragini",NA,0.00400046826539801,0.00527055170013764,0.0243214235621607,0.879156550892481,0.0264499624975934,0.0530321270345922,0.00776891604763756
"37","GV7530","UM1","Hippotragini",NA,0.0126755346752011,0.0145580183518593,0.108064002893198,0.570368716783711,0.152822585303404,0.113867272494894,0.0276438694977321
"38","GV7540","UM1","Alcelaphini",NA,0.729357305909784,0.00259121827088712,0.00897439780137027,0.048047379512914,0.190840040114756,0.0170498451537527,0.00313981323653544
"39","GV7570","UM1","Hippotragini",NA,0.0882705354047794,0.103020924452228,0.0484823383724559,0.383200936809662,0.262925806646646,0.0467078987737828,0.0673915595404458
"40","GV7627","UM1","Neotragini",NA,0.16851044083513,0.112175258401515,0.0224122533330786,0.205582823218718,0.385636311304755,0.0309395604817835,0.0747433524250197
"41","GV7653","UM1","Alcelaphini",NA,0.266706697424018,0.0309130620187988,0.0465067653060236,0.436031865326242,0.128207741440177,0.0728019393464102,0.0188319291383313
"42","GV7746","UM1","Hippotragini",NA,0.0128281136176624,0.0157022546527598,0.06024385490234,0.67192833033471,0.122971555435328,0.0821281826729005,0.0341977083842993
"43","GV7758","UM1","Hippotragini",NA,0.0152333219512489,0.0131954346597692,0.0966991766451286,0.57552909821245,0.186596238476138,0.0905791159386154,0.0221676141166495
"44","GV7833","UM1","Neotragini",NA,0.348756010843367,0.00305181809486191,0.0227600972509773,0.0672528888465611,0.522455915054329,0.0174278731297598,0.0182953967801427
"45","GV7854","UM1","Alcelaphini",NA,0.463111878142865,0.0291792057383228,0.015043159562806,0.26172425582017,0.1814653969513,0.0329067326598956,0.0165693711246406
"46","GV7902A","UM1","Hippotragini",NA,0.0592481028994333,0.0268947624124038,0.0547005802143701,0.520054529342894,0.193405399642475,0.0875000813833981,0.0581965441050262
"47","GV7923","UM1","Hippotragini",NA,0.0108700412336351,0.0262657078202728,0.0681925604525305,0.540618967399883,0.174773690797789,0.111982697841393,0.0672963344544962
"48","GV7974","UM1","Hippotragini",NA,0.0513322561488739,0.0214995257491909,0.045613106207281,0.56757833829029,0.181726036417419,0.0752703497704689,0.056980387416476
"49","GV7984","UM1","Alcelaphini",NA,0.228694862699276,0.0316003460956046,0.0534387995128143,0.324112392139795,0.190342980476812,0.087447957217565,0.0843626618581333
"50","GV8089","UM1","Hippotragini",NA,0.242443886621636,0.0512134151164043,0.0422874512711304,0.368680582292193,0.233807399237525,0.0315300282673875,0.0300372371937233
"51","GV8097","UM1","Hippotragini",NA,0.082557258371639,0.0234504849133528,0.0557932653648288,0.471528104949812,0.205053264638079,0.0827510566862953,0.0788665650759939
"52","GV8159","UM1","Hippotragini",NA,0.087755388834754,0.0406284040370844,0.071165779627534,0.385578538722609,0.212119928734507,0.119839999634521,0.0829119604089912
"53","GV8251","UM1","Hippotragini",NA,0.0332185481554577,0.0103794252193183,0.0290383539398768,0.796132383898166,0.078171041194919,0.0418970028823891,0.0111632447098733
"54","GV8252","UM1","Hippotragini",NA,0.011376965805237,0.01470289439819,0.0898694405471806,0.582238774735911,0.193617808069013,0.0812632283631658,0.0269308880813031
"55","GV8285","UM1","Hippotragini",NA,0.010731354594199,0.0246138164144655,0.0703429889873566,0.518923514620194,0.196036159222974,0.10995698781289,0.0693951783479206
"56","GV8292","UM1","Hippotragini",NA,0.0801643600509483,0.0142923508720382,0.0385823573753728,0.723447436069021,0.0515254454132678,0.0620642241110688,0.0299238261082832
"57","GV8293","UM1","Alcelaphini",NA,0.725908358071883,0.00520236943450911,0.00540549836011945,0.0569909801575704,0.1780736343052,0.0231091223640863,0.00531003730663206
"58","GV8303","UM1","Hippotragini",NA,0.0140306833446514,0.011333816894974,0.0544413809141282,0.752247108151615,0.0886004199115514,0.0581591598501588,0.0211874309329209
"59","GV8305","UM1","Hippotragini",NA,0.0681871619772362,0.00440825759728207,0.0152138327515325,0.822324987827773,0.0517002641209903,0.0335433949798368,0.00462210074534917
"60","GV8336","UM1","Hippotragini",NA,0.0110870306533436,0.025759077372702,0.0724357200777171,0.499414915372222,0.201287469743479,0.117641508720653,0.0723742780598826
"61","GV8336A","UM1","Alcelaphini",NA,0.441024161993058,0.154125474497139,0.0113474879335445,0.0321917270729466,0.269033349903989,0.0288230717296473,0.0634547268696751
"62","GV8358A","UM1","Hippotragini",NA,0.0984502460615043,0.0191158410771675,0.066318044520064,0.518697107189361,0.152578331301804,0.0877040677997495,0.0571363620503494
"63","GV8437","UM1","Neotragini",NA,0.0302166730146347,0.0085982237852821,0.0275628786983562,0.100255672038776,0.764779244090679,0.0480926620140793,0.0204946463581931
"64","GV8534","UM1","Hippotragini",NA,0.0275019701325715,0.0176163303426871,0.0402757294782993,0.753000393427602,0.0586892640958415,0.0660062747701113,0.0369100377528879
"65","GV8548","UM1","Hippotragini",NA,0.0115491457097456,0.0270038973953484,0.0699427529907825,0.509344482847264,0.189138548630043,0.121191332440651,0.0718298399861655
"66","GV8563","UM1","Neotragini",NA,0.0200416413769769,0.130775132548903,0.0641979324983885,0.0394505016191996,0.366354024102216,0.0952657949723088,0.283914972882007
"67","GV8568","UM1","Hippotragini",NA,0.0111189026377893,0.0259270828381928,0.0717604647530936,0.502434574236573,0.199871085117777,0.116941298501509,0.0719465919150644
"68","GV8654","UM1","Neotragini",NA,0.071857711704936,0.113818913242584,0.0832454694827028,0.0416058499164415,0.571575199997799,0.0425976463218145,0.0752992093337227
"69","GV8882A","UM1","Hippotragini",NA,0.00661689537040236,0.00485453903695934,0.0233536152527979,0.714997757457177,0.196862033978164,0.0483727249771429,0.0049424339273561
"70","GV8911","UM1","Alcelaphini",NA,0.499722002037125,0.0544643489194228,0.0199473101343381,0.334592730242958,0.0551948575610611,0.0236447742809341,0.0124339768241612
"71","GV8944","UM1","Neotragini",NA,0.0576005698301184,0.00101955666834225,0.00364714957624111,0.00993695685905087,0.906276163324707,0.0195633779351979,0.00195622580634182
"72","GV8948","UM1","Hippotragini",NA,0.00719645377189264,0.0385472076590759,0.0138283796071853,0.758901033723343,0.150811170697653,0.0152801902449965,0.015435564295853
