"","teeth_ref_gladysvale","type","pred_class","real_class","Alcelaphini","Antilopini","Bovini","Hippotragini","Neotragini","Reduncini","Tragelaphini"
"1","GV4715","UM2","Hippotragini",NA,0.0129056488293248,0.0268437955602428,0.122556993932159,0.317485648303577,0.251629289052753,0.170492667158022,0.0980859571639229
"2","GV4819","UM2","Alcelaphini",NA,0.651369918326138,0.058950930606377,0.0486145355293264,0.0595841184663105,0.0749751815422947,0.0777786532817004,0.0287266622478534
"3","GV4820","UM2","Hippotragini",NA,0.0124950907530494,0.0222550570521836,0.119568754708894,0.397180579029567,0.259100217136187,0.119638986088341,0.0697613152317788
"4","GV4825","UM2","Neotragini",NA,0.0295867683372607,0.0727221674343784,0.0111096237718951,0.0219460174761591,0.839359283858678,0.0173828085071885,0.00789333061444032
"5","GV4955","UM2","Neotragini",NA,0.041844989500131,0.0888135308308401,0.0642143562106359,0.24805599366669,0.495684363281788,0.0282744768294186,0.0331122896804959
"6","GV5073","UM2","Hippotragini",NA,0.156426089686648,0.040929822010001,0.107324370723509,0.352180674458683,0.171768638491351,0.115861126830435,0.0555092777993727
"7","GV5119","UM2","Neotragini",NA,0.0697047576772931,0.156916198913631,0.0449407411885635,0.0582757079992508,0.461042657443761,0.0308953706868895,0.178224566090612
"8","GV5183C","UM2","Hippotragini",NA,0.0128301884977705,0.0269417927637923,0.12203920113146,0.318652302200655,0.251755134503216,0.170028856344587,0.0977525245585188
"9","GV5251","UM2","Hippotragini",NA,0.0125766774731914,0.0262257688857507,0.120789891097312,0.317374556543998,0.259077071762716,0.16795061160806,0.096005422628972
"10","GV5256","UM2","Hippotragini",NA,0.0128799678930167,0.0232607848891796,0.123852625696428,0.315919179427265,0.273724000683822,0.162144545498523,0.0882188959117654
"11","GV5264","UM2","Neotragini",NA,0.0101320943820991,0.0203692076936046,0.0310863493044262,0.294468916782964,0.526265814553611,0.108600164977917,0.00907745230537834
"12","GV5285","UM2","Alcelaphini",NA,0.216980516500744,0.0361930227412091,0.11655569730463,0.315454893168762,0.120614590599555,0.145386661312956,0.0488146183721453
"13","GV5288","UM2","Neotragini",NA,0.00567227293465302,0.0170610744183579,0.0198974312957896,0.25822248880426,0.64479749268761,0.0431649994176151,0.0111842404417143
"14","GV5309","UM2","Neotragini",NA,0.00202267527096923,0.00962809888559563,0.00348089541012481,0.00975235421259061,0.952955030188207,0.0172184871397978,0.0049424588927144
"15","GV5335","UM2","Alcelaphini",NA,0.708632771944553,0.0351913913695925,0.0611082934688344,0.0975350250581626,0.0301941718762624,0.044320345542036,0.0230180007405589
"16","GV5341","UM2","Hippotragini",NA,0.0132837559365765,0.0306376696859796,0.0615486391808927,0.416962507881831,0.230586579801,0.185276966759166,0.0617038807545543
"17","GV5371","UM2","Hippotragini",NA,0.0192858048561282,0.00922302536959697,0.01553752579738,0.478910017121428,0.226539331980595,0.230785453093322,0.0197188417815506
"18","GV5385","UM2","Neotragini",NA,0.00168213442739919,0.00375996207533921,0.00266808886565131,0.0235620912888382,0.957444702422057,0.00443783415234985,0.00644518676836487
"19","GV5852","UM2","Neotragini",NA,0.0354367464516318,0.0500246658294385,0.075468151497327,0.243846920792457,0.523207933367007,0.0417051400981985,0.0303104419639406
"20","GV5853","UM2","Neotragini",NA,0.0139795386263729,0.00753799663693321,0.00688081163448007,0.0406428704784525,0.860715429985375,0.0456873333098986,0.024556019328488
"21","GV5854","UM2","Hippotragini",NA,0.00726156177019007,0.0207478389235835,0.0533621026224941,0.47581586479826,0.163470671115825,0.254042146516105,0.0252998142535435
"22","GV6051","UM2","Hippotragini",NA,0.0195653986992094,0.0356647039505829,0.0713704550932645,0.385782604992812,0.353536343887406,0.0931428673301408,0.040937626046584
"23","GV6161","UM2","Hippotragini",NA,0.0127155695237044,0.0262947242020298,0.124632915392149,0.319738295505971,0.247882496560857,0.1714045818778,0.0973314169374884
"24","GV6162","UM2","Hippotragini",NA,0.00603087338128984,0.0198173502501516,0.0569444130299391,0.409610593930871,0.194050962052569,0.289698827173995,0.0238469801811841
"25","GV6258","UM2","Hippotragini",NA,0.0121191751265435,0.0248026830176153,0.120809362693317,0.315717183136639,0.260237582895243,0.173849712907339,0.0924643002233034
"26","GV6925","UM2","Hippotragini",NA,0.00788078874593856,0.0180318920445855,0.0407169528824053,0.411914776034298,0.329804337063479,0.17066258608082,0.0209886671484734
"27","GV6941","UM2","Alcelaphini",NA,0.304046992103499,0.0654148675761383,0.0383196745620159,0.0820586818681306,0.449552452978766,0.0526705701756885,0.00793676073576224
"28","GV6946","UM2","Alcelaphini",NA,0.718534026923653,0.0522583507621945,0.0373739595338271,0.0635523567283269,0.0393121841317198,0.076143687200411,0.0128254347198676
"29","GV7028","UM2","Hippotragini",NA,0.0122488213469412,0.0574374142561772,0.0534040904705859,0.331183274513428,0.166549168827396,0.278102291755791,0.10107493882968
"30","GV7068","UM2","Neotragini",NA,0.00527643275523162,0.0194872465172303,0.0386285675145291,0.123018577881876,0.684040794797118,0.0991365073109368,0.0304118732230782
"31","GV7075","UM2","Neotragini",NA,0.00135002062000226,0.0375026180583873,0.00192481126001572,0.00114423586841702,0.94742794312863,0.00422733993277634,0.00642303113177144
"32","GV7112","UM2","Hippotragini",NA,0.0126001821926249,0.023793444701526,0.103111975357472,0.434573125219505,0.256471141807163,0.112602989423921,0.0568471412977878
"33","GV7113","UM2","Neotragini",NA,0.00808139236114398,0.0352324262359378,0.0429304086198495,0.173176902222908,0.516056970071849,0.129346797697438,0.0951751027908741
"34","GV7226","UM2","Alcelaphini",NA,0.216847430106322,0.0581560093718062,0.102172028839024,0.32120883160673,0.111303576560886,0.144593228579538,0.0457188949356932
"35","GV7516","UM2","Hippotragini",NA,0.0128111831225762,0.0267266600134783,0.122071711309163,0.320681024905691,0.249823653682631,0.17122833974153,0.0966574272249298
"36","GV7524","UM2","Hippotragini",NA,0.0129535720941511,0.0271831861587138,0.122327459880929,0.317093786881086,0.250182569650959,0.171587272436329,0.0986721528978318
"37","GV7530","UM2","Hippotragini",NA,0.00882140447974411,0.0129121679556971,0.0813871396472682,0.542280240226292,0.15164084819361,0.175873152758804,0.0270850467385853
"38","GV7540","UM2","Neotragini",NA,0.023101948474033,0.025037468533834,0.0158572776995682,0.251792735359024,0.325775575851755,0.355091838557733,0.00334315552405257
"39","GV7570","UM2","Hippotragini",NA,0.0125944599984197,0.0158482365737348,0.135733676922189,0.422888431611606,0.260615181067885,0.136184405967773,0.0161356078583932
"40","GV7627","UM2","Neotragini",NA,0.0806509795204713,0.0574952034569037,0.0314366571178527,0.109333273121892,0.581700392210136,0.118254923171817,0.0211285714009273
"41","GV7653","UM2","Alcelaphini",NA,0.226923753793047,0.205708698757056,0.0380614350424923,0.231790295292363,0.224944476839917,0.0471735526827944,0.0253977875923304
"42","GV7746","UM2","Hippotragini",NA,0.014712601710103,0.0268934474920946,0.0774057013611371,0.367881547183334,0.369538235232469,0.0800165945675014,0.063551872453361
"43","GV7758","UM2","Hippotragini",NA,0.00786132408489174,0.0119461862932272,0.0651881279362643,0.671917468299248,0.127587018219653,0.101714221547594,0.0137856536191208
"44","GV7833","UM2","Alcelaphini",NA,0.731241848551737,0.0399723467701853,0.0352539791968553,0.0666171491798394,0.0531145907608865,0.0601967022640517,0.0136033832764446
"45","GV7854","UM2","Reduncini",NA,0.0644581615705623,0.0319517447833251,0.0177836775227796,0.193950239114244,0.176090627608747,0.506657982206699,0.00910756719364256
"46","GV7902A","UM2","Neotragini",NA,0.0922555505103019,0.0548587286700318,0.0823296466485921,0.0962547551666017,0.630939302112331,0.016687739912021,0.0266742769801205
"47","GV7923","UM2","Hippotragini",NA,0.0127399089906773,0.0268317762577611,0.12136063961068,0.316723672249192,0.256284122137639,0.16864470501152,0.0974151757425301
"48","GV7974","UM2","Neotragini",NA,0.136325708488246,0.0952834774253146,0.0762928497148832,0.223179465204252,0.300322532872508,0.0648460193732703,0.103749946921526
"49","GV7984","UM2","Alcelaphini",NA,0.364866372149493,0.0996688788979111,0.049054926787698,0.193491037471191,0.162285102345072,0.0624104662656749,0.0682232160829594
"50","GV8089","UM2","Alcelaphini",NA,0.328504289457214,0.199954139455785,0.0252351825309443,0.19563418474444,0.197058672486328,0.039354738207291,0.0142587931179978
"51","GV8097","UM2","Alcelaphini",NA,0.401187076324797,0.0619282388265376,0.0817223329441218,0.154026501174141,0.137284242165253,0.109872260881376,0.0539793476837728
"52","GV8159","UM2","Neotragini",NA,0.0382411881140776,0.0345660827805214,0.0126153273451135,0.0669260003911349,0.801598187177275,0.0143034325960303,0.0317497815958468
"53","GV8251","UM2","Hippotragini",NA,0.0134763303934026,0.0210488067828077,0.116103456356057,0.446727960315449,0.238496131746276,0.107291769659288,0.0568555447467196
"54","GV8252","UM2","Hippotragini",NA,0.0107654009049176,0.0210215672039872,0.162580409812875,0.453983027889505,0.155724208465875,0.136872567815812,0.0590528179070279
"55","GV8285","UM2","Hippotragini",NA,0.0115525509990539,0.0250578732498026,0.119833458169022,0.342407865103126,0.27138507840762,0.142488886952737,0.0872742871186384
"56","GV8292","UM2","Hippotragini",NA,0.137920859359034,0.103240528421528,0.0660589581438863,0.395733954967754,0.17759635353636,0.0891538646682982,0.0302954809031398
"57","GV8293","UM2","Alcelaphini",NA,0.618001309003843,0.074262076827002,0.0250880649293985,0.0670160646456578,0.090660515268167,0.113169248150203,0.0118027211757286
"58","GV8303","UM2","Hippotragini",NA,0.0144782526315858,0.0255352026150024,0.116076098271283,0.493811147660835,0.203677264074998,0.096424468162426,0.0499975665838687
"59","GV8305","UM2","Hippotragini",NA,0.136000867540485,0.0598076233006087,0.049128188095844,0.468842415690746,0.176014307070399,0.0919112519167602,0.0182953463851578
"60","GV8336","UM2","Hippotragini",NA,0.0131935163969595,0.0272537324748745,0.12329553401425,0.317077279993215,0.247059958007065,0.173427174666985,0.0986928044466517
"61","GV8336A","UM2","Alcelaphini",NA,0.363956793369303,0.26919749939925,0.0125440064739398,0.0264022630670419,0.274979165056902,0.0372918727451417,0.0156283998884223
"62","GV8358A","UM2","Hippotragini",NA,0.0636054300393985,0.0338047468860268,0.0989702879182702,0.555368046641919,0.102959048994261,0.0911364739506173,0.0541559655695069
"63","GV8437","UM2","Hippotragini",NA,0.0146692330227912,0.0307115617763332,0.122213872232585,0.320471260353254,0.245268974952084,0.174841108391227,0.0918239892717258
"64","GV8534","UM2","Hippotragini",NA,0.0238375056341888,0.0459120645899842,0.0941423550213541,0.393618393096962,0.253365853605754,0.117991364591267,0.0711324634604897
"65","GV8548","UM2","Hippotragini",NA,0.0126652247717944,0.0266176306935783,0.121503057458251,0.321352998727354,0.248959903119368,0.172845117142378,0.0960560680872744
"66","GV8563","UM2","Neotragini",NA,0.0102351486013406,0.0161383798908667,0.0516420222159024,0.228018901226357,0.335403503476774,0.224224411123811,0.134337633464948
"67","GV8568","UM2","Hippotragini",NA,0.0129586342096379,0.0268875278902789,0.12651022581539,0.324899187527995,0.241767674195025,0.169581310974871,0.0973954393868011
"68","GV8654","UM2","Antilopini",NA,0.0383704919217336,0.20898559791091,0.050397026036895,0.110967962154955,0.384887572004811,0.0180257685407401,0.188365581429955
"69","GV8882A","UM2","Neotragini",NA,0.00705785763751309,0.0309326998525765,0.0274074923978874,0.324977805677408,0.509228574615792,0.0879771717792526,0.0124183980395713
"70","GV8911","UM2","Alcelaphini",NA,0.505300295389742,0.216480705247065,0.0218655222012366,0.0429689236469661,0.189384421277039,0.0179893414731828,0.00601079076476863
"71","GV8944","UM2","Neotragini",NA,0.0115370407112366,0.0412878074923309,0.00494065481348865,0.0278994404412069,0.73848911208105,0.170734735375058,0.0051112090856298
"72","GV8948","UM2","Reduncini",NA,0.0062623122852258,0.0193542338150166,0.0496755434335947,0.344053968464423,0.154374384984798,0.400027430596031,0.0262521264209104
