0.20523,0.19288,0.21747,0.41648,0.44419,0.082112,-0.16483,-0.1241,-0.072358,-0.075874,-0.054431,-0.017361,0.020821,0.047568,0.0276,0.024245,0.029848,0.029697,0.018051,0.024232,0.032169,0.007051,-0.032926,-0.046322,-0.037842,-0.034847,-0.026352,-0.041962,-0.057427,-0.026529,-0.007294,0.064642,0.12114,0.050422,-0.0081913,-0.058015,-0.0528,-0.030271,-0.02454,-0.038916,-0.057365,-0.067272,-0.068599,-0.073384,-0.11442,-0.17508,-0.083537,0.034079,0.085299,0.14441,0.13294,0.12662,0.10988,-0.022743,-0.15974,-0.18529,-0.11181,-0.081478,-0.091438,-0.086806,-0.08605,-0.088528,-0.0801,-0.070278,-0.063936,-0.046668,-0.027866,-0.0050752,-0.016033,-0.050457,0.012811,0.098813,0.13085,0.1269,0.1345,0.098323,-0.045409,-0.06803,0.088195,0.23365,0.22802,0.11022,-0.011306,-0.03019,-0.01237,0.010662,0.01421,0.01407,0.023482,0.031712,0.041512,0.059921,0.038822,-0.045412,-0.073687,-0.014686,0.056207,0.0042212,-0.23568,-0.38,-0.45412,-0.20763,-0.074303,-0.12777,-0.11543,-0.031684,0.12142,0.081282,-0.0089515,-0.04334,-0.0084558,0.046469,0.043102,0.01023,-0.018088,-0.015176,0.0076995,0.022053,0.019741,0.02687,0.034956,0.0070449,-0.041538,-0.08914,-0.071955,-0.049268,-0.061787,-0.060731,-0.032664,0.025281,0.069801,0.28031,0.3257,0.075213,0.03546,0.082788,0.058691,0.039414,0.037889,0.070908,0.12546,0.18028,0.19607,0.13918,0.042598,-0.0065343,-0.17293,-0.25768,-0.1952,-0.0115,0.13744,-0.028395,-0.08428,0.050554,0.16647,0.21798,0.13739,-0.019178,-0.084748,-0.085872,-0.075709,-0.057776,-0.030574,0.040085,0.081753,-0.0028973,-0.046778,-0.037607,-0.08292,-0.1016,-0.066823,-0.038436,-0.019416,-0.042928,-0.05691,-0.020372,-0.025018,-0.045666,-0.075364,-0.10529,-0.1185,-0.022236,0.12078,0.12184,0.10862,0.079875,0.066288,0.063019,0.052879,0.050887,0.058008,0.061695,0.062925,0.061334,0.059861,0.077967,0.16505,0.15975,-0.065748,-0.24682,-0.51035,-2.7489,-0.91392,-0.43198,0.33393,0.0036819,0.22287,-0.29616,-0.093375,0.18108,0.67658,-0.34534,-0.34677,0.11967,-0.13268,0.26755,-0.098658,0.28341,-0.40676,0.10889,0.16792,-0.051988,0.059056,0.15337,-0.26087,0.27755,-0.059117,0.057191,0.018904,-0.18789,2.3612,0.86255,1.403,0.01335,-1.253,0.54496,-0.53061,0.27892,-0.5398,-0.030162,0.14728,0.23502,-0.79958,-0.056425,0.35025,0.13785,0.27864,0.20565,-0.40449,-0.16739,-0.16094,0.041928,0.071056,0.32811,0.13806,0.26782,-0.24149,-0.094282,-0.18187,-0.25342,2.039,1.4047,0.39961,-0.21204,-0.53485,-0.13307,-0.87778,-0.52602,0.65965,0.043576,-0.02456,-0.30233,0.099198,-0.08183,-0.22213,-0.14772,0.081991,0.21472,-0.46984,0.16974,-0.11173,-0.031206,-0.32649,-0.007056,-0.050811,-0.093525,-0.16264,-0.037191,-0.039583,-0.020562,0.0095137,1.6437,-1.2075,0.29265,-0.38297,0.61466,0.71767,0.10596,-0.060815,0.15543,-0.026021,0.24679,-0.15034,0.059304,0.10115,0.11018,0.22579,0.37292,-0.44352,0.11575,-0.035075,0.37709,0.2776,-0.014374,-0.045622,0.38897,0.26844,0.18002,0.049076,0.29691,2.9408,-1.5388,-0.62143,-0.017868,-0.44073,0.033982,-0.62091,0.54053,0.14478,-0.047005,-0.29596,-0.21421,-0.099905,0.20451,0.32493,0.13607,0.25924,0.087554,-0.024229,0.13248,-0.38223,0.35657,-0.29175,-0.087085,-0.051954,-0.045946,0.031466,-0.27572,0.077891,0.10133,-0.10245,1.828,0.94498,0.46976,0.31781,-0.57002,-0.021494,-0.35382,-0.47417,-0.28602,-0.17087,0.044533,0.03132,-0.19348,-0.29058,0.18219,0.039889,-0.12415,-0.25777,-0.2375,0.0077986,-0.35367,0.0038209,0.11604,-0.13668,0.11306,-0.18779,-0.12689,-0.084087,0.097847
-0.16573,-0.18562,-0.2716,-0.07881,0.26897,0.28394,0.045753,-0.091547,-0.11753,-0.12738,-0.13223,-0.093055,-0.058029,-0.081696,-0.052884,-0.029644,-0.0788,-0.085375,-0.016443,0.07446,0.11468,0.085405,-0.0069653,-0.09821,-0.053508,0.18092,0.41786,0.49166,0.38609,0.15912,-0.22174,-0.43282,-0.38867,-0.44795,-0.3127,-0.27129,-0.36264,-0.26102,-0.099975,-0.024156,-0.015882,-0.020533,-0.026818,-0.03967,-0.03695,0.032321,0.0037766,-0.049595,0.044549,0.1238,0.18934,0.22764,0.23009,0.14997,0.061129,0.016624,-0.0053318,-0.04735,-0.068922,-0.057095,-0.043558,-0.039916,-0.0504,-0.095296,-0.13412,-0.10889,-0.081147,-0.090547,-0.19486,-0.40715,-0.32301,-0.20758,-0.066571,0.12914,0.29383,0.38785,0.41774,0.26221,0.087363,0.096234,0.12576,0.088096,0.024898,-0.024258,-0.039361,-0.027925,-0.0096463,0.00023682,0.002617,6.7707e-05,-0.050588,-0.091734,-0.057369,-0.0018486,0.022312,0.0081799,-0.0055892,0.13366,0.31731,0.36134,-0.14687,-0.035015,0.054066,-0.047384,-0.14358,-0.19032,-0.13074,-0.0008236,0.050044,0.041884,-0.025575,-0.073696,-0.064809,-0.05079,-0.082275,-0.1332,-0.15512,-0.12599,-0.024596,0.074968,0.11251,0.085611,-0.0025191,-0.10531,-0.14528,-0.1483,-0.19355,-0.23033,-0.20189,-0.015896,0.23212,0.64948,0.80282,0.41437,0.36343,0.4659,0.46923,0.45915,0.28283,0.06753,0.059141,0.070368,0.065782,0.042373,-0.0020365,-0.18912,-0.36178,-0.35872,-0.2171,-0.10752,0.023121,0.031351,-0.12747,-0.093092,0.026553,0.09607,0.068549,-0.014415,-0.025231,0.0096802,0.030353,0.028069,-0.0099086,-0.10574,-0.22367,-0.28282,-0.18016,0.064367,0.00077326,-0.093529,-0.019553,0.014837,-0.048674,-0.1417,-0.13758,-0.089028,-0.064529,-0.066864,0.020346,0.095089,0.076423,0.057333,0.045688,0.058457,0.082318,0.069067,0.033979,0.017862,0.01432,0.0085781,0.00021129,-0.012772,0.013303,0.11559,0.15143,0.097995,0.033661,0.13022,0.29117,0.36267,-0.77645,-2.6641,0.39895,-0.40883,0.64176,-0.064114,0.41979,0.60202,0.167,1.1042,0.82765,-0.1258,-0.028428,-0.017456,-0.17232,0.51537,0.17067,-0.85361,0.083138,0.346,0.046352,0.41293,0.16151,-0.38344,-0.39789,-0.019698,-0.22221,0.10924,-0.27316,-0.21841,2.5718,1.2116,2.3372,0.37317,-1.2191,0.44798,-0.08766,0.96009,-0.64746,0.46901,-0.00050289,0.24796,-0.40461,-0.19501,-0.083303,-0.092745,1.241,-0.25281,0.16402,0.49468,0.12185,-0.2429,0.46396,0.53926,-0.24773,0.13269,0.025646,0.38449,-0.15709,-0.16242,2.1237,1.4642,0.33528,1.1202,-0.26966,0.36068,-0.43355,-0.60807,1.0632,-0.098018,-0.066991,-0.059423,0.57255,0.15051,0.8007,-0.3769,-0.46793,0.10493,-0.79591,-0.4934,-0.057888,-0.19714,0.059879,-0.093924,-0.02142,0.27345,-0.25914,-0.16796,0.022847,0.14118,0.088518,1.3593,-1.7505,-0.66668,-0.7887,-0.20812,0.053517,-0.013515,0.012766,-0.066984,0.7042,0.9194,0.0084365,-0.087641,0.019706,0.75316,0.67785,-0.047366,0.43692,-0.09444,0.26227,-0.13528,0.37678,0.03067,-0.33607,0.32178,0.42463,-0.12884,-0.30941,0.15654,3.0636,-1.2666,-1.5813,-0.6741,0.57598,-0.51848,-0.4712,-0.0090848,0.24014,-1.1519,-0.56077,-0.68763,0.55608,0.31873,0.092167,-0.67295,0.32226,-0.12758,0.1001,0.44407,-0.67438,0.066818,-0.23297,-0.15926,-0.086947,-0.20026,-0.34591,-0.0040104,0.0017895,0.20998,-0.043803,1.5724,1.437,0.33363,1.0329,0.30466,0.058382,-0.61924,-0.17446,-0.087951,-0.39729,-0.20493,0.32196,-0.17761,-0.95209,0.42679,-0.66993,0.48218,-0.5142,-0.257,-0.073394,-0.59438,-0.0079285,0.90009,0.084194,-0.11481,0.3099,0.043277,0.17598,-0.21564
0.23148,0.27509,0.13212,-0.0050025,0.0039467,0.04391,-0.004244,-0.070108,-0.096758,-0.019288,0.068339,0.067683,0.069094,0.062534,0.047507,-0.006079,-0.043662,-0.046362,-0.063661,-0.050872,-0.032961,-0.028286,-0.032909,-0.011296,0.036061,0.088112,0.15853,0.15301,0.056585,-0.025125,0.037279,-0.15079,-0.10648,0.1538,0.15626,0.14455,0.075436,-0.011394,-0.038838,-0.028849,-0.033924,-0.044781,-0.059018,-0.021614,-0.05405,-0.14491,-0.12004,-0.045395,0.0067537,-0.013639,-0.035675,0.032882,0.11077,0.1447,0.18612,0.17524,0.070712,-0.0082912,0.0016306,0.016175,0.016607,0.025403,0.016022,0.0022503,0.0052387,-0.00016965,0.0011227,0.016324,-0.0344,-0.10712,-0.011826,-0.0051688,-0.057902,-0.11786,-0.16112,-0.14642,-0.17108,-0.27125,-0.31199,-0.20598,-0.060211,0.038007,0.035054,-0.0071938,-0.010602,0.0089492,0.024882,0.028829,0.037918,0.051894,0.065117,0.077875,0.05148,-0.022378,-0.061893,-0.056147,-0.036781,0.04528,0.182,0.23955,-0.43113,-0.31397,-0.12554,-0.070037,-0.074954,-0.086994,-0.076394,-0.021572,0.013507,0.027081,0.053222,0.070054,0.083863,0.076423,0.048142,0.053408,0.02535,-0.027297,-0.038543,-0.030976,-0.018331,-0.017831,0.027014,0.04789,0.063522,0.080368,0.059529,0.050487,0.074951,0.089211,0.034996,-0.99107,-0.89005,-0.015653,-0.11335,-0.11079,-0.040105,0.041435,0.050191,0.0070137,-0.012047,-0.027548,-0.021599,0.0072596,0.0086346,0.017396,0.12702,0.26469,0.34311,0.31369,0.17816,-0.010081,-0.11908,-0.15673,-0.21155,-0.20015,-0.10461,-0.020259,-0.009108,-0.068134,-0.10459,-0.058587,0.069419,0.21385,0.26918,0.20255,0.11569,0.083799,-0.01224,-0.038735,0.026631,0.0041339,-0.012938,0.012253,0.040582,0.074337,0.029898,0.03328,0.085432,0.022717,-0.060965,-0.036678,0.041383,0.054204,0.049141,0.0044287,-0.035449,0.0019832,0.077486,0.11449,0.11961,0.088737,0.082334,0.10599,0.084519,0.03444,0.0066913,0.043386,0.16099,0.25277,0.031706,-1.1536,-1.9464,-0.1034,0.21482,0.22284,-0.11497,0.17396,-0.3273,0.18785,0.25564,0.61174,0.12471,0.018247,0.42092,0.030589,0.28538,-0.053046,0.0060736,0.45359,-0.13755,-0.23856,0.47559,-0.033673,0.0010984,0.041469,-0.10135,0.15117,-0.04386,0.047578,2.3994,1.0861,-0.34262,-0.25771,-1.267,0.025646,-0.37615,-0.25918,0.32794,-0.44951,0.029344,0.25643,-0.56396,-0.24948,0.20104,0.24392,0.25795,0.019097,0.26777,-0.26572,0.20836,-0.080186,-0.27092,0.24782,-0.02178,0.14522,-0.13333,-0.069356,0.10913,0.13914,2.2099,-0.039619,0.47253,-1.2878,-0.4656,0.80176,-0.14412,0.11054,0.34597,0.64029,-0.21115,0.024908,0.31677,0.0993,0.38706,-0.47158,-0.13224,0.56099,-0.35107,0.40292,0.1901,0.25721,-0.065936,0.39947,0.12611,0.25165,0.12974,-0.074772,-0.37405,-0.14008,-0.27116,1.3738,0.20286,0.71845,0.084499,0.12393,0.34103,0.74929,-0.66003,-0.47307,-0.057891,-0.033472,-0.38464,-0.14129,-0.14349,0.26544,0.025904,0.089982,0.46284,-0.010745,-0.22453,-0.2631,0.16833,0.35636,0.0030324,-0.23134,-0.070858,0.080418,-0.064645,-0.48814,3.0642,-0.45789,0.81569,0.52376,-0.76016,-0.090475,0.27085,0.094732,-0.32458,-0.58965,-0.013851,-0.055126,0.60334,-0.12915,-0.20788,0.13028,0.36496,-0.25258,-0.13994,0.071727,-0.062796,-0.041755,-0.07798,0.19049,0.38221,0.033112,-0.057171,-0.24554,-0.20378,0.13452,-0.27934,1.4197,-0.67186,0.34536,-0.69092,-0.15647,0.188,0.11832,-0.38662,0.64314,-0.37277,-0.17961,0.20382,-0.085175,-0.16454,0.17415,-0.52191,-0.036818,0.10755,-0.28484,0.1174,-0.24955,-0.16645,-0.012618,0.091547,0.028895,0.21839,-0.40031,-0.017936,0.069331
-0.5364,-0.39877,-0.3148,-0.39966,-0.36832,-0.23661,-0.071702,-0.079786,-0.14595,-0.15328,-0.16338,-0.054085,0.068136,0.040753,-0.0029284,-0.01662,-0.041908,-0.09426,-0.065965,0.014936,0.12863,0.22653,0.25786,0.41776,0.59066,0.46201,-0.041947,-0.25758,-0.13118,-0.06383,-0.27871,-0.3824,-0.33864,-0.39739,-0.24504,-0.18794,-0.30611,-0.32495,-0.22826,-0.089104,0.039846,0.092449,0.077847,0.045526,0.033946,0.0080944,-0.045359,-0.12815,-0.20375,-0.11889,0.023503,0.033901,0.13717,0.2606,0.15912,0.01658,0.003378,0.042952,0.042578,0.034117,0.058242,-0.027956,-0.20496,-0.28974,-0.26964,-0.23885,-0.08898,-0.049195,-0.10446,0.0020326,0.077333,0.074471,-0.045507,-0.10401,0.032916,0.44185,0.73643,0.64905,0.36557,0.057444,-0.062937,-0.09932,-0.072517,-0.031935,-0.017794,-0.020318,-0.017207,-0.013376,-0.0113,-0.012196,-0.019748,-0.028153,-0.028734,-0.001657,0.052252,0.11282,0.12047,0.059583,-0.0013162,-0.034235,0.0024724,0.24238,0.43632,0.44207,0.39366,0.32257,0.20348,0.070998,-0.0010878,-0.014924,-0.053023,-0.071354,-0.058865,-0.082371,-0.12462,-0.18755,-0.25064,-0.27456,-0.22151,-0.13743,-0.0046078,0.081109,0.059793,0.27433,0.37044,0.28566,0.2116,0.16963,0.1277,0.11367,0.25525,0.6146,0.76657,0.38158,0.17863,0.20554,0.23301,0.26672,0.25269,0.15961,0.028424,-0.0097721,0.0052268,-0.054541,-0.2206,-0.29381,-0.25435,-0.22111,-0.2154,-0.15357,0.066602,0.19112,0.07349,-0.028015,0.011944,0.11722,0.1918,0.22281,0.1974,0.13691,0.070594,-0.057283,-0.17178,-0.078814,0.26592,0.40577,0.1955,-0.1181,-0.1762,-0.035436,-0.22588,-0.38977,-0.40644,-0.41812,-0.38788,-0.27851,-0.18255,-0.24641,-0.13422,0.096661,0.13254,0.12976,0.082288,0.027684,0.014668,0.020103,0.01765,0.023021,0.032356,0.030035,-0.0065202,-0.068034,-0.11385,-0.14245,-0.1303,-0.09016,-0.062483,-0.085003,-0.12544,-0.13061,-0.28071,-2.4632,0.61995,-1.0078,1.3456,-0.32737,1.0385,1.7481,-0.050453,-0.13977,0.42785,-0.531,-0.25212,0.36928,0.46107,-0.61976,0.50569,0.61157,-0.1987,-0.18845,0.50303,-0.47933,-0.26642,-0.32115,0.3586,-0.84821,-0.026903,-0.23593,-0.059915,0.19546,2.2514,1.2426,2.4017,-0.28888,-1.8489,0.23615,1.08,-0.8254,-0.99619,0.31654,-0.3322,0.28955,-0.089596,-0.6241,-0.86346,0.19546,0.71051,-1.0495,-0.54062,-0.012171,-0.24855,0.010964,0.2066,0.018016,0.030095,-0.25189,-0.39707,0.0193,-0.16658,-0.57508,1.8131,1.3027,0.69297,1.2434,0.59545,-0.13731,1.2123,0.94331,-0.24034,0.045119,0.4896,-0.65443,0.1892,0.35119,-0.45055,-0.37171,-0.56732,0.14463,0.48619,0.16722,-0.45614,-0.48576,0.65443,-0.046868,0.27628,-0.15444,0.27618,-0.28311,-0.15534,0.096935,0.0393,1.6439,-1.7975,-0.62015,-0.66802,-1.6763,-1.1301,-0.81348,-0.21845,-0.43923,-0.036777,-0.60828,-0.69014,-0.37087,-0.19016,-0.077263,0.049679,-0.60712,-0.41825,0.10974,-0.70959,0.12569,0.1738,-0.43387,0.53522,0.41092,0.079546,0.21563,0.25741,-0.066774,1.6853,-1.7428,-1.093,-1.4005,1.0695,-0.68035,-0.12733,-1.5738,-0.075486,0.73337,0.68852,-5.2275e-05,0.058328,0.064593,0.32216,-0.46387,-0.083653,-0.028569,0.47151,0.35274,0.17761,-0.15025,0.17918,-0.062599,0.24157,0.59089,0.2452,-0.50968,-0.066166,0.20765,0.3963,1.5974,1.5368,0.70377,0.47291,1.2773,0.3256,-0.8858,1.3292,0.41337,0.32882,-1.0538,-0.042037,0.035004,0.14529,0.065292,-0.12418,-1.0028,0.078762,0.60803,0.0038967,-0.84001,0.31026,-0.26424,0.08602,-0.13347,0.54684,-0.089734,-0.52906,-0.021958
0.11848,0.21558,0.56679,0.77526,0.50012,0.10496,-0.026743,-0.029896,-0.075863,-0.069065,-0.035272,-0.0046789,0.027661,0.0093491,-0.011226,-0.028239,-0.021507,0.063532,0.1892,0.27395,0.2911,0.22311,0.096021,-0.057997,-0.14205,-0.13735,-0.098027,-0.023953,0.025658,-0.027831,-0.23056,-0.26265,-0.21838,-0.073824,-0.1338,-0.32265,-0.10991,0.016466,-0.049086,-0.089695,-0.08542,-0.072109,-0.08103,-0.095669,-0.075136,-0.15327,-0.2756,-0.23898,-0.09476,0.1145,0.16699,0.13664,0.13452,0.029853,-0.083361,-0.088848,-0.10223,-0.14031,-0.1285,-0.11466,-0.10053,-0.10333,-0.10827,-0.10537,-0.090775,-0.066861,-0.049133,-0.0077075,-0.010385,-0.0489,-0.11085,-0.13341,-0.012475,0.14276,0.19508,0.14105,-0.04135,-0.11841,0.01165,0.1392,0.12048,0.050229,0.026154,0.036212,0.036438,0.020863,-0.0087759,-0.01584,-0.0054495,-0.0040134,-0.01115,-0.01586,-0.021767,0.014897,0.0056052,-0.085514,0.038889,0.34504,0.46432,0.43111,-0.22747,-0.14067,-0.15232,-0.2063,-0.2734,-0.21486,-0.11856,-0.14758,-0.10767,-0.038773,-0.013879,-0.031665,-0.0416,-0.047773,-0.045383,-0.039313,-0.0053668,0.073572,0.15234,0.20791,0.23401,0.19426,0.094641,0.0067544,-0.081371,-0.14508,-0.14012,-0.12489,-0.098552,8.9524e-05,0.15809,0.51805,0.67179,0.2336,0.23387,0.42661,0.39357,0.14541,-0.060829,-0.0024299,0.045542,0.077203,0.085656,0.055649,-0.15074,-0.34926,-0.3631,-0.25272,-0.10382,0.14253,0.32769,0.16043,-0.023698,0.047842,0.15774,0.1867,0.077673,-0.051177,-0.021495,-0.0064327,-0.050742,-0.088973,-0.085763,-0.079412,-0.041804,0.10461,0.12945,-0.025251,-0.11311,-0.12064,-0.088506,-0.1408,-0.21295,-0.19383,-0.16399,-0.13314,-0.087995,-0.044233,-0.068733,-0.10197,-0.11403,-0.033319,0.04602,0.0075903,0.0028042,0.032759,0.1087,0.13913,0.087414,0.024532,-0.025293,-0.059777,-0.0092286,0.16086,0.18157,0.047178,0.16467,0.34494,0.41262,0.46047,-0.042471,-2.8573,-0.039183,-0.61482,0.12155,0.11297,0.48892,-1.1009,0.092498,0.48973,-0.11277,0.083479,-0.24725,0.17947,0.108,-0.53526,0.31155,0.41999,-0.43679,0.074507,0.52826,-0.45196,-0.18504,0.16559,-0.1715,-0.37381,-0.37244,0.29379,-0.056626,-0.1335,2.4313,0.63568,1.9254,0.78835,-0.77935,0.76142,-1.1217,0.77172,-0.73884,0.11645,-0.36869,0.39516,-0.80332,0.21335,0.30481,0.065637,0.46049,-0.34163,-0.37009,0.16505,0.11474,-0.12585,0.14885,-0.14661,-0.38674,0.17441,-0.43867,-0.45434,-0.54818,0.047312,1.8393,1.9625,-0.67284,-0.19722,-0.88938,0.063358,-0.87878,0.33225,0.012411,0.22342,-0.46382,-0.72893,-0.56607,0.17853,-0.16651,0.21359,-0.3087,0.30774,-0.56257,0.26251,-0.58791,-0.30177,0.32744,0.18169,0.56641,-0.23097,-0.074664,0.18437,0.19729,-0.13158,-0.18861,0.7431,-2.1185,0.20689,0.0076837,1.2219,0.9682,0.32001,-0.41152,-0.31832,-0.41261,0.52165,-0.20808,0.15056,-0.28807,0.56453,-0.082488,-0.1241,-0.49131,-0.21385,-0.53786,-0.083417,0.51177,0.17296,0.024736,0.28745,0.16202,0.46733,0.4815,-0.0033993,1.9927,0.10716,-1.909,0.19557,-0.47906,1.3,0.54919,0.3614,0.30777,-0.0484,0.24028,0.54771,-0.20711,-0.3303,-0.2057,-0.40965,0.20918,0.10557,0.50706,0.26567,0.085629,0.21468,0.38267,0.44599,0.40961,-0.026623,0.22867,-0.28565,0.029278,-0.21387,-0.38765,1.1983,1.782,0.23134,0.33422,-1.0856,-0.2825,-0.033584,-0.7281,0.011226,-0.38776,0.42215,-0.54652,-0.0011677,-0.57103,-0.088048,-0.026712,-0.40221,0.11568,0.071878,0.23125,-0.75218,0.18287,0.23296,0.049002,-0.011496,-0.10422,0.019789,-0.0046238,-0.34598
0.13613,0.11624,-0.043788,-0.11607,-0.083799,0.0050451,0.096623,0.10534,0.089202,0.07902,0.062351,0.065888,0.077914,0.077969,0.073786,0.050138,-0.035446,-0.13626,-0.18087,-0.14678,-0.10507,-0.091329,-0.075506,-0.033076,0.0067298,0.033276,0.078071,0.052956,0.030002,0.1174,0.20171,-0.034998,-0.10273,0.072848,0.070246,0.019383,-0.1036,-0.18645,-0.20901,-0.11408,-0.039948,-0.048789,-0.073705,-0.094702,0.0017964,0.088112,0.10707,0.14144,0.16272,0.14927,0.076035,0.038263,0.0067124,-0.023482,-0.068001,-0.1101,-0.10184,-0.086623,-0.070944,-0.059634,-0.058994,-0.063061,-0.058943,-0.059048,-0.057751,0.086902,0.19798,0.12089,-0.016174,0.077584,0.064294,0.038977,0.053317,0.033487,0.0037863,-0.023352,0.0033148,-0.078376,-0.23443,-0.27625,-0.16432,-0.023541,0.051918,0.050697,0.031649,0.010131,-0.0037599,-0.002366,0.01438,0.027539,0.02841,0.03774,0.050671,-0.025585,-0.1033,-0.08055,-0.0094353,0.092275,0.045618,-0.063955,-0.20054,-0.1179,-0.0049899,-0.007274,-0.036573,-0.088572,-0.12791,-0.11326,-0.047357,0.050209,0.084284,0.10991,0.13486,0.13658,0.11617,0.067109,-0.0249,-0.11701,-0.15925,-0.12939,-0.017072,0.062107,0.063795,0.045755,0.068003,0.087247,0.071251,0.066628,0.073695,0.031326,-0.0011321,-0.97287,-0.88797,0.08473,-0.13901,-0.077548,0.054329,0.12648,0.17465,0.10712,-0.036791,-0.13248,-0.17002,-0.14018,-0.0063599,0.15196,0.22183,0.22215,0.22213,0.19943,0.048993,-0.081116,0.0047297,0.06038,-0.015376,-0.1,-0.085658,-0.081405,-0.085432,-0.0625,-0.022221,0.0087312,0.01716,-0.0013064,-0.035049,0.21278,0.38706,0.23604,0.015415,0.09687,0.066805,0.051783,0.061694,0.051241,0.052128,0.086131,0.11929,0.045124,0.010443,0.032766,-0.042864,-0.081662,-0.05131,-0.032071,-0.022345,0.010607,0.048546,0.048938,0.011496,-0.014782,-0.016683,-0.010315,-0.020687,0.00018334,-0.00063594,-0.011069,0.0073329,0.09672,0.083895,-0.021547,0.19724,-1.4065,-2.2325,-0.29195,0.37248,0.20461,-0.010156,0.44576,-0.44888,0.048641,0.38261,0.14373,0.32049,-0.21629,-0.081713,-0.28917,0.47577,-0.065889,0.1139,0.41773,-0.28629,-0.31191,0.32902,0.29317,-0.079722,-0.0086705,-0.55026,0.07234,0.18537,0.060613,2.4198,1.2251,-0.15792,-0.74842,-1.1432,-0.13473,-0.10502,-0.39054,0.28375,-0.26713,-0.12138,0.20175,-0.78795,-0.23765,-0.010653,0.29645,0.025394,-0.1115,0.16651,0.17321,0.30861,-0.20355,0.16373,0.12147,0.15859,0.27437,-0.19312,0.22271,-0.063031,-0.084212,2.1352,0.47022,0.53733,-1.366,-0.93848,-0.33532,0.40093,0.11048,0.84558,0.021551,0.0091202,-0.87744,0.1514,-0.25191,0.21523,0.45162,-0.10678,-0.79808,0.23344,0.14435,0.093212,-0.51232,-0.26396,0.090535,0.10688,0.10978,0.045549,-0.33005,-0.16846,0.15533,-0.4777,1.7824,0.076556,1.0999,-0.098939,-0.053602,0.078764,0.75847,-0.60464,-0.51386,0.0076639,-0.13017,-0.13882,-0.17421,0.30518,0.34596,-0.12653,-0.37123,0.031362,0.14124,0.059273,-0.14789,-0.061375,-0.065887,-0.025139,-0.45122,0.12562,0.15966,0.0025176,-0.08192,2.8347,-1.1521,0.85151,0.5769,-0.97164,-0.42238,0.16236,-0.04635,-0.020776,0.063613,-0.17991,0.16278,0.56923,-0.0047528,-0.52472,0.31848,0.11583,-0.56801,-0.35973,0.26073,-0.32555,0.017325,-0.20633,0.26034,0.0201,0.090559,0.035518,-0.37178,-0.1364,-0.012573,-0.33707,1.783,-0.43161,0.41791,-0.84957,-0.23047,0.10787,-0.10482,-0.17839,0.72711,-0.15276,-0.2574,0.48622,-0.0061215,0.143,0.29089,-0.66635,-0.18418,-0.14135,-0.0077315,0.19347,0.006585,-0.1713,-0.11303,0.25298,0.10566,0.37739,-0.31786,0.034835,0.22422
0.20073,0.24198,0.14725,0.046126,0.0043354,0.033439,0.052788,0.032371,0.0057804,-0.020814,-0.038974,0.0015625,0.049851,0.046565,0.028238,-0.014854,-0.071907,-0.10339,-0.099996,-0.080934,-0.072616,-0.089008,-0.098816,-0.052599,0.04794,0.02609,-0.11323,-0.069166,0.1304,0.096822,0.16041,-0.044356,-0.069949,0.16378,0.24034,0.2189,0.1311,-0.019012,-0.11997,-0.11166,-0.070065,-0.03401,-0.024894,-0.0013169,-0.0050694,-0.072862,-0.082379,-0.038092,-0.046167,-0.11636,-0.18426,0.11394,0.52865,0.46158,0.11335,0.075943,0.072397,0.057929,-0.014368,-0.064383,-0.049469,-0.014711,0.01564,0.027731,0.054604,-0.024198,-0.17999,-0.17408,-0.055131,-0.19572,-0.35614,-0.25256,-0.16586,-0.11767,-0.042512,0.16827,0.33663,0.19877,-0.12974,-0.26624,-0.18647,-0.067184,-0.0065935,0.028749,0.031866,0.0017603,-0.016128,-0.0080399,0.0014876,0.010496,0.013695,-0.034985,-0.09604,-0.14699,-0.154,-0.065826,0.066475,0.18078,-0.13408,-0.39861,-0.48467,-0.33573,-0.13685,-0.087881,-0.086309,-0.057696,-0.039591,-0.044976,-0.027165,0.0068617,0.065123,0.092778,0.088915,0.082537,0.055535,-0.0016459,-0.05111,-0.06272,-0.050656,-0.038464,-0.040509,-0.06682,-0.079857,-0.016881,0.11331,0.14549,0.092841,-0.069279,-0.27469,-0.26467,-0.54223,-0.62869,-0.604,-0.42204,-0.077601,-0.012127,0.063322,0.14419,0.19401,0.21425,0.17771,0.10753,0.033355,-0.057463,-0.098599,0.0020159,0.16784,0.24877,0.21742,0.1041,-0.011678,0.20353,-0.16241,-0.34068,-0.027026,0.030394,0.067574,0.0075334,-0.12735,-0.16804,-0.051312,0.13849,0.27927,0.27739,0.2021,0.22929,0.35017,0.45571,0.53882,0.10223,-0.031626,-0.033603,-0.035554,-0.023998,-0.0030994,-0.059531,-0.10401,-0.07433,0.00095675,0.036259,0.089423,0.12603,0.05234,-0.0020239,-0.013498,0.0117,0.036856,0.048694,0.068666,0.090383,0.087333,0.043815,-0.049497,-0.12523,-0.10906,-0.027241,0.041015,0.055819,-0.084197,-0.22069,-0.25684,-1.2819,-2.0256,-0.13924,-0.037677,0.26547,0.21483,0.46777,0.20706,0.5507,0.19712,-0.14614,-0.13651,0.20384,0.71031,0.00012111,0.048928,-0.61384,-0.18502,0.14274,0.30183,-0.29786,0.11529,-0.077264,-0.40309,0.093812,-0.21472,-0.032723,0.18592,-0.12098,2.6475,1.057,-0.097376,-0.69478,-1.0365,-0.094532,0.28836,0.014672,0.22298,-0.12106,-0.3073,-0.06865,-0.6978,-0.28866,-0.18116,0.07795,0.89488,0.14798,0.0058247,-0.1968,-0.043358,-0.10574,0.1522,0.10767,-0.4638,0.27978,0.019629,-0.013453,0.26464,-0.28595,2.3484,0.27108,0.33755,-1.2696,-0.82208,-0.31733,-0.16497,0.24746,1.0011,0.086172,-0.10421,-0.42255,-0.046856,0.54792,-0.14788,-0.99557,-0.40735,-0.079177,-0.14123,-0.2916,0.079291,0.046517,-0.13299,0.016595,0.18232,-0.14329,0.27523,0.04318,-0.1236,-0.018649,-0.28628,1.3443,0.22331,0.9703,-0.22377,0.29,0.15057,0.23801,-0.4601,-0.41658,0.47729,0.030865,-0.19258,0.44611,-0.23384,0.36323,0.023704,0.057103,-0.2045,0.21235,-0.41564,-0.38209,0.23322,0.10901,-0.20716,-0.048099,0.18325,-0.50204,-0.22156,-0.26408,2.9833,-1.1672,0.76355,0.69682,-0.0057908,0.11683,0.5792,-0.11701,0.23546,-0.068501,-0.0026715,-0.15991,0.27816,0.25491,0.24772,-0.54398,0.038571,-0.20399,-0.062764,-0.011498,-0.11033,0.035478,-0.43968,0.052958,0.33839,0.081416,-0.33657,0.050013,-0.19073,0.051936,-0.13155,1.215,-0.53421,0.47623,-0.53622,-0.441,-0.054437,0.17559,0.3569,0.64167,-0.26846,-0.1445,0.13573,-0.34167,-0.89228,-0.20162,0.017001,-0.36939,-0.20898,-0.22388,0.03309,-0.24758,-0.16523,0.50179,0.16626,-0.094694,0.040545,-0.28037,-0.16765,0.22097
0.4629,0.34705,0.64518,0.85724,0.57823,-0.074409,-0.17722,-0.14558,-0.11849,-0.12473,-0.093554,-0.060152,-0.076573,-0.1053,-0.046156,0.0064806,-0.072562,-0.10248,-0.071913,0.032724,0.21088,0.36493,0.40164,0.32368,0.18006,0.055484,-0.074825,-0.10807,-0.030664,-0.08586,-0.35891,-0.46253,-0.41874,-0.47754,-0.39581,-0.30745,-0.25397,-0.15449,-0.075076,-0.033095,-0.007129,0.0006727,-0.0090732,-0.029752,-0.079954,-0.14284,-0.08959,-0.16212,-0.26969,0.02955,0.17455,0.15758,0.14164,-0.025172,-0.17993,-0.16718,-0.13074,-0.11884,-0.087857,-0.066175,-0.05478,-0.072389,-0.11191,-0.13208,-0.11497,-0.054414,-0.021966,-0.029341,0.0051534,0.104,0.0022742,-0.28245,-0.39347,-0.064436,0.32949,0.41811,0.33069,0.31307,0.35406,0.27386,0.12559,0.0038946,-0.065819,-0.078815,-0.048664,-0.022584,-0.0088939,-0.0034106,0.0045008,0.0075926,-0.001143,0.0025583,0.029504,0.051537,-0.022108,-0.12246,-0.0092098,0.25615,0.18938,0.0019682,-0.26939,0.04296,-0.21047,-0.47682,-0.28387,0.034551,0.05742,0.031492,-0.011046,-0.037628,-0.052029,-0.048957,-0.05496,-0.078679,-0.15969,-0.26187,-0.31736,-0.29612,-0.23561,-0.042043,0.1625,0.22364,0.18916,0.085976,0.095577,0.13364,0.092236,0.088045,0.068861,0.10241,0.24803,0.61899,0.7711,0.38575,0.22273,0.24304,0.20873,0.17653,0.14364,0.11872,0.066847,0.020073,0.014586,0.00056555,-0.031409,-0.039382,-0.22812,-0.43882,-0.45542,-0.062334,0.40999,0.17969,-0.014779,0.10367,0.2324,0.26102,0.15301,0.0099293,0.0068321,0.0039145,-0.0019863,-0.050919,-0.12689,-0.17123,-0.19792,-0.20356,-0.20354,-0.21568,-0.13387,-0.034155,-0.17976,-0.24497,-0.19994,-0.24534,-0.19739,-0.15236,-0.05642,0.057334,0.051598,0.053241,0.067422,0.074691,0.086017,0.089571,0.057478,0.014943,-0.015364,-0.031318,-0.035593,-0.04232,-0.053711,-0.049518,-0.031329,0.24483,0.34243,0.22035,0.24752,0.33153,0.2858,0.19805,-0.66531,-2.3158,1.2795,-0.76481,0.67193,0.00056306,0.60269,-0.0058799,-0.69107,0.95389,0.11717,0.72951,0.12934,0.37802,-0.46853,-0.72031,-0.26055,-0.35432,-0.11788,0.18604,-0.63728,-0.016276,0.23308,-0.54301,-0.5926,-0.74938,0.32023,0.23347,-0.14812,-0.44092,2.5454,0.59752,2.552,0.7039,-1.3818,-0.21269,0.49686,-0.14491,0.31899,-0.098984,0.041674,-0.99345,-0.065342,0.47556,0.38043,-0.082434,0.54617,0.075834,0.17757,-0.29187,0.41826,0.62134,-0.2913,-0.77056,-0.23263,-0.37771,0.44413,0.040772,0.19843,0.0031681,1.9614,2.0676,-0.69618,1.0581,-0.85105,-0.070003,-0.53543,0.25612,0.12261,0.18034,-0.51956,-0.65588,0.69039,0.50094,-0.11647,0.45338,-0.61768,0.48367,-0.1922,-0.40328,-0.69399,-0.093246,0.071842,-0.31656,0.93242,-0.042409,-0.11508,0.18407,-0.012554,0.084306,0.34101,0.50437,-2.5654,-0.65787,-0.50508,-0.079597,0.70366,0.028768,-0.60857,-0.29085,0.31181,1.0665,0.0028821,-0.67702,-0.64184,0.084276,0.56745,-0.074977,-0.45656,-0.41756,-0.47318,0.23135,-0.50421,0.44526,0.13637,0.12595,0.35276,-0.17658,0.38281,-0.12387,1.9681,0.37859,-2.4203,-0.61774,-1.3209,1.1267,-0.37967,0.38409,0.40603,-0.027185,-0.010285,-0.29257,0.16417,-0.74027,-0.10798,-0.62062,0.89751,0.03365,0.21283,0.093312,-0.27496,0.18006,0.26587,-0.10903,-0.45031,0.18895,-0.016594,-0.22746,-0.50144,-0.15579,0.12662,1.0177,2.2696,0.41898,0.99985,-0.0068075,0.17939,-0.29962,-0.33387,0.32315,-0.76229,-0.0036595,-0.044238,0.59443,-1.0451,0.0040761,-0.29039,-0.25983,0.41467,0.1852,-0.31276,-0.38757,0.27346,0.69761,-0.30562,-0.073488,-0.13762,-0.016875,-0.16864,-0.2305
0.24059,0.33251,0.23822,0.096448,0.081019,0.084374,0.015624,0.0035126,0.072716,0.098838,0.079598,0.080638,0.093183,0.078125,0.0047371,-0.056889,-0.081524,-0.1354,-0.15384,-0.08299,0.0092894,0.053915,0.011326,-0.05141,-0.070175,-0.046937,0.025512,0.10569,0.17253,0.15913,0.12244,-0.0031854,-0.062808,0.09469,0.1319,0.10881,0.0061952,-0.07223,-0.10914,-0.081741,-0.052574,-0.06427,-0.074035,-0.064274,-0.07482,-0.10555,-0.080875,-0.019547,0.013749,0.16574,0.24723,0.17651,0.16334,0.14518,0.10711,0.013683,-0.069241,-0.07161,-0.069014,-0.058067,-0.043621,-0.040496,-0.03159,-0.010397,-0.017475,-0.057764,-0.070011,-0.11921,-0.14287,-0.084604,-0.12352,-0.10105,-0.021755,0.063083,0.12278,0.11342,0.02031,-0.13208,-0.23358,-0.20406,-0.068793,0.031232,0.018665,-0.0012357,0.007469,0.016003,0.015357,0.020389,0.029968,0.035143,0.03799,0.037966,5.3941e-06,-0.061998,-0.072214,-0.058377,-0.26761,-0.292,0.30471,0.7049,-0.52386,-0.3954,-0.19552,-0.12054,-0.10928,-0.12628,-0.12832,-0.082792,-0.038724,-0.028283,0.026063,0.12031,0.17714,0.14537,0.091379,0.07353,-0.0023784,-0.10859,-0.12091,-0.049689,0.040873,0.077662,0.0869,0.053063,0.049696,0.077378,0.072404,0.068288,0.068593,0.063543,0.11481,-0.86962,-0.86114,-0.14644,-0.23009,-0.15117,-0.055025,-0.016175,0.022106,0.018913,-0.0039055,0.0051062,0.013648,0.013097,0.026657,0.089364,0.19624,0.29579,0.32577,0.30553,0.21991,-0.022637,-0.16753,-0.089611,-0.023827,-0.063242,-0.12238,-0.078171,-0.024909,0.019857,0.037411,0.02217,0.046521,0.1657,0.31411,0.3637,0.30284,0.14017,0.10359,0.033269,-0.068323,-0.041267,-0.029774,-0.012078,0.01563,-0.051798,-0.10407,-0.032687,0.033242,0.019147,-0.0058418,0.022311,0.04607,0.033478,0.012179,-0.0087604,-0.014604,0.0049378,0.044003,0.072078,0.07047,0.030493,0.020149,0.076004,0.10268,0.076007,-0.14536,-0.18731,0.23562,0.45427,0.10266,-1.0843,-1.6668,0.10536,0.41537,0.46056,-0.021355,0.10855,-0.5995,0.50382,0.1121,0.55608,0.10477,0.16699,0.0090388,-0.067475,0.28151,0.1144,0.29095,0.091762,0.086125,-0.21923,0.59046,0.14014,-0.28389,-0.32021,-0.12968,0.13109,-0.041042,-0.21845,1.2276,-0.50657,0.27829,-1.5248,-1.3457,-0.13539,-0.24048,-0.42724,0.49568,-0.25549,0.03073,-0.020091,-0.75898,-0.030089,0.22811,0.080506,0.26255,0.095694,0.37239,0.10916,0.29387,-0.23103,0.1181,0.36426,-0.076707,0.34913,-0.22485,0.17584,-0.056364,-0.065189,1.9476,0.2269,-0.20842,-1.5009,-0.48389,-0.40602,0.56882,-0.49956,0.34629,0.64902,-0.84616,-0.25856,-0.39171,-0.27396,0.52873,-0.031708,-0.35731,0.18924,-0.43913,0.00079829,0.064848,-0.21563,-0.4795,0.20158,0.4544,0.36197,0.17443,-0.1247,-0.46912,-0.11238,-0.49885,0.89332,-0.14415,0.83061,0.42167,0.10966,0.24307,0.89557,-0.76171,-0.36336,0.26299,0.27731,0.015887,-0.055456,0.054254,0.45442,0.027465,-0.10004,-0.065829,0.028701,-0.19441,-0.32058,0.12774,0.3368,-0.2011,-0.23872,-0.1436,-0.045575,-0.00033941,-0.39605,2.3775,-0.15066,0.40053,0.85352,-0.74162,0.21081,1.0301,-0.18871,-0.052074,-0.30066,0.04131,0.22551,-0.29449,-0.080648,-0.12782,0.1046,-0.022072,-0.92961,0.097076,0.35217,-0.41785,0.017222,-0.27561,-0.15902,0.0081672,0.070208,0.23686,-0.13026,-0.30179,0.39402,-0.32451,0.95847,-0.22413,-0.10916,-0.58885,-0.25903,0.06891,0.4225,0.16401,1.1063,-0.37006,0.17593,0.293,0.32596,-0.17289,0.011912,-0.24302,-0.30004,-0.074835,-0.35436,0.18169,-0.23985,-0.125,0.32687,0.14802,0.12224,0.22647,-0.4063,0.18705,0.0094693
-0.025261,0.0061821,-0.019387,-0.12649,-0.21869,-0.14669,0.008057,0.090662,0.095042,0.082912,0.069685,0.062595,0.017997,0.017045,0.06106,0.046383,0.0028498,-0.052999,-0.080462,-0.087302,-0.081065,-0.086407,-0.099725,-0.010808,0.14128,0.22996,0.23899,0.13085,-0.038923,-0.1244,-0.15267,-0.077602,0.017588,0.020725,0.042382,0.074416,0.05649,0.058373,0.042226,-0.016226,-0.042048,-0.042653,-0.041369,-0.020099,-0.044518,-0.098984,-0.033155,0.037215,0.02458,0.04342,0.06743,0.018496,-0.046571,-0.070492,-0.029664,0.027644,0.069947,0.097056,0.1046,0.11879,0.041936,-0.044678,-0.024653,-0.015329,-0.017014,-0.034592,-0.041703,-0.0055615,0.086917,0.07926,-0.052761,-0.067117,-0.011223,0.046715,0.049484,0.0044409,-0.019881,-0.065372,-0.17021,-0.18565,-0.036024,0.094245,0.09723,0.080621,0.042578,0.030399,0.044875,0.057927,0.048053,0.034353,0.039604,0.054344,0.06223,-0.047183,-0.1543,-0.13532,-0.090486,-0.079176,-0.33995,-0.53248,-0.079869,-0.037726,0.0047601,0.019724,0.050317,0.017645,0.017489,0.076132,0.063232,0.055597,0.048664,0.04259,0.066661,0.083052,0.074763,0.044924,0.0031792,-0.036915,-0.054255,0.0011631,0.065805,0.056985,0.031287,0.12692,0.19756,0.16064,0.1582,0.17832,-0.015356,-0.24706,-0.11283,-0.92175,-0.77882,0.040218,-0.20691,-0.25644,-0.24412,-0.14852,-0.033696,0.050437,0.099139,0.096817,0.057836,-0.038746,-0.13611,-0.11351,-0.0074272,0.043695,0.030535,0.053362,0.080904,-0.035556,0.044047,0.15184,0.13477,0.055378,-0.02857,-0.036233,0.0020819,0.033377,0.090456,0.1652,0.21233,0.2175,0.1861,0.14367,0.091399,0.089348,0.15767,0.036958,-0.051025,-0.030635,-0.016845,0.002067,0.022837,0.0012744,-0.071365,-0.082493,-0.022275,-0.012709,0.044421,0.10926,0.061259,0.03443,0.068142,0.091976,0.065048,0.023065,-0.0035853,-0.00044262,0.015132,0.023833,-0.0082849,-0.070456,-0.13247,-0.135,-0.11148,-0.11897,-0.20155,-0.2418,-0.10329,-1.8441,-2.2601,-0.28273,0.68712,0.10524,-0.037871,1.0482,-0.45745,0.32115,0.59765,-0.2088,0.2394,0.21385,0.067394,0.21563,-0.02617,-0.082926,0.12545,0.029575,0.090479,0.077648,0.17497,-0.32714,0.11097,-0.20693,0.12621,0.15593,-0.13728,0.13255,2.4265,1.2059,0.12393,-1.0984,-1.3225,-0.02658,0.26655,-0.94832,0.0039258,0.05795,0.080508,0.14826,-0.71722,-0.41439,0.093311,0.24756,0.35121,0.34418,-0.10305,-0.31879,0.41329,0.2439,-0.22991,0.18927,0.14312,0.16826,-0.046939,0.0076744,0.33767,0.0077447,2.3168,0.64798,0.83503,-1.067,-0.13192,0.09199,0.63871,0.086388,0.54162,0.69382,0.36751,-0.016847,0.35909,0.70416,-0.19924,-0.70623,-0.022695,0.52842,0.14685,-0.001003,0.36325,0.2568,0.025443,0.042312,0.089732,0.44455,-0.054886,-0.14778,-0.21607,0.4019,-0.15068,2.1204,-0.22795,0.70536,-0.33775,-0.13114,-0.34294,0.40056,-0.04925,-0.45174,0.15745,-0.10632,-0.1819,0.097145,-0.21747,0.23273,0.35515,-0.1929,0.2947,0.0091726,-0.38243,0.11367,-0.017106,0.2734,-0.36548,-0.30004,0.068823,-0.14118,-0.33914,-0.40397,2.8117,-1.238,0.43782,0.4634,-0.6627,-0.4941,0.2558,-0.60811,-0.16621,-0.40718,-0.1045,-0.51371,0.016844,0.116,-0.20632,-0.0035955,0.067126,-0.070245,-0.23655,0.40683,-0.21623,0.03904,-0.27873,-0.46822,0.35538,-0.054536,-0.096021,-0.053476,-0.25105,0.045787,-0.059219,2.2189,-0.44008,0.56945,-0.54158,0.28235,0.045506,-0.16639,0.21139,0.24359,-0.086926,-0.2402,0.62063,-0.23981,-0.29431,0.23904,-0.13229,0.026485,-0.040518,-0.070113,-0.13098,-0.34885,-0.00013896,0.40331,-0.11316,0.19064,0.145,-0.031836,0.31728,0.096881
-0.11883,-0.059887,0.15363,0.029577,-0.034398,0.047258,0.083185,0.0019951,-0.015657,0.051233,0.075862,0.071803,0.084932,0.097546,0.095883,0.054149,0.0056923,-0.044773,-0.078435,-0.020517,0.071603,0.11791,0.04989,-0.058115,-0.068412,0.0059462,0.066633,0.090976,0.18025,0.3102,0.33426,-0.068706,-0.20468,-0.014725,0.0074838,-0.00036179,-0.054698,-0.032652,0.031211,0.040854,0.016877,-0.028272,-0.071036,0.025823,0.10039,0.069326,-0.014886,-0.058623,-0.025034,-0.013767,-0.067367,-0.098046,-0.032469,0.011646,0.032093,0.022439,-0.055424,-0.094541,-0.07636,-0.055137,-0.032274,-0.010285,0.0025139,0.0073604,0.0085619,0.013961,0.030659,0.030348,0.033596,0.080836,0.12357,0.14306,0.14827,0.12641,0.089801,0.083919,0.098745,0.053049,-0.1442,-0.29856,-0.23964,-0.069352,0.024279,0.041517,0.02956,0.013119,0.015008,0.018764,0.017384,-0.026288,-0.061707,-0.037425,0.0014202,0.043181,-0.025079,-0.15129,-0.22604,-0.22391,0.2313,0.59273,0.68501,0.2143,-0.1307,-0.11068,-0.089559,-0.12062,-0.17888,-0.14649,-0.069973,-0.018337,0.023799,0.082404,0.14129,0.17011,0.14975,0.1452,0.090865,-0.010622,-0.037003,0.013867,0.093958,0.12462,0.11284,0.10649,0.10047,0.09079,0.082321,0.077429,0.098596,0.064967,-0.14315,-0.90507,-0.77645,-0.09028,-0.21843,-0.16114,-0.092561,-0.010076,-0.0095216,-0.095356,-0.18072,-0.24972,-0.25063,-0.027387,0.24745,0.2129,-0.025856,-0.086493,0.10073,0.31284,0.27488,0.049315,-0.18017,-0.24497,-0.18426,-0.088746,-0.026873,-0.0062197,0.0071683,0.025125,0.070348,0.13391,0.20714,0.2719,0.2592,0.13134,0.024692,-0.013301,-0.013507,0.014314,0.012291,-0.0076231,-0.01174,0.0079528,0.031046,0.060542,-0.019173,-0.075962,0.0175,0.098174,0.044598,-0.031137,-0.076662,-0.067205,0.010493,0.021782,0.0014666,0.0035548,0.042443,0.085433,0.10673,0.12176,0.12198,0.074442,0.001794,-0.099321,-0.22831,-0.24517,0.2569,0.60672,0.2766,-1.2031,-1.5571,-0.13787,0.23013,0.57565,-0.08797,0.18197,-1.0002,-0.2771,0.064217,0.29546,-0.11948,0.25289,-0.066177,0.48369,0.45614,0.45203,0.32245,0.0026916,0.26955,-0.30997,0.52449,-0.13565,-0.29031,-0.068583,-0.12023,-0.031193,-0.10025,-0.19262,0.84055,-0.78582,0.55751,-1.5455,-1.4082,0.17411,-0.45746,-0.74783,0.21659,-0.15057,-0.078733,0.54198,-0.53653,0.19502,0.47622,0.38551,0.099995,0.36812,0.079618,0.20599,0.48614,-0.16336,-0.17135,0.21153,0.19571,0.26535,-0.17424,0.034117,0.095635,-0.21392,2.1056,0.37741,0.1598,-1.1761,-0.58841,0.29713,0.2611,0.16346,0.81704,0.25126,-0.021557,-0.20895,-0.3907,-0.060245,0.35253,0.31457,-0.0055044,0.49431,0.10398,0.076505,0.75193,0.049499,-0.2097,0.17567,0.57627,0.20062,0.23398,-0.0074275,-0.16236,0.022014,-0.60446,0.78554,-0.50954,0.72594,0.24776,0.031882,-0.062064,1.1084,-1.0042,-0.62055,-0.37636,0.054009,-0.15115,-0.14767,0.41418,0.089428,0.22848,-0.19395,-0.37509,0.009439,-0.108,-0.10756,-0.39381,-0.027989,-0.075325,0.15594,-0.1527,0.20713,-0.26513,-0.2165,2.1715,0.34783,0.17657,0.6166,-1.4992,0.091084,0.67302,-0.0020174,-0.34878,-0.024903,-0.11036,0.093332,-0.20163,0.36402,-0.24888,0.16116,0.049186,-0.45053,0.06209,0.34072,-0.45127,-0.40551,0.42019,-0.068271,0.17568,0.028173,0.11584,-0.17103,-0.14359,-0.020264,-0.6415,0.96018,0.069217,-0.00014829,-0.52369,-0.09488,-0.023133,0.13457,-0.14584,1.1446,-0.37588,0.12219,0.17741,-0.046357,0.21045,0.19862,-0.13678,0.013217,0.24289,-0.052323,0.36357,-0.35779,0.0045849,0.12737,0.022513,0.040301,0.039285,-0.1384,0.60962,-0.058808
-0.69229,-0.66991,-0.43373,-0.0146,0.0037849,0.054984,0.10828,0.11175,0.086146,0.070628,0.065181,0.056211,0.041803,0.022614,0.020518,0.030533,0.043939,0.087108,0.14041,0.16246,0.16148,0.1493,0.10944,0.058174,-0.018891,-0.087195,-0.13289,-0.21247,-0.1969,-0.079307,-0.02506,-0.0088509,0.034815,0.018147,-0.040913,-0.10961,-0.16531,-0.14964,-0.031924,0.027024,0.0040491,-0.028148,-0.06052,-0.085641,0.015386,0.0863,0.014144,-0.0799,-0.092731,-0.008224,0.073224,0.071654,0.017799,-0.07291,-0.10758,-0.10227,-0.047018,-0.04547,-0.090637,-0.084391,-0.085221,-0.081353,-0.065739,0.089162,0.21355,0.16014,0.021795,-0.1011,-0.046978,-0.07454,-0.11503,-0.015153,0.079685,0.112,0.096329,0.087695,0.10839,0.020391,-0.10911,-0.003318,0.28264,0.29511,0.062133,-0.05991,-0.048545,-0.031493,-0.016535,-0.0011932,0.0086979,0.01214,0.026085,0.077953,0.15206,0.19468,0.063067,-0.085232,-0.063593,0.027229,0.013385,-0.046064,0.0070864,-0.032752,0.054844,0.17033,0.15274,0.1296,0.075535,0.050653,0.078424,0.078224,0.017437,-0.042951,-0.071993,-0.061197,-0.029872,-0.014194,0.00060305,0.040743,0.087608,0.11813,0.12981,0.11445,0.061538,-0.022158,0.0082456,0.060126,0.038345,0.029714,0.05851,-0.02546,-0.11318,0.2273,-0.37621,-0.65559,0.001286,0.070187,0.11267,0.11028,0.01044,-0.095076,-0.13778,-0.16845,-0.18003,-0.1538,-0.11263,-0.077893,-0.11022,-0.18184,-0.18569,-0.12777,0.010417,0.075817,0.070616,0.12936,0.18736,0.24088,0.25465,0.13143,-0.060384,-0.11027,-0.11534,-0.078183,-0.029451,0.0050359,0.13924,0.33958,0.18991,-0.092617,-0.01579,-0.056616,-0.079648,-0.045044,-0.027341,-0.0053246,0.01892,0.0014521,-0.01578,-0.020305,-0.0090445,-0.034611,-0.1117,-0.16004,-0.049466,0.11696,0.11988,0.11626,0.10892,0.086429,0.051251,0.021259,0.035874,0.10392,0.15332,0.096706,0.011439,-0.059762,-0.092649,-0.053435,-0.036342,-0.03722,-0.76923,-2.7314,-1.7249,-0.74884,0.070987,0.21787,0.77919,0.66602,-1.3831,0.72689,0.2721,-0.65436,0.21107,-0.26932,-0.33408,-0.30976,0.39044,0.31479,-0.15726,-0.2294,-0.086166,-0.14848,0.18786,0.50893,-0.26791,-0.44014,0.23405,-0.0062149,-0.029445,0.078587,2.2189,1.3524,1.0663,-0.92619,-1.0818,0.54292,-0.4026,-0.78783,-0.51124,0.47282,-0.11532,0.029388,-0.58367,-0.092915,0.18679,0.099147,0.050058,0.056703,-0.49697,0.1547,-0.41517,-0.15558,-0.043158,0.25581,0.20439,0.050521,-0.4253,0.091856,-0.16987,-0.29618,2.1428,1.528,0.87082,-1.0269,-0.32385,-0.26235,0.12049,-0.44752,0.81001,-0.21761,0.036346,-0.60977,-0.40392,0.33627,-0.027769,0.026882,0.43329,-0.16096,0.14892,0.20047,-0.10981,0.24796,-0.058017,-0.026599,0.35545,-0.13753,-0.00026022,-0.30603,0.15579,-0.0060456,-0.34719,2.272,-1.0157,1.1035,-0.35765,0.4123,-0.29135,0.39404,0.2137,-0.057667,0.25943,0.073063,-0.035965,0.44899,0.48522,0.25711,-0.2251,0.044692,-0.46077,0.20027,-0.14893,0.16814,-0.47694,-0.20961,0.086992,0.11674,0.28524,0.12949,0.23618,0.012525,2.7978,-1.8165,-0.30067,0.88912,-0.42341,-0.24379,-0.10212,-0.30002,-0.12263,-0.7351,0.11586,-0.098273,-0.58994,0.42986,-0.26018,-0.11668,-0.074318,-0.036092,-0.20566,-0.082074,-0.082477,0.18846,0.11945,-0.0073166,-0.26043,0.20347,0.16914,-0.31124,-0.086059,-0.24615,-0.32687,2.4044,0.49149,0.27624,-0.54373,-0.15402,-0.31227,0.19058,0.54513,0.072332,0.071928,0.071353,0.55837,-0.45829,0.10582,0.010666,-0.32056,-0.42989,-0.44248,-0.055863,0.2512,-0.1133,-0.052905,-0.062319,0.23907,-0.12422,-0.22167,0.098582,-0.38348,0.38744
-0.7248,-0.48875,-0.094279,-0.17744,-0.1714,-0.05019,0.030422,0.045622,0.056955,0.061137,0.060325,0.062505,0.069005,0.051373,0.013612,-0.026224,-0.046406,-0.030378,0.0057506,0.058891,0.10771,0.1141,0.079939,0.0051361,-0.03364,0.028823,0.089093,0.082942,0.10845,0.21945,0.30721,-0.14659,-0.29529,0.03859,0.071711,0.095977,0.04895,0.0060399,-0.0054232,-0.01175,-0.018549,-0.029574,0.011563,0.043849,0.074366,0.085083,0.043134,0.052784,0.090678,0.051452,-0.076652,-0.1501,-0.11499,-0.096945,-0.11462,-0.14213,-0.1422,-0.10978,-0.083134,-0.062888,-0.044787,-0.026048,0.0012809,0.0098677,-0.025187,-0.05876,-0.035344,0.038986,0.072653,0.024903,0.049255,0.12116,0.16343,0.16411,0.1517,0.1134,0.022118,-0.061602,-0.096125,-0.17572,-0.2478,-0.16897,-0.001194,0.081941,0.082454,0.072294,0.037167,0.018628,0.028073,0.034199,0.030944,-0.027259,-0.071836,-0.024373,0.036876,0.1106,0.18964,0.21505,0.25965,0.29081,0.33782,0.23976,-0.0145,0.0028366,-0.010021,0.051105,0.1482,0.15498,0.14183,0.097908,0.051518,0.072507,0.10826,0.074092,0.0052136,-0.047262,-0.042357,-0.00075573,0.038451,0.082783,0.12455,0.12202,0.074375,0.091971,0.11372,0.089898,0.076709,0.071929,0.10787,0.11449,-0.0087446,-0.96248,-0.85056,0.034032,-0.23643,-0.27166,-0.21893,-0.083823,-0.00031826,-0.018496,-0.03299,-0.030457,-0.028768,-0.033229,-0.078889,-0.10586,-0.098566,-0.04569,0.018607,-0.051308,-0.077599,0.010943,-0.093286,-0.12571,-0.099006,-0.049269,-0.0053558,0.0017783,0.0032425,0.011629,0.037128,0.09197,0.19223,0.3263,0.4263,0.38111,0.23951,0.11705,-0.0079162,-0.08203,-0.063242,-0.044078,-0.02907,-0.0069924,-0.028227,-0.041947,-0.0059804,-0.014771,-0.03766,0.0098888,0.049779,-0.023623,-0.042947,0.016262,6.3298e-06,-0.0032017,0.042176,0.096479,0.10772,0.093608,0.053921,0.013725,-0.013321,-0.025638,0.04718,0.13289,0.12946,0.096789,0.1613,0.24689,-0.012308,-1.2298,-1.7366,-0.18382,0.75673,0.54964,-1.0227,0.84117,-0.31187,0.22821,0.6269,-0.23335,-0.19074,-0.32286,-0.28983,-0.23146,0.2484,0.11125,-0.063953,0.25579,0.36647,-0.10014,0.22592,0.1127,0.0092857,-0.18632,-0.17478,0.40138,0.025937,-0.0035142,2.5953,1.276,0.17697,-0.59097,-1.0389,-0.29865,0.21976,-0.65479,0.61659,-0.08066,-0.048021,0.18966,-0.78574,-0.074174,0.52996,0.35667,0.054134,-0.039827,-0.31876,0.12892,0.34152,-0.12418,0.11598,0.16284,-0.0065783,0.1473,0.0051602,-0.16351,0.022432,-0.37728,2.3629,0.54451,0.66198,-1.1437,-0.035506,0.86826,0.57661,-0.45619,0.74587,0.71594,0.37825,-0.33841,-0.1823,-0.24701,-0.0074998,0.97783,-0.081245,-0.13365,-0.19411,0.26642,0.11057,-0.33937,-0.27191,-0.10976,-0.1187,0.38665,0.25724,-0.080259,-0.051573,0.11721,0.091985,1.7015,-0.24462,0.86638,-0.42202,-0.11797,0.059728,1.101,-0.43377,0.041928,-0.00689,0.17426,-0.13711,0.10685,0.71011,0.12856,-0.039888,-0.32012,-0.46203,0.37969,0.042101,0.42602,-0.06077,-0.26452,0.24121,-0.11368,0.20808,0.34359,-0.1417,-0.19503,2.9327,-1.2181,0.64419,0.46352,-0.78731,-0.80477,0.71219,0.16015,-0.13555,0.22459,-0.44459,-0.087471,0.19258,0.4932,-0.44489,0.32916,0.30767,-0.16643,0.12084,0.30046,-0.15112,0.067533,-0.30053,-0.09122,0.090421,-0.0070974,0.022693,-0.034275,-0.06503,-0.43474,0.046096,1.7201,-0.060333,0.54779,-0.58204,0.23774,-0.01943,-0.135,-0.53764,0.31665,-0.32545,0.16453,0.69269,-0.52217,0.39518,0.42146,-0.32483,-0.15907,-0.15011,0.21157,0.25569,-0.39061,-0.012451,0.11803,0.0090657,0.52738,0.27975,-0.1543,0.015723,0.27002
-0.2158,-0.14435,0.23408,0.32216,0.28357,0.19175,0.033656,-0.071646,-0.082408,-0.075192,-0.085102,-0.021845,0.070346,0.062521,0.03964,0.0049855,-0.0086153,0.069851,0.15754,0.17123,0.15107,0.092542,0.006895,-0.07938,-0.10697,-0.0364,0.076313,0.12851,0.096664,-0.03367,-0.11838,0.011146,0.091592,-0.0027917,-0.089396,-0.12002,-0.072168,-0.034275,-0.051949,-0.059952,-0.056237,-0.045654,-0.041846,-0.014445,0.00060003,-0.07886,-0.12793,-0.052853,0.019977,0.092051,0.13243,0.094399,0.07022,0.063484,0.023562,-0.012328,-0.057515,-0.090783,-0.080897,-0.081775,-0.084933,-0.089454,-0.086035,-0.073166,-0.059735,-0.056054,-0.057601,-0.0031126,0.070757,0.057387,0.058914,0.070174,0.050275,-0.00077562,-0.092366,-0.15331,-0.14662,-0.11783,-0.1089,-0.11035,-0.09689,-0.034534,0.031568,0.072163,0.089177,0.070425,0.027886,0.012367,0.023872,0.030014,0.027155,0.027882,-0.055588,-0.1268,-0.10387,-0.052843,0.055202,0.14667,0.23936,0.29768,0.65643,0.3284,-0.073199,-0.097816,-0.10964,-0.12274,-0.087916,-0.017812,-0.020035,-0.096172,-0.13919,-0.048915,0.064398,0.06461,0.029226,-0.016897,-0.02505,0.03964,0.1034,0.12981,0.13264,0.088046,0.0057348,-0.040168,-0.047539,-0.093672,-0.14033,-0.15051,-0.14509,-0.089705,0.034941,0.16355,0.24233,0.24794,0.15034,0.11647,0.1367,0.12521,0.092923,0.11782,0.12207,0.10232,0.076121,0.0088994,-0.15762,-0.28644,-0.24527,-0.10049,-0.085368,-0.071964,0.069268,0.093158,0.056688,0.048993,0.087912,0.14119,0.05125,-0.11664,-0.13002,-0.12222,-0.10325,-0.081844,-0.065269,-0.03913,0.016345,0.071366,0.1235,0.1537,0.045651,-0.054959,-0.051102,-0.042579,-0.033714,-0.013166,-0.027756,-0.029409,-0.034654,-0.04355,-0.024466,-0.02405,-0.038669,0.013204,0.055291,-0.012779,-0.045692,-0.037506,0.018258,0.072799,0.095417,0.08909,0.053121,0.011847,0.044087,0.026224,-0.022949,-0.0048293,0.061759,0.10611,0.19929,0.2991,-0.11777,-2.7436,-0.90443,-0.36807,0.24447,0.07059,0.37338,-0.51513,0.47193,0.098483,0.12375,0.10137,-0.6167,0.11241,0.39255,-0.35603,0.19146,0.54799,-0.30381,0.1687,0.14982,-0.25412,0.15992,-0.048418,-0.063609,-0.21462,-0.18972,0.042831,-0.034394,-0.25951,2.3818,1.191,1.2453,-0.31423,-1.062,0.12312,0.27726,0.79484,0.40619,0.10132,-0.077429,0.02282,-0.014093,0.15619,0.10736,0.17459,0.22258,-0.24493,-0.21174,-0.23958,0.078409,-0.054307,-0.067308,0.14417,-0.077936,-0.18512,0.28441,-0.053427,0.16002,-0.15698,2.0484,1.4658,0.19671,-0.68071,-0.69453,-0.17937,-0.95608,0.033096,0.45343,0.33334,0.19164,-0.070584,-0.042702,0.55769,-0.2314,0.049423,0.0057535,-0.041424,-0.24072,0.1977,0.19526,-0.32611,-0.22822,0.28292,0.083591,-0.14161,-0.016722,-0.080514,-0.02393,0.14914,-0.11688,1.3682,-1.3077,0.4776,-0.03606,0.98414,0.45582,0.12096,-0.40202,-0.70364,-0.57035,0.15883,-0.35515,-0.0029402,-0.16957,0.36019,0.13562,0.14769,-0.11704,-0.12639,-0.46466,0.17672,0.24482,0.036534,0.014543,-0.031032,0.00052157,0.081125,0.013966,-0.08331,3.1992,-1.4845,-0.43049,0.37518,0.035165,0.55971,-0.31001,0.73153,-0.16863,-0.083531,-0.13548,0.12136,0.076049,0.16395,0.016335,0.0032625,0.36749,0.09269,0.21444,0.039018,-0.22112,0.40092,-0.096784,0.084471,0.22988,-0.35019,-0.0075412,0.24293,-0.18579,0.24119,-0.13883,1.6384,0.80955,0.4345,0.088109,-1.1165,-0.12006,-0.051766,-0.16077,0.20803,-0.27327,0.14425,-0.24478,-0.092071,-0.26769,-0.015759,-0.20321,-0.29855,-0.0057715,-0.12001,0.41067,-0.38975,0.07888,-0.18308,-0.1984,-0.048634,0.081207,-0.0078126,-0.16404,0.22202
-0.35586,-0.36508,-0.32159,-0.18167,-0.01642,0.048948,0.037282,0.010941,0.0043029,0.00080293,0.034937,0.068556,0.058738,0.049004,0.042964,0.040978,0.050667,0.091712,0.17729,0.27088,0.28438,0.17414,-0.01205,-0.13411,-0.12016,0.036366,0.20153,0.18632,0.085323,0.043283,0.0036906,-0.013478,0.080631,0.091417,0.04564,0.0062847,-0.026204,-0.050125,-0.057711,-0.041556,-0.029719,-0.034237,-0.049964,-0.084218,-0.14924,-0.15736,-0.13686,-0.10042,-0.011423,0.047599,0.0043179,-0.053405,-0.048947,-0.084321,-0.12508,-0.11494,-0.087033,-0.037449,0.0010519,-0.036381,-0.091057,-0.094822,-0.085397,-0.0708,-0.052568,0.025662,0.087708,0.052332,0.006013,0.023072,0.011187,-0.023217,-0.018561,0.0053598,0.015308,0.033789,0.063027,-0.0079891,-0.10405,-0.093959,0.032559,0.16299,0.19528,0.11791,0.044948,0.0095055,0.0060677,0.01939,0.028531,0.025875,0.018805,0.015105,0.015632,0.04568,0.11225,0.19329,0.14824,0.039939,0.16146,0.28264,0.2924,0.17917,-0.020017,-0.083103,-0.093333,-0.13119,-0.067722,0.053987,0.061039,0.028638,-0.0079658,-0.01716,-0.014708,0.0027734,0.016975,0.024895,0.043623,0.072971,0.12112,0.18084,0.20308,0.13526,0.042969,0.030265,0.045488,0.055593,0.050561,0.04739,-0.05444,-0.23345,-0.32963,-0.064581,0.055356,0.068561,0.06497,0.043029,0.057471,0.079045,0.094817,0.076911,0.042612,0.014161,-0.032476,-0.091181,-0.13556,-0.25305,-0.29283,-0.19289,-0.14806,-0.17435,-0.12705,-0.055849,0.028409,0.12757,0.16348,0.18304,0.12831,0.0087495,-0.043789,-0.08381,-0.10986,-0.084147,-0.050465,-0.037062,-0.060124,-0.03916,0.047316,0.056894,0.0021146,0.013116,0.011403,-0.0084358,-0.018825,0.00070301,0.026327,0.060015,0.092949,0.041697,-0.005809,-0.01207,-0.069806,-0.15657,-0.14623,-0.042086,0.016908,0.063956,0.064751,0.010019,-0.050111,-0.050201,-0.028829,-0.041296,-0.079553,-0.11814,0.06472,0.22865,0.14903,0.079149,0.22256,0.35225,-0.4482,-2.8835,-1.5698,-0.7697,0.098919,0.2308,0.26321,-0.0029289,-0.20274,0.37291,0.72699,-0.36577,-0.58926,-0.052774,-0.082283,0.057889,-0.10219,0.078104,-0.26972,-0.023315,0.022286,-0.26646,-0.11648,0.033213,-0.12984,0.17947,-0.18912,0.010327,-0.13526,-0.095681,2.4766,1.2894,1.1999,-0.57752,-1.2509,0.34682,0.12235,0.26367,0.076848,0.37322,0.29226,-0.017847,-0.40001,0.038111,0.19963,0.22995,0.071098,0.065432,-0.52405,-0.1986,-0.16436,-0.042914,0.19438,0.20006,-0.055624,-0.08233,0.058452,0.10353,0.16879,0.010848,1.9882,1.3235,0.77748,-0.60009,-0.45378,-0.13092,-0.90805,-0.7117,0.63524,-0.048821,0.14097,-0.19114,0.063078,0.21683,0.044163,-0.31182,0.17404,0.38568,-0.26127,0.11571,-0.22362,0.067026,-0.067313,0.10149,-0.13414,-0.024902,0.11162,-0.23865,-0.052661,-0.075151,-0.24313,2.0259,-1.0678,0.55248,-0.12325,0.88962,0.18771,0.36992,0.075083,-0.18804,-0.064876,0.23072,-0.2194,0.32215,0.25456,0.26404,0.018097,0.01456,-0.01162,0.2297,0.0033921,0.093305,0.16867,-0.16551,0.23035,0.072633,0.22713,0.036406,-0.0052541,-0.030225,3.0257,-1.453,-0.21973,0.4778,0.38521,0.41188,0.1284,0.37341,-0.49286,-0.6274,0.019145,-0.12806,-0.3832,0.41439,-0.033522,0.016113,0.22623,0.02588,0.010815,-0.14714,-0.044675,0.30149,0.098273,-0.016831,-0.084073,-0.24376,-0.25532,-0.27,0.0070091,-0.062573,-0.27737,2.159,0.65279,0.22374,0.063288,-0.63069,-0.090709,-0.2156,-0.38403,-0.42818,-0.098181,0.15753,0.19838,-0.32081,0.0049387,0.1585,-0.27794,0.028821,-0.29536,0.0098564,0.14362,-0.25442,-0.016794,-0.036927,-0.11104,0.21703,-0.21326,0.19083,-0.20441,0.065718
0.2244,0.1645,0.0046735,-0.0036098,0.020798,0.047488,0.066441,0.096046,0.10568,0.095537,0.080644,0.025456,-0.028434,-0.047308,-0.061942,-0.067713,-0.077012,-0.079947,-0.064773,-0.0050388,0.049323,0.040931,0.0021155,-0.034837,-0.051869,-0.04325,-0.049484,-0.076865,-0.027018,0.12282,0.24262,0.2082,0.10862,0.23421,0.28873,0.14754,-0.010576,-0.045035,-0.067781,-0.068711,-0.0697,-0.086242,-0.10107,-0.11849,-0.10171,-0.1063,-0.19372,-0.24454,-0.17354,-0.055265,0.061358,0.081046,0.054983,-0.0046005,-0.088968,-0.13058,-0.10382,-0.06974,-0.041459,-0.0012506,0.0073348,-0.043562,-0.087854,-0.079489,-0.072528,-0.08029,-0.077745,-0.082621,-0.11253,0.0052786,0.092844,0.12854,0.12789,0.11449,0.10405,0.086609,-0.011725,-0.090999,-0.072749,0.013499,0.072956,0.078175,0.033328,0.010415,0.016706,0.02373,0.021895,0.018866,0.021764,0.022025,0.017138,0.018667,0.025115,0.022429,0.0015109,-0.00089284,0.0078811,-0.086677,-0.27031,-0.35922,-0.46156,-0.26682,-0.061023,-0.053101,-0.068334,0.026448,0.12924,0.089559,0.062132,0.0517,0.051933,0.053747,0.027229,0.0010533,0.0059477,0.025389,0.037902,0.049179,0.068114,0.062594,0.050969,0.038402,-0.0098082,-0.07862,-0.13125,-0.10262,-0.017306,0.03054,0.04855,0.044593,-0.034928,-0.17081,-0.34568,-0.26194,-0.0046495,0.037856,0.011132,0.037401,0.059766,0.062258,0.0084498,-0.041485,-0.032644,-0.01976,-0.060028,-0.17256,-0.25107,-0.2293,-0.15202,-0.062605,0.084553,0.13822,0.085733,0.07771,0.12247,0.18932,0.23999,0.20194,0.10458,0.031126,-0.049092,-0.07004,-0.052067,-0.0075318,0.083243,0.16192,0.15642,-0.0077231,-0.094338,0.018266,-0.0011438,-0.033237,-0.019201,0.0014591,0.029355,0.061251,0.0025255,-0.039609,-0.030291,-0.060205,-0.093024,-0.036907,0.050403,0.037909,0.02209,0.0081232,0.017253,0.042919,0.030924,-0.0075621,-0.028699,-0.041074,-0.064119,-0.070199,0.022895,0.090135,0.048794,-0.026417,-0.18037,-0.29951,-0.27578,-2.549,-1.7944,-0.65639,0.16029,0.16614,0.27636,0.40225,-0.49097,0.42159,0.7401,0.047873,-0.27728,0.065305,-0.041501,0.28185,-0.18604,0.33442,0.21893,-0.021018,0.23756,0.101,-0.088978,0.093751,-0.15007,-0.35738,0.059155,-0.043975,-0.04204,-0.29596,2.3035,1.4774,0.84535,-0.86994,-1.2359,0.020765,0.14439,-0.15142,0.059503,-0.20694,0.2214,0.10659,-0.41066,0.20726,0.074983,0.012834,0.10063,0.38981,-0.36899,-0.2239,-0.020236,0.10117,0.071788,0.20534,0.13857,0.19118,-0.35258,-0.095479,-0.29425,-0.41052,2.2614,1.1395,1.0624,-0.93416,0.18196,0.5884,-0.097539,-0.519,0.24286,0.55257,-0.043874,0.033677,0.044004,-0.17145,-0.58055,0.10131,0.12733,-0.034549,-0.40343,-0.2298,0.04267,-0.071257,-0.047946,0.29656,0.0087791,-0.024264,0.13991,-0.11834,0.088324,0.17057,0.0482,2.2074,-0.71669,0.67308,-0.33452,0.29138,0.1977,0.36388,-0.19028,-0.063434,0.066962,0.28784,0.059515,0.013824,0.55491,-0.28776,0.26353,0.27658,-0.3013,0.12204,-0.22443,-0.11381,0.14485,0.063429,0.017,0.375,-0.017519,-0.10382,0.075333,0.072595,2.9413,-1.8082,0.025677,0.47568,-0.18659,0.070125,0.19955,0.049646,-0.23539,-0.30755,-0.48413,0.10357,-0.28636,0.04569,0.38567,0.13341,-0.019386,0.088136,-0.14778,0.20839,-0.27914,0.060896,0.016845,-0.034129,0.098731,-0.0028992,0.020546,-0.15986,0.11234,-0.069532,-0.052078,2.1087,0.31854,0.39375,-0.17053,-0.43064,0.0036666,-0.0067326,0.44388,0.62936,-0.36603,0.014423,0.42413,-0.098146,-0.10696,0.19719,0.42551,-0.32081,-0.15968,-0.54777,-0.13296,-0.29628,0.32784,0.011059,-0.14093,-0.14428,0.15118,0.036775,-0.30496,0.25622
-0.158,-0.12887,0.41083,0.80626,0.43559,-0.092727,-0.21126,-0.1411,-0.10537,-0.11025,-0.0361,0.045979,0.030763,0.013262,-0.002796,-0.015046,0.032484,0.14495,0.22855,0.25731,0.19051,0.10618,0.1206,0.18477,0.21137,0.080725,-0.15696,-0.27473,-0.17418,-0.0031824,-0.14045,-0.24354,-0.19927,-0.21647,-0.21963,-0.21503,-0.12176,-0.035784,0.0087241,0.012846,-0.0080792,-0.021607,-0.022688,-0.039296,-0.09998,-0.14568,-0.21743,-0.23799,-0.00067791,0.23884,0.31007,0.28486,0.28232,0.065718,-0.17803,-0.15572,-0.13003,-0.098534,-0.069163,-0.095647,-0.13442,-0.13134,-0.1528,-0.2055,-0.20313,-0.13539,-0.074083,-0.029806,-0.022064,0.039713,0.06883,-0.17711,-0.37583,-0.27183,0.071825,0.35279,0.31676,0.060817,0.025845,0.16521,0.15066,0.07614,0.014505,-0.02633,-0.037679,-0.026219,-0.013681,-0.0039424,-0.00062809,-0.04239,-0.078278,-0.069783,-0.043699,0.023951,0.11214,0.10023,0.087167,0.25257,0.38377,0.3886,0.4618,0.14943,-0.19582,-0.20018,-0.25302,-0.085735,0.10877,0.043718,-0.012952,-0.044984,-0.070672,-0.086845,-0.090251,-0.05881,-0.031899,-0.018029,0.031219,0.098929,0.14284,0.1698,0.14793,0.068923,0.02183,-0.015284,-0.072756,0.030685,0.10654,0.085287,0.067841,0.042576,0.12276,0.49167,0.6454,0.4411,0.25813,0.17994,0.13579,0.090908,0.049251,0.04299,0.09043,0.12541,0.090572,0.0085773,-0.07866,-0.27324,-0.39741,-0.3373,-0.22493,-0.057876,0.16252,-0.01568,-0.196,-0.081938,-0.026716,-0.025774,-0.0078743,0.0084403,0.019088,0.030269,0.045556,0.066298,-0.075334,-0.20891,-0.17642,-0.0729,0.016262,-0.062486,-0.12772,-0.052014,-0.012731,-0.12444,-0.20127,-0.22237,-0.21014,-0.12679,-0.1074,-0.086349,0.025176,0.10051,0.088176,0.077153,0.05825,0.056916,0.076704,0.078493,0.065069,0.05409,0.046346,0.068752,0.094219,0.077539,0.059984,0.17022,0.2654,0.21588,0.1303,0.15284,0.26688,0.35739,-0.52721,-2.7429,-0.085931,-0.62776,0.050966,0.24884,0.12993,-1.0368,-0.33621,0.46343,0.30521,-0.2587,-0.10056,0.4194,0.073356,-0.44422,0.031151,-0.12559,-0.63187,-0.22191,0.65512,-0.31019,-0.1956,-0.072721,-0.22937,-0.014576,0.055846,0.49351,-0.35657,-0.2079,2.4531,0.65565,2.2391,0.90478,-1.1362,0.54393,-0.51864,0.76809,-0.29447,0.14301,-0.025451,0.070434,-0.78118,-0.09911,0.14674,-0.074126,0.87412,-0.49929,-0.28075,-0.17862,-0.29128,-0.16892,-0.10444,0.10692,-0.535,0.13487,0.43618,-0.38928,-0.01329,-0.13233,1.9239,1.8254,-0.35739,0.34542,-0.57759,0.097815,-1.3062,-0.36518,0.20911,0.23693,-0.2224,-0.23273,-0.050065,0.92544,-0.26853,-0.19945,-0.17737,0.22599,-0.45657,0.45401,-0.48495,-0.089704,-0.44026,-0.26082,0.38266,-0.54699,0.16113,0.3944,0.22049,0.042662,0.1041,0.50053,-2.106,-0.61552,-0.43734,0.38322,0.7958,0.33419,-0.20513,0.045478,0.059384,1.1765,0.39301,-0.25495,-0.42417,0.54915,-0.035583,0.17982,-0.28326,-0.47052,-0.33761,0.24702,0.17173,-0.085175,-0.10908,0.41298,0.17481,-0.37999,-0.28344,-0.41548,3.0563,-1.1628,-1.4342,-0.18994,0.033917,0.5788,-0.10326,1.2155,0.060001,-0.13366,0.064241,-0.21407,-0.072832,-0.023541,-0.055606,-0.71109,0.46589,0.33785,0.44645,-0.29552,0.010831,0.43882,-0.34148,0.48596,0.061967,0.1875,-0.040219,0.071766,-0.051909,0.10564,0.24859,0.94049,1.6865,0.21034,0.77909,0.089978,-0.0039439,-0.34356,-0.40045,0.015487,-0.24495,0.81867,-0.17419,0.41093,-1.023,0.22482,-0.4396,0.014997,0.2097,0.0359,0.0028903,0.081424,0.47528,0.61689,0.10336,0.40908,0.34782,-0.33528,-0.044062,-0.15301
-0.15877,-0.19569,-0.15347,-0.13648,0.08229,0.22852,0.079504,-0.057363,-0.10408,-0.067625,-0.025283,0.013811,0.056823,0.056865,0.06451,0.06885,0.055296,0.029921,0.0034274,-0.015175,-0.039013,-0.078721,-0.098744,0.04272,0.27762,0.31245,0.13375,0.059108,0.068008,-0.0395,-0.14133,-0.11025,-0.028502,-0.020061,-0.056373,-0.075504,-0.093729,-0.062307,-0.024331,-0.029743,-0.038422,-0.047281,0.035988,0.085701,0.046106,0.045211,0.10422,0.086636,-0.10343,-0.21121,-0.10131,-0.033239,-0.09549,-0.049138,0.042928,0.04751,0.026439,0.062515,0.010208,-0.10782,-0.15869,-0.2008,-0.20013,-0.14995,-0.089582,-0.074596,-0.059344,-0.021476,0.019355,0.011824,0.025833,0.033098,0.013992,0.0093318,0.010185,-0.0012831,-0.019921,-0.13123,-0.23082,-0.12524,0.089142,0.14078,0.041272,0.007629,0.0078679,0.0207,0.039726,0.057027,0.063419,0.060427,0.057276,0.066319,0.090206,0.05539,-0.0044211,-0.027514,0.0033588,0.14475,0.34828,0.44548,0.62876,0.27592,-0.049602,-0.10767,-0.11355,-0.11333,-0.10541,-0.0086474,0.071012,0.08664,0.076986,0.051758,0.036351,0.047115,0.069887,0.073873,0.062182,0.04491,0.027205,0.0093586,-0.019393,-0.068889,-0.09873,0.05427,0.14912,0.10038,0.065762,0.056242,0.031241,0.012055,-0.039292,0.02254,0.10602,0.022593,0.046273,0.034609,0.055389,0.049213,0.026529,0.024866,0.017665,-0.021788,-0.17655,-0.28311,-0.24059,-0.079814,0.0048009,-0.083258,-0.18325,-0.22373,-0.16358,0.041851,0.15092,0.084562,-0.0036947,0.011015,0.07223,0.029461,-0.11593,-0.24822,-0.28298,-0.28153,-0.24308,-0.16713,0.0043926,0.10772,0.045567,0.041393,-0.022771,-0.070102,-0.037514,-0.01935,-0.0067747,-0.042258,-0.06931,-0.036308,0.0048996,0.019091,0.025395,-0.017295,-0.10501,-0.03224,0.12198,0.12789,0.12948,0.11802,0.086706,0.040364,-0.0045197,-0.024112,-0.028231,-0.034785,-0.034019,0.10073,0.15901,0.095154,0.065494,0.10986,0.24211,0.34977,-0.15485,-2.6171,-1.2671,-0.1066,0.53198,0.012315,-0.32843,-0.40096,-0.0036685,0.049499,0.78746,-0.57087,0.45211,-0.15716,-0.5648,-0.19277,0.21272,-0.13539,-0.091567,0.014625,0.0801,0.37466,-0.15838,-0.12241,0.048495,0.22775,0.034584,-0.024941,-0.092696,-0.17466,2.2875,1.1056,1.1432,0.078041,-1.4749,0.71343,-0.60748,0.25637,-0.36312,-0.023676,0.13698,0.046809,-0.40903,-0.20494,0.009984,0.51499,0.11295,0.0072514,-0.32235,-0.025926,0.056906,0.24168,0.23698,0.15214,0.23373,-0.091272,-0.21159,-0.21685,-0.17543,-0.0755,1.9131,1.3332,0.44181,-0.45009,-0.46987,0.070172,-0.77103,-0.067812,0.55386,0.048996,-0.038451,-0.33485,0.19133,-0.041159,0.62971,0.051431,0.13989,0.19135,0.014266,-0.019295,-0.34196,0.20533,0.13011,0.25871,-0.13,-0.14565,0.071147,0.12223,0.081533,0.20371,-0.48646,1.5827,-1.1962,0.26688,-0.00047699,0.62792,0.23332,0.39384,-0.24429,-0.92575,-0.26129,-0.0051945,-0.56433,-0.075148,0.038039,0.018108,0.25073,-0.46778,0.21394,0.045264,0.31104,-0.19504,0.14739,-0.432,0.24348,-0.11763,0.27344,0.23553,0.13477,0.044033,2.8601,-1.6059,-0.37205,-0.098015,-0.57219,-0.065589,-0.63683,0.60928,0.1393,0.11667,-0.28481,-0.36797,0.60263,0.19319,-0.15609,0.025573,0.035814,0.10632,0.10232,0.018403,-0.44014,0.23543,0.28648,0.019265,-0.26431,0.025624,0.016689,-0.26126,-0.0055687,0.073455,-0.45709,1.9202,0.61557,0.33395,0.25375,-0.80048,0.10684,0.21533,0.19111,0.22923,-0.38581,-0.16775,-0.086243,-0.19136,-0.20213,0.26886,-0.3914,0.19419,-0.5401,0.081848,0.13668,-0.085907,-0.0065294,-0.36841,0.10191,-0.058519,0.13301,0.31407,-0.10672,0.084468
0.35401,0.22458,-0.085506,0.046197,0.38595,0.31354,0.039784,0.0056614,0.021771,0.0078297,-0.016315,-0.025587,-0.033598,-0.055789,-0.09347,-0.10444,0.011662,0.17601,0.24933,0.29589,0.27658,0.17129,0.010387,-0.079586,-0.068258,-0.078647,-0.117,-0.053534,0.12065,0.14398,-0.012263,0.0048682,0.081447,-0.0026428,-0.063305,-0.16156,-0.18357,-0.12229,-0.056089,-0.028439,-0.038082,-0.053572,-0.060348,-0.069223,-0.098723,-0.036842,0.020907,0.029764,0.076083,0.081363,0.049032,0.051392,0.036732,0.036863,-0.011207,-0.11011,-0.10199,-0.05047,-0.019019,0.012881,-0.031884,-0.14337,-0.22552,-0.23623,-0.1573,-0.046684,0.047835,0.0069447,-0.097078,-0.032466,0.0065994,0.073595,0.13329,0.12793,0.096324,0.056655,0.037172,-0.019958,-0.065245,0.059641,0.25936,0.22846,0.06649,-0.0093236,-0.039565,-0.025486,0.016526,0.028877,0.028748,0.021798,0.016672,-0.0079138,0.0037916,0.10729,0.078295,-0.11238,-0.13007,0.070978,0.091541,-0.028366,-0.76031,-0.43656,-0.064458,-0.098912,-0.19363,-0.12765,0.042225,0.042526,0.0017461,0.004135,0.038341,0.054135,0.037971,0.0015169,-0.046464,-0.050298,0.025364,0.10077,0.14462,0.18285,0.19312,0.1336,0.063436,0.010156,-0.02858,-0.053499,-0.077857,-0.073101,-0.06954,-0.17129,-0.088294,0.44434,0.53319,0.202,0.061724,0.136,0.13725,0.10887,0.065128,0.043652,0.043886,0.059711,0.091621,0.11165,0.12105,-8.9666e-06,-0.095547,-0.063318,0.023099,0.03105,-0.06054,-0.071183,-0.0013273,-0.010994,0.027649,0.14408,0.20608,0.15296,0.060957,0.030039,-0.016539,-0.13646,-0.24112,-0.2713,-0.2373,-0.16,-0.046967,-0.027014,-0.049771,0.027079,-0.0028424,-0.026562,-0.0060663,0.015204,0.038673,0.010809,-0.010118,-0.016858,-0.034841,-0.066351,-0.12057,-0.16524,-0.13652,-0.085135,-0.061771,-0.014553,-0.010632,-0.051394,-0.061251,-0.037297,-0.0056381,0.045111,0.22113,0.3223,0.20406,0.034244,0.013868,0.11646,0.11657,0.04654,-0.39274,-2.7652,-0.71695,-0.55277,0.52927,-0.18089,0.53709,-0.52658,0.34434,0.21169,0.20667,-0.25338,-0.42169,-0.092011,0.32708,-0.27561,-0.029076,0.61536,0.24695,0.13793,0.051604,-0.22274,-0.29917,0.36514,-0.090673,0.0012816,-0.29694,0.059467,-0.042853,-0.066678,2.4211,1.0655,1.6712,0.17223,-1.1028,0.41937,-0.10848,0.75024,-0.19854,0.11557,0.19575,0.04895,-0.36806,-0.023381,0.45282,0.019301,0.2319,0.16834,-0.30483,-0.14734,-0.44044,-0.21843,0.13916,0.28508,0.16752,0.33933,-0.19218,0.079204,-0.20159,-0.0056019,1.9814,1.5106,0.27508,-0.22215,-0.52094,-0.16018,-1.0804,-0.78509,0.2032,-0.13778,0.086256,0.036038,-0.039183,-0.067747,-0.10788,-0.23439,0.068757,-0.21464,-0.236,0.12356,0.004577,-0.018777,-0.21355,0.1705,0.11159,-0.21747,-0.09711,-0.21647,-0.081873,-0.163,-0.1612,1.4661,-1.6027,0.34555,0.026797,0.7775,0.28716,0.0027805,0.058641,-0.17008,-0.18274,0.14791,-0.34702,-0.06683,0.38363,0.048305,-0.0013263,0.29781,-0.55016,0.12412,0.24654,-0.1797,0.39694,0.087298,0.21635,-0.26826,0.21515,0.30814,0.68392,-0.074882,2.9938,-1.3975,-0.76296,-0.4624,-0.20009,0.20977,-0.42902,0.25752,0.45473,0.41324,0.44425,0.74727,0.47656,-0.11839,0.17435,0.13613,0.039625,0.11262,-0.011213,0.2168,-0.073996,0.23535,0.23989,0.39765,-0.30901,0.17382,0.14867,-0.48313,0.083072,-0.15784,-0.36085,1.6831,1.2264,0.11133,0.39314,-0.88475,-0.08847,-0.13859,-0.25571,-0.38108,-0.14822,0.015881,0.08332,-0.21506,0.20239,0.02341,-0.10487,-0.0065022,0.011586,-0.41884,0.526,-0.24841,-0.49014,-0.069557,-0.1158,-0.19353,-0.16513,-0.13251,-0.43389,-0.19026
-0.22769,-0.19101,-0.048196,-0.08789,-0.23536,-0.19946,-0.043986,0.063771,0.074118,0.023703,0.028202,0.059968,0.06007,0.059153,0.052868,0.04286,0.048752,0.054921,0.051905,0.072055,0.09185,0.079472,0.0055609,-0.090012,-0.14386,-0.16959,-0.15946,-0.080402,0.01369,0.060124,0.16335,0.091741,0.031771,0.241,0.23156,-0.041422,-0.14628,-0.16516,-0.12751,-0.078644,0.0068601,0.10029,0.091487,0.042027,0.033343,0.032305,0.017299,-0.048317,-0.13471,-0.22554,-0.25582,-0.25476,-0.20413,-0.11969,0.10972,0.24526,0.17727,0.10722,0.099098,0.099019,0.041952,0.0065865,-0.024778,-0.054695,-0.040696,-0.049783,-0.045095,-0.060096,-0.060322,0.013686,-0.011441,-0.051282,-0.1524,-0.23394,-0.23377,-0.18927,-0.092356,-0.082315,-0.18574,-0.26341,-0.1725,0.044473,0.17771,0.15085,0.097652,0.058063,0.034913,0.018718,0.01303,0.019122,0.032644,0.068284,0.11237,0.094332,-0.0097488,-0.063669,-0.027165,0.07812,0.30897,0.44894,0.4235,0.15094,-0.039089,0.011444,0.077664,0.066162,-0.061626,-0.12845,-0.10285,-0.061547,-0.0089568,0.018798,0.037192,0.065309,0.067849,0.051942,0.058687,0.066225,0.066949,0.087536,0.10856,0.093488,0.077009,0.081652,0.063451,0.034024,0.030873,0.050952,0.034837,0.022143,-0.089055,-0.32083,-0.43249,-0.37523,-0.14081,0.070827,0.14212,0.17671,0.17827,0.15765,0.076346,-0.12404,-0.30326,-0.32947,-0.19483,-0.02666,-0.042873,-0.14374,-0.2125,-0.14128,0.073846,0.090387,-0.041684,-0.14271,-0.20449,-0.19961,-0.071478,0.042813,-0.00066756,-0.12642,-0.28664,-0.3132,-0.14035,0.078653,0.192,0.21208,0.17986,0.088846,0.071093,0.13507,0.11795,0.13064,0.082511,0.046662,0.066304,0.093422,0.12001,0.05489,0.020753,0.066918,0.013447,-0.11966,-0.1369,-0.059656,-0.044838,-0.013024,0.026364,0.062867,0.064757,0.054882,0.07486,0.11022,0.11793,0.065157,0.0022271,-0.02566,-0.035547,0.0028832,0.15892,0.2857,-0.059719,-1.8904,-2.1559,-0.16522,-0.074626,0.19819,0.27498,0.031999,-0.14369,0.21734,0.61295,-0.04701,-0.22659,0.23427,0.12281,-0.15444,0.10667,0.39565,0.47552,-0.47612,-0.20778,-0.21635,-0.33824,-0.081927,0.044613,0.15789,-0.013228,0.12778,-0.099923,-0.07033,2.4442,1.0502,0.17528,-0.41241,-1.0311,0.47796,-0.61927,-0.15905,-0.36534,-0.014861,-0.14369,0.36967,-0.062276,0.11576,-0.17419,-0.084284,0.054432,0.099342,0.0024328,-0.12603,-0.062425,-0.070128,-0.073797,0.066777,-0.089667,-0.0051417,-0.075488,-0.11419,-0.12681,0.028071,2.13,0.61632,0.57037,-1.302,-1.012,-0.46353,-0.27504,0.010784,0.45659,0.20367,0.11987,0.047552,-0.19068,0.2283,-0.18806,-0.27244,0.030754,-0.0027543,0.56736,0.14137,-0.18639,0.1143,0.15157,0.51006,0.29923,-0.22599,-0.072556,0.11863,0.060885,0.057816,-0.34987,1.6215,-0.086211,1.1349,-0.14635,0.57395,0.4345,0.28004,-0.16544,-0.0051573,-0.024176,-0.14625,-0.033922,0.13723,0.09545,0.055038,-0.0059213,0.1825,-0.019163,-0.051949,-0.17658,-0.27418,-0.1574,-0.38738,0.5224,0.10833,-0.31472,0.0033459,0.037978,-0.071358,3.1102,-0.97802,0.56518,0.6553,-0.49921,0.41929,0.12885,0.11694,-0.23062,-0.21681,0.0086432,0.28052,-0.16464,0.14456,0.18213,-0.11038,0.18421,0.09938,0.0029941,-0.33843,-0.16983,0.012377,0.60662,0.11365,-0.2123,0.026197,0.11484,-0.053238,-0.26841,0.073906,-0.26701,1.6723,-0.22994,0.51426,-0.70493,-0.55448,0.021825,-0.43688,-0.36495,0.011074,0.26521,0.10326,0.067101,-0.15203,0.0067813,0.17379,-0.2562,-0.12183,-0.038028,0.23419,0.050048,0.19986,0.11711,-0.30173,0.48395,-0.34288,-0.10187,-0.32534,-0.014797,-0.083476
-0.027214,0.088225,0.095882,0.20618,0.40153,0.22885,-0.031074,-0.034919,-0.045169,-0.078761,-0.10256,-0.11512,-0.11178,-0.075528,-0.058169,-0.079436,0.00066982,0.11466,0.12332,0.10007,0.069178,0.040194,0.0089153,-0.0045267,-0.011442,-0.063608,-0.11167,-0.094865,-0.011521,0.056012,0.029159,0.05541,0.053801,-0.031807,-0.15298,-0.15631,-0.14209,-0.06037,0.008609,0.0033799,-0.014469,-0.027789,-0.037896,0.036427,0.057592,0.0075445,0.036112,0.05301,0.00018924,-0.0018518,-0.0087458,-0.047491,-0.032607,0.030722,0.1117,0.098292,0.023464,-0.029566,-0.021109,0.06127,0.09213,0.042468,-0.0037678,-0.019071,-0.10616,-0.19279,-0.15383,-0.13367,-0.048306,-0.004284,0.016103,-0.020845,-0.18065,-0.27013,-0.29057,-0.21388,-0.060754,-0.011201,-0.1473,-0.21754,-0.041782,0.1393,0.11958,0.061748,0.022488,0.011284,0.012402,0.017004,0.024753,0.035725,0.047613,0.062185,0.057451,0.062866,0.091704,0.077292,0.079265,0.20688,0.36617,0.41623,-0.041917,-0.13074,-0.11217,-0.12302,-0.15912,-0.083885,0.10156,0.10935,0.021803,-0.062111,-0.017578,0.080103,0.12768,0.10634,0.044514,0.015874,0.046289,0.082841,0.092971,0.087518,0.07372,0.047581,0.063206,0.056853,0.00089795,-0.045289,-0.0691,-0.061029,-0.093938,-0.15656,-0.12111,0.099728,0.020633,-0.035818,0.091917,0.070158,0.071652,0.040484,-0.0050963,-0.0096961,0.015687,0.042663,0.048136,-0.071376,-0.19741,-0.16591,-0.025226,0.0033776,-0.084615,-0.12124,-0.082631,-0.077728,-0.030582,-0.025271,-0.10426,-0.069604,0.078136,0.14244,0.066403,-0.062409,-0.17121,-0.24835,-0.30335,-0.34018,-0.26369,-0.19454,-0.21985,-0.12135,0.066921,0.15331,0.17784,0.098274,0.025903,0.059136,0.082442,0.10033,-0.0076235,-0.082921,-0.010361,0.023092,0.038878,0.045531,-0.00075198,-0.0048752,0.015804,0.020767,0.020022,0.03317,0.063504,0.10012,0.11679,0.10113,0.10851,0.19211,0.22686,0.1697,0.11023,0.12722,0.23274,0.32223,-0.33107,-2.5158,-1.2264,-0.32256,0.014922,0.14387,0.2762,-0.69888,0.2025,0.095537,0.53743,0.026151,-0.27037,0.26895,0.19513,-0.1609,-0.049716,-0.0046419,0.092794,0.27812,-0.21857,-0.10011,-0.022181,0.20066,-0.021248,-0.024834,0.39102,0.25318,-0.24835,-0.19684,2.3248,1.1557,1.1774,-0.24075,-1.4237,0.0874,-0.0043834,0.96854,0.091849,0.028817,-0.002426,0.22083,-0.077019,-0.10279,0.068681,-0.17649,0.17706,0.085574,0.071202,-0.10296,-0.30291,0.0054697,-0.19617,-0.065089,0.040751,-0.030147,-0.082137,0.14056,0.08286,-0.091154,2.0544,1.0778,0.32725,-0.33226,-0.88399,0.28355,-1.1688,-0.067707,-0.043541,0.28719,-0.19613,0.072308,0.024871,-0.0053693,-0.12353,-0.22818,-0.20372,0.028263,0.25305,0.051168,-0.16167,0.11298,-0.27926,0.10839,0.34726,-0.19379,0.0062818,0.13079,-0.25027,0.11057,-0.21259,1.5547,-1.0449,0.5337,-0.10142,0.80502,1.2343,0.029045,-0.25123,0.16074,0.027946,0.086732,-0.060567,-0.19525,-0.39615,0.39639,-0.071263,0.29074,-0.47692,0.0070925,0.33246,-0.1231,-0.075647,0.027425,-0.0066187,0.12688,0.069942,0.08188,-0.03143,-0.081605,3.1068,-1.264,-0.39635,0.11181,-0.45411,0.38904,-0.79328,0.83621,-0.068216,0.11933,0.14986,-0.041615,0.40228,-0.13666,0.30844,-0.25739,0.091884,0.076391,-0.26938,-0.2187,-0.11311,-0.0075805,-0.16258,-0.0045752,0.093909,0.19726,0.067423,-0.055708,0.055606,0.16899,-0.25134,1.6873,0.78058,0.27023,0.01298,-0.76947,0.26862,-0.4084,-0.66125,-0.068231,0.02226,-0.056983,-0.47405,0.21878,-0.17274,0.028859,-0.14323,0.034379,0.15409,0.047737,-0.25128,0.23547,-0.19121,0.23338,0.050949,0.18743,0.030212,-0.027344,0.013937,-0.19367
0.031955,0.17028,0.15499,0.21482,0.42233,0.17612,-0.081164,-0.032728,0.0059062,0.012237,-0.0094633,-0.025284,-0.030015,0.0063352,0.051498,0.059021,0.066286,0.063156,0.033094,-0.049479,-0.090441,-0.077087,-0.048754,0.039038,0.1076,0.036365,-0.11928,-0.23688,-0.28348,-0.25343,-0.11764,-0.0090216,0.035395,-0.029498,-0.1727,-0.20706,-0.13956,-0.062725,-0.034095,0.0015418,0.040952,0.048042,0.044825,0.024567,-0.025961,-0.02936,0.030955,0.077424,0.079327,0.056565,0.053447,0.069509,0.091552,0.053179,-0.013885,-0.11236,-0.16062,-0.13145,-0.11044,-0.093657,0.028481,0.1015,0.052462,0.078403,0.022259,-0.094822,-0.078602,-0.077025,-0.068727,-0.0020689,-0.035469,-0.049323,0.012552,0.060503,0.076622,0.0064797,-0.15087,-0.23224,-0.16806,-0.023545,0.051458,0.027662,0.0045839,0.013774,0.01182,0.0083736,0.013729,0.025672,0.035792,0.044129,0.053033,0.01192,0.021614,0.09229,0.089239,0.068149,0.023713,0.12025,0.35265,0.42531,-0.15286,-0.2074,-0.14862,-0.1963,-0.26864,-0.26589,-0.069702,0.088207,0.013731,-0.048444,-0.037419,0.012193,0.043564,0.048956,0.048976,0.047772,0.049246,0.046809,0.028957,0.025495,0.049827,0.059962,0.065576,0.062381,-0.016679,-0.11928,-0.17286,-0.19298,-0.16314,-0.07146,-0.045497,0.14596,0.18199,0.076063,0.16045,0.14992,0.11108,0.068637,0.059018,0.098356,0.11429,0.091271,0.060879,-0.0096459,-0.069,-0.070198,0.01615,0.10639,0.09883,0.051968,0.029289,-0.055098,-0.10885,-0.044974,0.035834,0.010691,-0.071801,-0.071347,-0.049715,-0.0043999,-0.048519,-0.15445,-0.24598,-0.20381,-0.020947,0.051922,-0.03422,-0.062055,-0.033491,0.044523,-0.0017736,-0.026009,-0.0058603,0.014093,0.037792,0.014461,-0.021777,0.00023608,-0.0031248,-0.054499,-0.084225,-0.0047961,0.081919,0.057163,0.066933,0.071642,0.066131,0.062564,0.060809,0.064607,0.072176,0.18516,0.28927,0.24931,0.14975,0.082526,0.10465,0.18602,0.33085,0.45383,-0.22349,-2.2831,-0.99829,-0.17932,0.0011817,0.081417,0.17249,-0.91432,-0.41439,0.011951,0.44466,-0.42054,0.068416,-0.24491,-0.13398,-0.10959,0.40046,0.23636,-0.24625,0.189,0.015357,-0.035945,0.058562,0.18943,-0.28391,0.079485,0.2311,0.12658,-0.10813,-0.1034,2.2174,0.84136,1.1193,0.25831,-1.248,0.50367,-0.6332,1.0268,-0.036333,0.10932,-0.1687,0.14594,-0.68882,-0.2886,0.24345,0.27554,0.16418,0.14388,-0.26738,-0.025882,-0.32304,-0.093042,0.022911,0.1678,0.14821,0.12158,-0.24627,0.030134,0.020951,0.03611,1.9225,1.0523,0.067815,-0.47934,-0.45665,0.68749,-1.3495,0.027747,0.1347,0.37576,-0.027224,-0.18101,-0.30539,0.072045,0.2536,-0.21421,0.14248,-0.034779,-0.13546,0.29861,-0.1418,0.18885,-0.13384,0.094753,0.090224,-0.064699,-0.081546,-0.051655,-0.17921,0.1081,-0.42522,1.2009,-0.97685,0.32368,0.24119,0.88009,0.6908,0.2952,-0.22455,-0.70855,-0.35598,-0.1427,-0.66346,-0.14762,0.11661,0.33593,-0.088244,-0.039534,-0.25936,0.049104,0.25623,-0.085662,0.11125,-0.345,0.037395,0.12924,0.23428,-0.0088808,0.2406,-0.0035197,2.1343,0.83738,-0.82678,0.29787,-1.7397,0.7159,-0.9803,0.63921,0.017264,-0.32864,0.44657,-0.32209,0.30603,0.42467,0.28098,-0.11692,0.071589,-0.37624,0.012573,-0.17008,-0.27594,0.53256,0.024177,0.073147,-0.15027,0.26327,0.042566,-0.21374,0.028488,0.060967,-0.51544,1.3401,0.72246,0.11779,0.20924,-1.2395,0.10114,0.25103,-0.23166,-0.069177,-0.46214,-0.2482,-0.33679,-0.19702,-0.0025929,0.056908,-0.52966,-0.14091,-0.27257,-0.16239,0.47289,-0.052557,-0.33937,-0.18174,-0.15126,-0.16326,-0.09644,0.11218,-0.25222,0.3104
0.0079167,0.058884,0.039068,-0.053703,-0.16547,-0.117,-0.0076833,0.03838,0.066014,0.083164,0.072264,0.064668,0.058204,0.048862,0.062201,0.082173,0.049935,-0.0011919,-0.023488,-0.004031,0.032289,0.037978,-0.009201,-0.064351,-0.081631,-0.042807,-0.0058616,-0.055859,-0.17236,-0.28794,-0.16311,0.093001,0.19887,0.17502,0.0046069,-0.1049,-0.18402,-0.20702,-0.16055,-0.034861,0.049114,0.093241,0.10504,0.099769,0.089967,0.034699,-0.054456,-0.091837,-0.015569,0.082365,0.084687,0.072186,0.12397,0.13736,0.08901,-0.025729,-0.10476,-0.096606,-0.089583,-0.081823,-0.071273,-0.064931,-0.053101,-0.035453,-0.022865,-0.0042041,0.01794,-0.01588,-0.032546,0.03975,-0.052983,-0.14311,-0.10483,-0.015134,0.077808,0.12729,0.091588,-0.076652,-0.28356,-0.35236,-0.23769,-0.045674,0.089152,0.10441,0.076137,0.05306,0.043543,0.041015,0.057274,0.083423,0.097552,0.096841,0.052829,0.00072169,-0.0051719,0.0079882,0.063198,0.13836,0.12952,0.08852,0.022312,-0.076448,-0.08709,-0.067602,-0.11242,-0.21593,-0.30311,-0.19515,0.050238,0.0807,0.052227,0.027375,0.017508,0.01946,0.059161,0.088042,0.057155,0.017752,0.0033903,0.020652,0.05331,0.053549,0.0001797,-0.082822,-0.138,-0.14359,-0.092217,-0.046996,0.033673,0.16363,0.16597,-0.16419,-0.21682,-0.14394,0.062831,0.1091,0.15414,0.18429,0.1786,0.12768,0.041461,-0.11782,-0.20295,-0.09609,0.072404,0.072764,-0.07589,-0.11866,-0.020657,0.097037,0.12055,-0.017139,-0.15237,-0.14852,-0.072769,-0.065044,-0.10913,-0.10165,-0.084162,-0.041237,0.011036,0.03562,0.056726,0.078082,0.041752,-0.059006,-0.085251,-0.029336,0.047125,0.11314,0.024644,-0.015775,-0.00058513,0.014156,0.041576,0.073076,0.052816,0.016272,0.071462,0.11457,0.030994,-0.041814,-0.038384,-0.020121,-0.0079183,0.0062869,0.015614,0.082253,0.17852,0.2149,0.19987,0.13576,0.094845,0.13826,0.15533,0.12209,0.10775,0.11155,0.13914,0.17168,-0.23111,-1.786,-1.7646,-0.099791,0.25956,-0.00068397,-0.058498,-0.14697,-0.084253,0.042012,0.70611,-0.4174,-0.12271,0.1749,0.37601,-0.063117,0.25431,0.22212,0.45471,0.069019,0.42551,-0.17819,0.034067,-0.18667,-0.10181,-0.14089,0.29933,0.1147,-0.18489,-0.19527,2.2876,0.84722,0.36972,-0.16616,-1.085,0.34689,-0.40728,0.23252,-0.075223,0.38175,-0.25978,0.44472,-0.2333,-0.13766,-0.19964,0.32382,0.25887,0.48443,-0.17696,0.099134,0.011734,0.087669,-0.021106,0.045529,-0.074333,-0.033721,-0.21629,-0.20097,0.21596,-0.15637,2.1767,0.54096,0.4476,-0.90858,-0.52584,0.41317,-0.62718,-0.048481,0.27001,0.33641,0.2622,-0.25807,-0.51077,0.0026076,0.079895,-0.34731,-0.27022,-0.00018183,0.20767,0.13336,0.16087,-0.12599,0.23342,0.23747,0.037743,-0.011243,0.19674,-0.13616,0.11011,0.22208,-0.13561,1.4973,-0.35774,0.82111,-0.076849,0.56792,0.5942,0.22668,0.18437,-0.096305,0.18871,-0.27712,-0.33504,-0.024716,0.2501,0.5202,-0.13327,-0.3059,-0.39898,0.2811,-0.14393,-0.13097,0.035142,0.10791,-0.2048,0.12481,-0.044292,0.084687,0.084549,0.052749,3.0352,-0.96768,0.26725,0.42658,-0.056281,0.49528,0.332,0.46192,-0.21953,-0.013104,0.39538,-0.12214,0.016194,0.50075,-0.061958,-0.15225,-0.044435,-0.2829,-0.11979,0.05514,-0.014806,0.25397,0.29556,-0.2346,0.068581,0.039874,-0.34092,-0.17807,-0.24499,0.041335,-0.29494,1.4515,0.074412,0.29127,-0.22098,-0.59816,0.041875,0.17694,0.21651,0.25488,-0.086858,-0.11545,-0.21847,0.077675,0.18673,0.23388,0.071353,-0.19162,-0.15747,0.29513,-0.045707,-0.238,-0.20018,0.3701,0.18027,-0.34142,0.046714,-0.079762,-0.012532,-0.11303
0.38133,0.29416,0.074225,-0.13012,-0.27878,-0.26289,-0.11657,0.0035668,-0.026924,0.0063533,0.090257,0.07805,0.068748,0.05651,-0.056165,-0.15892,-0.12328,-0.048984,-0.021222,0.011222,0.02495,-0.013952,-0.043883,0.030578,0.09688,0.03754,-0.018691,0.011171,-0.0097767,-0.042423,0.024186,0.034286,0.0084938,0.025987,0.049335,0.10801,0.13623,0.1042,0.048262,0.0024994,0.12687,0.22144,0.19032,0.15505,0.067787,-0.079256,-0.17965,0.071951,0.20504,0.036418,-0.14823,-0.20498,-0.15406,-0.12069,-0.13981,-0.16079,-0.085313,0.0039229,0.02126,0.015679,-0.00033292,-0.0029846,-0.010041,-0.014203,-0.00086998,0.00052849,0.0046442,0.033238,0.027253,-0.056218,-0.0229,-0.04486,-0.045804,-0.020013,-0.010009,0.0062409,0.016235,-0.14219,-0.29578,-0.24885,-0.049201,0.081323,0.066959,0.011749,0.001337,0.0066456,0.021397,0.032239,0.038112,0.0527,0.07178,0.087392,0.042397,-0.0038585,-0.038839,-0.060534,0.0013873,0.12502,0.20478,0.19289,-0.30553,-0.027137,0.25114,0.12303,0.019352,0.034415,-0.086415,-0.23616,-0.24213,-0.11992,-0.020003,-0.032049,-0.01602,0.011279,0.072092,0.10597,0.15493,0.22365,0.24773,0.13683,-0.018276,-0.066256,-0.11067,0.039855,0.14135,0.095418,0.062691,0.065903,0.045354,0.051973,0.068442,-0.70455,-0.62567,-0.010065,-0.18349,-0.16015,-0.12483,-0.11753,-0.078689,-0.040914,-0.10894,-0.20258,-0.18175,0.12034,0.30499,-0.039501,-0.21642,0.084427,0.26283,0.017511,-0.068161,0.094597,-0.04485,-0.11138,-0.092088,-0.050371,-0.034767,-0.075787,-0.12012,-0.134,-0.15129,-0.11984,-0.00064493,0.1369,0.20195,0.17343,0.14001,0.17803,0.13288,0.043989,0.067181,0.012123,-0.027888,-0.010557,0.013317,0.047693,0.088253,0.08071,0.081192,0.05653,-0.04949,-0.13687,-0.076379,0.062167,0.078712,0.072744,0.038682,0.024679,0.066359,0.1236,0.15624,0.13826,0.10137,0.019966,-0.028598,-0.018438,-0.011646,0.032752,0.083644,0.10638,0.048993,-1.6022,-1.9325,-0.10647,0.037653,-0.016398,-0.041773,0.56521,-0.56632,0.00079176,0.26894,-0.27605,0.060101,0.057274,-0.07174,0.31671,0.52934,0.48675,-0.045228,-0.067463,0.098212,0.021837,0.29989,0.16244,-0.10803,0.22494,0.31745,-0.1588,0.43896,0.17288,2.3445,1.0919,-0.027378,-0.91264,-1.3943,-0.17663,0.55535,-0.36013,0.62599,-0.22304,-0.15498,0.23598,0.084502,-0.29296,0.16639,0.043019,-0.11845,0.1359,-0.35149,-0.024684,-0.13714,0.14301,0.015192,0.31759,0.084828,0.23968,-0.27067,0.19124,0.01169,0.32353,2.3555,0.17754,0.89062,-1.0215,-0.50552,0.5294,0.15245,0.10395,0.77216,0.37853,0.30987,0.48782,0.02884,0.16229,0.17793,-0.32323,0.17068,-0.10611,0.2919,0.23638,-0.12023,0.050052,0.072752,-0.036745,0.1744,0.034786,0.19214,-0.52976,-0.082444,-0.13378,-0.30851,1.647,-0.010579,0.71549,-0.09802,0.15601,-0.30024,0.74351,-0.46152,-0.34619,-0.07012,-0.14312,-0.23417,0.33041,0.10018,0.19176,0.022501,-0.26683,-0.11189,-0.1494,0.54328,0.17425,0.0058182,0.14579,-0.11343,-0.16282,0.15654,0.26011,0.21374,-0.0087039,3.0497,-0.97876,0.75034,0.25648,-0.77914,-0.19,0.22417,0.046025,-0.068502,0.16725,-0.18138,-0.28703,0.24536,0.62862,-0.527,0.2484,-0.045535,0.20726,-0.39107,-0.030743,-0.10927,-0.085415,0.0083544,-0.02374,0.087055,0.1311,0.22484,-0.13785,0.11714,0.19019,-0.28473,1.7071,-0.49257,0.38384,-0.49753,0.15428,0.13115,-0.056914,0.053645,0.47979,0.012555,0.025773,0.015105,-0.39748,0.13713,0.1253,-0.34787,0.20975,-0.16225,0.041317,0.11018,0.1753,-0.062924,-0.033807,-0.11232,0.044679,-0.041148,-0.084353,-0.073889,-0.32888
0.0354,0.062578,0.023677,0.017539,0.047953,0.074779,0.046353,0.024558,0.056103,0.050908,-0.0022961,0.018146,0.067826,0.056815,0.030529,-0.0015665,-0.023203,-0.045629,-0.051466,0.0016699,0.017551,-0.040506,-0.10376,-0.12399,-0.082916,-0.023025,-0.0046443,-0.0099406,-0.035079,-0.0061009,0.087645,-0.14852,-0.18126,0.15398,0.13672,0.046681,-0.028766,-0.11525,-0.15241,-0.11217,-0.069822,-0.076034,-0.089216,-0.10535,-0.077836,-0.018151,0.022745,0.066262,0.1234,0.13673,0.088606,0.067702,0.079329,0.05568,0.01207,-0.04224,-0.059768,-0.073349,-0.092624,-0.075648,-0.056029,-0.037333,-0.019073,-0.0062262,-0.018102,-0.058142,-0.072165,-0.0077887,0.13699,0.091885,-0.21801,-0.31019,-0.24954,-0.097098,0.076088,0.21355,0.26465,0.13463,-0.11703,-0.21667,-0.1026,0.011478,0.0056118,0.044408,0.090488,0.065344,0.037679,0.030472,0.032157,0.035991,0.045384,0.064608,0.087755,0.019463,-0.060436,-0.06206,0.0026717,0.10538,0.092316,0.037551,-0.095661,-0.089585,-0.047012,-0.057586,-0.079065,-0.1027,-0.058628,0.0029381,-0.080103,-0.12919,-0.054271,0.047865,0.09662,0.075823,0.028142,-0.016859,-0.025405,0.032932,0.091787,0.079388,0.031686,-0.029028,-0.098842,-0.1476,-0.15316,-0.025344,0.071874,0.073913,0.096278,0.084343,0.021088,-0.82347,-0.81707,-0.12672,-0.0075902,0.01191,0.058036,0.13524,0.18698,0.1664,0.054903,-0.026374,-0.01992,-0.008627,-0.030078,-0.05197,-0.006104,0.078274,0.1589,0.17804,0.090169,-0.044116,-0.085625,-0.043036,0.011228,0.017104,0.0023987,-0.0014733,-0.018274,-0.0001777,0.032678,0.077655,0.1148,0.16303,0.24531,0.28859,0.28394,0.31148,0.31505,0.10852,-0.0065729,0.028862,0.023772,0.0066571,0.017449,-0.042975,-0.10446,-0.074383,-0.001543,0.027766,0.0078487,-0.020591,-0.060597,-0.066779,-0.050158,-0.027061,0.0070917,0.0023078,-0.0028801,0.03102,0.058025,0.059766,0.034992,0.081277,0.096736,0.051936,0.021683,0.027452,0.065651,0.095311,-0.25696,-1.5424,-2.1815,-0.10868,0.10717,0.21639,-0.23336,0.33556,-0.32282,0.58245,0.41131,0.092024,0.11688,0.31578,0.11965,-0.024993,0.2477,-0.32106,0.18725,-0.18743,0.47855,-0.3346,0.032259,-0.069881,-0.1421,-0.15874,-0.099331,0.41357,-0.026806,0.087322,2.4617,0.75589,0.061562,-0.40646,-0.92874,0.53626,-0.92991,-0.57374,-0.30285,-0.01588,0.0024382,0.19519,-0.59634,-0.064735,0.060283,0.11075,0.69459,-0.083586,0.096539,0.082484,0.26419,0.066013,-0.0054783,0.15068,-0.13976,0.14315,-0.07359,-0.13785,0.09357,-0.17943,2.1883,0.47589,0.51138,-1.2321,-0.45459,0.62689,-0.031278,-0.33265,0.87888,0.41986,-0.057622,-0.45025,-0.22452,0.38642,0.018658,0.20692,-0.41386,-0.71064,-0.099298,0.0027561,0.05571,-0.42281,-0.16744,-0.039474,-0.27362,0.14284,-0.0023261,0.026228,0.24248,0.017407,-0.26267,1.6556,-0.18338,0.81885,-0.13791,0.29201,-0.0078422,0.51569,-0.35117,-0.50213,0.12269,0.41882,0.040529,-0.058675,-0.015749,0.48019,-0.14516,-0.36473,-0.40044,0.1661,-0.10086,-0.27127,-0.12182,-0.038286,-0.056892,0.30103,0.2198,-0.04761,-0.29315,-0.11732,2.9525,-1.0162,0.6043,0.66165,-0.75314,-0.12299,0.35691,0.22428,0.058863,-0.35177,-0.18016,-0.27034,0.038006,0.3183,-0.28842,-0.48652,0.12241,-0.39193,0.019924,0.094756,-0.044543,0.053637,-0.1435,0.075698,0.16511,0.09142,-0.022778,-0.2296,-0.24049,-0.031618,-0.2162,1.7543,-0.41898,0.38385,-0.59068,-0.17801,-0.053081,0.057187,-0.21949,0.33313,-0.2976,0.1262,0.4146,-0.031949,-0.41141,-0.007452,-0.32857,-0.1502,-0.10857,0.24952,0.085714,-0.088278,-0.40671,0.4785,0.20312,0.15447,0.22135,-0.12751,-0.028394,0.12748
-0.02104,-0.074802,0.085576,0.33737,0.44521,0.24401,-0.026669,-0.086447,-0.10088,-0.11943,-0.024698,0.083596,0.066046,0.035213,0.037623,0.022568,-0.053915,-0.075096,-0.03313,0.065641,0.19937,0.31307,0.37392,0.39188,0.39266,0.27803,0.12202,0.04844,-0.085207,-0.28833,-0.2945,-0.11908,-0.079733,-0.20973,-0.42913,-0.43347,-0.26229,-0.078579,-0.031298,-0.026946,-0.019305,-0.020252,-0.044036,-0.079244,-0.14606,-0.16533,-0.16354,-0.18013,-0.15662,-0.036908,0.10256,0.082076,0.071546,0.013719,-0.030623,-0.00055552,0.040727,0.091823,0.083765,0.040654,-0.013057,-0.092729,-0.16772,-0.28343,-0.35928,-0.26788,-0.20566,-0.21891,-0.21563,-0.18073,-0.08454,-0.028436,0.015697,0.10558,0.21783,0.27176,0.21214,0.13731,0.12407,0.070542,0.0071163,-0.042932,-0.05803,-0.045722,-0.031497,-0.016496,-0.015739,-0.018438,-0.012681,-0.00759,0.0012882,0.025623,-0.0033191,-0.04322,-0.088296,-0.12443,-0.040977,0.08331,0.29539,0.44573,0.59168,0.15814,-0.14573,-0.1842,-0.19346,-0.17685,-0.087609,-0.058917,-0.037628,-0.034009,-0.047651,-0.051779,-0.089384,-0.12106,-0.16125,-0.22841,-0.28657,-0.26347,-0.19825,-0.014282,0.16271,0.20694,0.17886,0.091297,0.21687,0.33538,0.2974,0.21838,0.17541,0.24363,0.19444,-0.12611,0.046138,0.26857,0.29946,0.2622,0.17034,0.046653,0.0052086,-0.0011735,-0.013423,-0.035561,-0.062881,-0.10824,-0.155,-0.31312,-0.38233,-0.31808,-0.3176,-0.28329,-0.0016317,0.16378,0.057017,0.080499,0.12942,0.12707,0.13316,0.11263,0.018315,-0.089018,-0.12213,-0.15209,-0.22915,-0.33478,-0.39889,-0.30341,-0.16336,-0.14443,-0.10781,-0.038827,0.032532,-0.11706,-0.2516,-0.22508,-0.18141,-0.14086,-0.030654,0.084267,0.088368,0.10034,0.11331,0.11364,0.10034,0.084478,0.077731,0.05663,0.049256,0.059675,0.056472,0.051204,0.059729,0.076489,0.18027,0.18655,0.04471,-0.03753,0.027148,0.09148,0.19482,0.29872,-0.060766,-3.2724,-0.34993,-0.58336,0.82106,0.16807,0.087059,-0.63347,-0.45155,0.58125,-0.27649,-0.15804,0.17329,0.72446,0.39802,0.20484,0.47835,-0.24035,-0.030358,0.54686,0.39201,-0.1987,0.21952,-0.005519,0.019921,-0.16402,-0.05248,-0.046195,-0.26546,-0.10724,2.4511,1.5106,2.2761,0.09141,-1.2229,-0.03079,-0.35759,0.16019,0.76486,-0.15242,-0.4631,0.095134,-0.3299,-0.17578,-0.46988,-0.26684,0.6555,0.046678,0.050884,-0.24161,-0.23314,0.049433,-0.16566,-0.3641,0.095422,-0.43197,0.02645,-0.18756,-0.18548,0.11937,1.9182,2.1576,0.18848,0.34545,-0.78099,0.38928,-0.15916,0.57254,0.45484,0.75587,-0.78832,-0.83434,-0.086955,0.38101,0.017743,-0.27751,-0.54047,0.45799,0.24199,-0.032737,0.22572,0.056368,0.14619,-0.081173,0.25126,0.058954,-0.43277,-0.045684,0.030348,-0.038834,-0.42822,1.4319,-2.2441,-0.16172,0.010058,0.16739,0.64428,0.42326,-0.71967,-1.0935,0.46354,-0.050638,-0.63041,0.085551,-0.76865,-0.010554,0.13379,-0.61371,0.27627,0.040194,-0.45552,-0.31585,0.27062,0.25298,0.035218,-0.048018,0.0060218,0.039562,0.4156,0.25513,2.0542,-0.51592,-1.8123,-0.081816,-1.1503,0.70121,1.0341,0.35786,0.39586,-0.42845,0.25027,0.069891,0.019297,-0.45735,0.0084879,-0.64585,-0.038745,-0.16609,0.024601,0.30123,-0.072497,-0.003244,0.69109,-0.20567,-0.068346,-0.2578,-0.21498,-0.015304,0.35349,-0.0070686,-0.21291,1.9848,1.9079,0.5118,0.051766,-0.093402,0.012272,0.16315,-1.032,0.25319,-0.11413,-0.14907,-0.14227,0.16542,-0.50643,-0.43488,0.18249,-0.14954,-0.18298,0.366,0.097269,-0.08416,-0.28746,0.44304,0.0047837,-0.16017,-0.14184,-0.081342,0.15746,-0.18612
-0.25414,-0.21859,-0.11041,-0.063075,-0.11783,-0.086316,0.054524,0.13349,0.12272,0.09714,0.077009,0.061125,0.050854,0.039635,0.027237,0.013708,-0.0098985,-0.045288,-0.073317,-0.061104,-0.029558,-0.020585,-0.031873,0.0017048,0.063707,0.079747,0.069525,0.096428,0.12497,0.21239,0.32475,-0.15467,-0.35473,0.031079,0.03594,0.020987,-0.021061,-0.034016,-0.032209,0.0028493,0.005276,-0.026968,-0.056822,-0.080531,-0.049384,0.028554,0.074261,0.036956,-0.10598,-0.21209,-0.13481,-0.051321,-0.0085227,0.014993,-0.021248,-0.066303,-0.081151,-0.081572,-0.068376,-0.055343,0.020849,0.041488,0.0054046,0.063754,0.028089,-0.13236,-0.16679,-0.12344,-0.074035,-0.1413,-0.086916,-0.069139,-0.063327,-0.073081,-0.062076,-0.023034,0.061865,0.15772,0.17037,-0.080291,-0.31388,-0.29901,-0.083884,0.090958,0.095835,0.06428,0.03387,0.019733,0.019158,0.020589,0.019576,0.026025,-0.0031247,-0.00858,0.036674,0.075587,0.12377,0.23233,0.46379,0.59505,0.23302,0.064177,-0.056544,-0.054265,-0.043622,-0.061946,-0.044127,0.030054,0.024229,0.030746,0.03594,0.070002,0.091105,0.071444,0.050802,0.035716,0.025728,0.00563,-0.015899,-0.0080445,0.019506,0.023407,0.00049016,0.1245,0.21764,0.18322,0.19222,0.21973,0.18893,0.14232,0.094086,-1.0542,-0.98295,0.1188,-0.077185,-0.045889,0.017078,0.017978,0.00025234,-0.069931,-0.12227,-0.13285,-0.13614,-0.11169,-0.044212,0.030503,0.075708,0.034256,-0.11728,-0.24578,-0.15158,0.046499,-0.028526,-0.085713,-0.11301,-0.12667,-0.082401,-0.034883,-0.013044,-0.019885,-0.16804,-0.32067,-0.35677,-0.2466,0.044316,0.34116,0.34838,0.37571,0.21066,0.057462,0.094979,0.094401,0.10979,0.050999,0.0040278,0.034181,0.061194,0.07469,0.082493,0.035273,0.016946,-0.018995,-0.056758,-0.046998,-0.070361,-0.050063,-0.013897,0.032111,0.055474,0.040398,0.019618,0.0017948,0.024496,0.021274,0.067034,0.12584,0.10384,0.10501,0.22514,0.33476,0.38171,-1.6245,-2.089,-0.27412,0.5133,0.44453,-0.557,0.15562,-0.51564,0.32338,0.14649,-0.0081974,0.29213,-0.13664,-0.43617,-0.21501,0.62739,-0.1315,0.14784,0.43457,-0.22751,-0.25433,0.30604,0.42923,-0.35383,-0.11349,-0.34262,-0.037913,0.27455,0.033514,2.5751,1.4103,0.1124,-0.82066,-1.1108,-0.40709,-0.048672,-0.25133,0.96409,-0.39945,-0.29772,0.0022744,-0.83143,-0.15798,-0.099563,0.069513,0.20929,-0.14714,0.065102,0.42578,0.27238,-0.047997,0.23421,-0.20445,0.11488,0.49812,-0.29353,0.27407,-0.14339,0.12014,2.1294,0.62509,0.77925,-1.1676,-1.1274,0.29833,0.16017,0.052908,1.0767,0.23212,-0.3563,-0.68044,0.021428,-0.2347,0.41329,0.5818,-0.41042,-0.82362,0.18764,-0.28572,-0.29179,-0.37829,0.0083475,0.13091,0.39483,-0.04896,-0.025631,-0.29329,-0.090652,-0.11334,-0.46637,1.7717,-0.17164,1.0899,-0.077424,0.021369,0.60847,0.90852,-0.84756,-0.12825,0.38414,0.0043889,-0.10231,0.17631,0.12403,0.41245,-0.13896,-0.44688,0.30841,-0.024703,-0.21733,-0.44969,-0.30334,0.10114,0.15284,0.015637,0.04224,-0.34989,0.27215,-0.010209,2.8766,-1.1395,0.73805,0.48466,-1.2909,-0.41969,0.63785,0.42572,0.29996,0.13372,-0.28821,0.15671,0.74964,0.028245,-0.55324,-0.027727,0.13235,-0.45052,-0.18387,0.25526,-0.27184,-0.063833,-0.17393,0.28805,-0.22664,0.29987,0.2689,-0.16651,0.061039,0.089122,-0.34197,1.8693,-0.3031,0.36942,-0.73733,-0.30619,0.10309,0.42655,-0.081488,1.0162,-0.73704,-0.026717,0.29341,-0.090535,-0.31353,0.063495,-0.80233,-0.0062085,-0.32875,0.41697,0.066402,0.23551,-0.13373,0.085833,0.12195,-0.10877,0.12898,-0.12367,-0.035736,0.016838
0.045214,0.14638,0.12375,0.015067,-0.040415,-0.040095,-0.044092,0.019262,0.08275,0.076485,0.069576,0.062956,0.05381,-0.057864,-0.16182,-0.17975,-0.1976,-0.10066,0.075877,0.18037,0.23704,0.20667,0.1114,-0.018199,-0.095327,-0.10179,-0.0859,-0.028351,0.032643,0.088164,0.21245,0.086043,0.013427,0.12348,0.12856,0.095041,0.044318,-0.0024552,-0.028144,-0.045604,-0.066628,-0.078537,-0.088661,0.0039598,0.067011,0.040255,-0.017369,-0.14563,-0.18898,-0.11347,-0.0070436,0.023673,-0.0032603,-0.047591,-0.088342,-0.09285,-0.097261,-0.10001,-0.088316,-0.06989,0.051424,0.11046,0.066909,-0.01411,-0.094093,-0.090731,-0.089631,-0.084765,-0.084973,-0.0043784,-0.038597,-0.13567,-0.20417,-0.24007,-0.22571,-0.15839,-0.12186,-0.12014,-0.099311,-0.029018,0.02441,0.014478,-0.015334,0.0038152,0.033519,0.052874,0.063657,0.071786,0.071361,0.06668,0.068772,0.085004,0.1116,0.088614,0.063281,0.037975,0.029247,0.18005,0.38629,0.4611,-0.11648,-0.17659,-0.13369,-0.08475,-0.057812,-0.061961,-0.078076,-0.0089453,0.10753,0.1092,0.078333,0.025224,-0.0072235,0.054522,0.099584,0.09264,0.095425,0.064753,0.065214,0.1392,0.18498,0.16094,0.076769,0.059881,0.068978,0.043511,0.038883,0.049956,0.022886,-0.013674,-0.19025,-0.4119,-0.49658,-0.40576,-0.12131,-0.062043,-0.0047364,0.03991,0.067283,0.044707,0.018319,0.036158,0.03912,-0.066233,-0.1091,0.010468,0.028053,-0.11266,-0.17008,-0.13656,-0.025984,0.065162,0.069188,0.015274,-0.082122,-0.13523,-0.098748,-0.044452,-0.0138,0.00037646,-0.09572,-0.23673,-0.30694,-0.15411,0.12365,0.16776,0.15414,0.060264,-0.017851,0.047093,-0.0070695,-0.027095,0.0082071,0.030632,0.046869,0.069155,0.010063,-0.038346,-0.026064,-0.048713,-0.072641,0.02593,0.15303,0.11673,0.078319,0.045356,0.022455,-0.00010966,-0.018816,-0.013417,0.003701,0.0083132,0.0028269,0.12447,0.20089,0.13845,0.072017,0.10999,0.24365,0.34679,-0.35761,-1.8906,-1.6572,-0.47223,-0.17385,0.3373,0.41857,-0.20462,-0.39429,0.30836,0.28812,0.59927,-0.46791,0.45159,0.35893,0.28237,-0.13083,0.36325,0.17767,-0.19451,-0.17246,-0.10668,-0.23829,0.22141,0.058923,-0.053675,0.11909,0.13969,0.039626,-0.12425,2.5288,0.91552,0.54269,-0.46031,-1.0881,0.1765,-0.703,0.059398,0.072462,-0.43243,-0.011336,0.30585,-0.36601,0.10891,0.11317,-0.28606,0.052316,-0.063361,-0.197,-0.18407,-0.1536,0.12327,-0.023192,-0.19447,-0.042702,0.080571,-0.4448,-0.10975,-0.15228,0.032419,2.1076,0.56395,0.55284,-1.0145,-1.0244,0.27447,-0.70241,-0.51144,0.53093,0.39251,-0.33724,0.45229,-0.028683,0.033246,-0.099413,0.081997,-0.019738,0.17094,-0.06504,0.056283,-0.36208,0.3918,-0.064823,0.21583,0.30418,0.084175,0.045534,-0.058624,0.017499,-0.14676,-0.27801,1.5775,-0.47871,1.0337,-0.21418,0.55691,0.73974,0.48841,-0.44501,0.27064,0.10482,0.1779,0.073316,0.15578,-0.13757,0.31634,0.16775,0.077507,-0.28049,-0.064454,0.078616,-0.020155,-0.15589,0.065576,0.38301,0.016281,0.056718,-0.20234,0.30684,-0.056014,3.0997,-1.0243,0.3304,0.31926,-1.2619,-0.16948,-0.47071,0.75427,0.24916,0.14808,-0.54168,-0.043382,0.3135,0.061897,-0.070092,0.1052,0.069522,0.19509,-0.37683,-0.30271,-0.32547,0.28278,-0.37324,-0.1647,0.01559,0.12209,0.15481,-0.00059769,-0.3214,0.031799,-0.1958,1.6489,0.10187,0.15265,-0.41882,-0.60188,-0.17906,-0.047613,-0.17435,0.68291,-0.35046,0.092308,0.14631,0.014502,-0.24818,-0.23188,-0.36114,-0.01242,0.056024,0.035156,-0.01669,0.23746,0.10154,-0.27337,-0.16426,-0.2379,-0.0092787,-0.020588,-0.39629,-0.13349
0.38471,0.28449,0.030322,-0.086439,-0.19157,-0.16716,-0.00013084,0.056508,0.055468,0.068067,0.052676,0.050943,0.055406,0.05199,-2.8918e-05,-0.029978,-0.0031163,-0.024673,-0.035418,-0.023247,-0.052612,-0.089656,-0.090774,-0.0179,0.090872,0.1097,0.11118,0.15344,0.25655,0.34843,0.36989,0.0082409,-0.22487,0.083159,0.12054,0.096629,0.002167,-0.075266,-0.11611,-0.12978,-0.07583,-0.041206,-0.056166,-0.076527,-0.10819,-0.031039,0.039306,0.01253,-0.074055,-0.14598,-0.061047,-0.10069,-0.14885,0.0035941,0.10848,0.025332,-0.061708,-0.10666,-0.13837,-0.11207,-0.086053,-0.074078,-0.073612,-0.076005,-0.086562,-0.063507,0.0039388,0.033572,-0.12341,-0.045803,-0.021957,-0.020941,-0.025509,-0.063015,-0.044746,0.071545,0.18594,0.14473,0.047342,0.099758,0.18696,0.1576,0.11564,0.087479,0.09424,0.10837,0.10887,0.05864,0.022547,0.028579,0.023436,0.0099489,-0.10978,-0.2129,-0.2213,-0.2027,-0.11949,-0.14781,-0.32244,-0.40211,-0.45426,-0.14984,0.18209,0.23536,0.12438,-0.02432,-0.16202,-0.24185,-0.11039,0.071605,0.084735,0.082638,0.089987,0.091445,0.089775,0.10971,0.14126,0.13085,0.070401,0.013124,-0.034127,-0.089462,-0.096332,-0.065405,0.062895,0.13261,0.10253,0.086845,0.084071,0.062863,0.060437,-0.83146,-0.85886,-0.13438,-0.20326,-0.13025,-0.013582,0.064832,0.11716,0.15358,0.071985,-0.058612,-0.10178,-0.09126,-0.038486,-0.061646,-0.11313,-0.12064,-0.151,-0.18925,-0.021959,0.29227,0.25338,0.064599,-0.03005,0.080364,0.23379,0.17882,0.032026,0.057223,0.092176,0.089759,0.061916,0.058671,0.062725,0.47347,0.59245,0.20249,-0.14588,-0.027064,-0.017224,-0.018125,0.0026943,0.023518,-0.078232,-0.15679,-0.12712,-0.10993,-0.091372,-0.0051956,0.073696,0.039115,-0.0088196,-0.048579,-0.023417,0.018668,0.0086584,0.053451,0.099224,0.09395,0.050087,-0.031345,-0.082756,-0.14634,-0.21878,-0.20853,-0.12756,-0.074699,-0.21693,-0.37857,0.1553,-1.9378,-2.2209,-0.029106,0.64213,0.4549,-0.40058,1.0261,-0.37533,0.78383,0.86065,-0.15121,0.12238,0.32382,-0.6799,0.22886,-0.21561,0.10304,0.14129,-0.55026,0.28859,0.031066,-0.070044,0.18918,0.035429,-0.15976,-0.1873,0.19783,0.019469,-0.045069,2.6201,0.9439,0.3091,-1.1067,-1.0825,0.38781,-0.30007,-1.2387,-0.0349,-0.025363,0.26988,-0.072283,-0.54636,0.31421,-0.21854,0.25035,0.2798,-0.32139,-0.1716,-0.26601,0.54139,0.12906,0.2344,0.16334,0.13712,0.49273,-0.37751,0.27171,-0.40344,-0.20422,2.0907,0.83808,0.84626,-1.1404,-0.43777,-0.58216,0.55659,-0.48204,1.4679,0.2069,-0.15005,-0.053905,0.39112,0.32536,-0.31544,0.3708,-0.20139,-0.60998,0.14075,-0.26587,-0.1939,-0.24969,0.045724,0.39116,0.22806,-0.048557,-0.050312,-0.15521,0.30968,-0.48657,-0.22379,1.9913,-0.36158,0.7708,-0.2938,0.096576,-0.64295,0.62575,-0.57321,-0.69868,-0.1415,0.65766,0.37697,0.23144,0.14412,-0.25038,0.28733,-0.2138,0.031893,0.069717,-0.30959,-0.25162,0.029883,-0.13601,0.40487,0.45699,-0.2014,-0.03197,-0.09034,0.11095,2.7474,-1.1602,0.46244,0.39771,-1.125,-0.42637,0.43297,-0.38965,0.28899,-0.41209,-0.87933,-0.40457,-0.34473,0.18315,-0.3702,0.073296,0.3536,-0.23071,-0.15203,0.030247,-0.15437,-0.14042,0.11744,0.45926,-0.23038,0.15773,0.21606,0.080984,-0.18653,-0.11797,-0.19051,2.0586,-0.26579,0.52636,-0.50274,0.16546,-0.28207,-0.064207,0.50315,0.50536,-0.04211,0.39059,0.70218,-0.19195,-0.56072,0.067959,-0.080071,0.16047,0.0048656,0.092255,-0.12491,-0.22173,0.19626,-0.035481,0.47529,-0.47404,-0.15041,-0.25355,0.14751,-0.1755
-0.097439,-0.22217,-0.13015,-0.03038,-0.069148,-0.055661,0.0014065,0.022176,0.04892,0.066377,0.057939,0.05239,0.046644,0.033703,0.022887,0.00072469,-0.047164,-0.085785,-0.095302,-0.092578,-0.096249,-0.11535,-0.137,-0.1164,-0.045427,0.030262,0.029077,-0.029985,-0.08108,-0.057527,0.071517,0.085134,-0.03842,-0.039477,-0.029469,-0.093381,-0.14514,-0.099023,-0.012939,0.0052778,-0.0056787,-0.017438,-0.027201,0.0051536,0.07586,0.095824,0.082748,0.049933,-0.057706,-0.28716,-0.27611,-0.0060529,0.026708,-0.17051,0.011409,0.059155,-0.019654,0.026539,0.10602,0.13014,0.081665,0.018338,0.016069,-0.034196,-0.079479,-0.044773,-0.011259,0.010972,-0.037175,-0.062988,0.04191,0.066151,0.054231,-0.02275,-0.11666,-0.15958,-0.12042,-0.1015,-0.16521,-0.25502,-0.22522,-0.018702,0.15451,0.15463,0.10517,0.050436,0.058733,0.098421,0.10583,0.080168,0.056831,0.062826,0.071822,0.024775,-0.011493,0.0017524,0.025637,0.10555,0.17652,0.18397,0.78315,0.44171,0.038166,-0.035134,-0.036411,-0.05356,-0.11555,-0.089347,0.020674,0.067116,0.048957,0.025812,0.017919,0.022134,0.010447,-0.024493,-0.060135,-0.07755,-0.078619,-0.071403,-0.07421,-0.10289,-0.12825,-0.13405,-0.118,0.0079209,0.096227,0.090153,0.11651,0.11646,0.030435,-0.035159,-0.18422,-0.26455,-0.071237,0.082989,0.1497,0.11783,0.036036,0.0073873,0.019743,0.03535,0.041411,0.035355,0.014273,0.026192,0.052124,0.0087513,-0.22941,-0.49072,-0.38401,-0.3485,-0.24925,0.18157,0.1056,0.035499,0.10907,0.091764,-0.0084159,-0.039791,-0.057906,-0.0817,-0.08274,-0.090135,-0.12259,-0.18065,-0.18302,-0.10199,-0.054748,0.0068667,0.080011,0.089118,0.10204,0.07319,0.059682,0.10289,0.14086,0.037232,-0.040783,0.010578,-0.012777,-0.028247,-0.033207,-0.080574,-0.06593,-0.0245,0.032357,0.053055,0.0081513,0.010685,0.022774,-0.00027131,-0.03873,0.040162,0.1046,0.078713,0.046132,0.11974,0.18809,0.18597,-0.34958,-2.6227,-1.3869,-0.32981,0.18421,-0.25547,0.34846,-0.16137,-0.15007,-0.41299,0.55258,-0.12581,-0.0060588,0.45788,0.090234,0.35438,0.65113,0.20204,0.046347,0.33832,-0.22511,-0.15906,0.3415,-0.15872,0.26191,-0.20178,0.21763,-0.318,0.14049,0.25443,2.1926,1.1754,0.84346,-0.52526,-1.6119,0.56273,-0.5195,0.25872,-0.35727,-0.033195,-0.018794,0.53768,-0.28802,-0.076467,-0.068486,0.41831,0.058812,0.29244,-0.25467,-0.045017,0.28466,0.44929,-0.26426,-0.18865,0.2959,0.10353,-0.31896,-0.23311,-0.10707,-0.39625,2.0783,1.1878,0.70159,-0.67176,-0.62293,-0.34467,-0.56149,0.39676,0.50515,0.23634,0.15755,-0.32777,0.14125,-0.16214,-0.097874,0.15024,-0.19536,-0.0036302,0.34705,-0.029706,0.038224,-0.0022005,0.3211,0.084567,0.11598,0.012823,0.039617,-0.23433,-0.0043027,-0.07227,-0.41479,2.0205,-0.71282,0.68326,-0.2673,0.45816,0.77825,-0.071726,-0.19087,0.099624,0.058247,-0.23066,-0.25043,0.0052726,0.086514,0.043525,-0.0020276,-0.27263,-0.089483,0.30231,-0.030709,0.14024,-0.37828,-0.025657,0.13457,0.14897,0.016414,0.18392,0.024465,0.045547,2.8329,-1.5454,0.044099,0.039872,-0.27519,0.58477,0.11019,0.17253,-0.19434,0.34747,-0.068134,-0.055304,0.16801,-0.02952,0.14012,0.14585,0.14398,0.034011,0.023092,0.084527,-0.078088,-0.086998,0.46258,-0.51068,-0.063617,0.068907,0.2195,-0.16935,-0.15006,-0.043857,-0.31947,2.1787,0.28,0.36326,-0.092296,-0.77361,0.26401,-0.07031,0.2112,0.37579,-0.34764,-0.27281,-0.099139,-0.11365,0.11748,0.17623,0.036028,0.067566,-0.14009,0.24741,-0.26741,-0.029114,-0.021906,-0.17677,-0.095713,-0.082485,0.17842,0.11694,0.040817,0.064446
0.065826,0.060196,-0.02601,-0.13184,-0.24572,-0.21151,-0.061854,0.021007,0.0060939,-0.044976,-0.048486,0.013464,0.043232,0.021038,-0.0090439,-0.040195,-0.052468,0.010966,0.1206,0.20223,0.23065,0.18471,0.089857,0.010805,-0.0008446,-0.053739,-0.25453,-0.38911,-0.15111,0.17824,0.054679,0.030179,0.04511,0.06396,0.16008,0.19645,0.17648,0.10251,0.029797,-0.011455,-0.032728,-0.037394,-0.038071,-0.047338,-0.050427,-0.05154,-0.056096,-0.026079,-0.0015145,-0.0052314,-0.017976,0.0025951,0.042371,0.023652,0.094256,0.2144,0.29494,0.20271,0.089205,0.1122,0.12324,0.060678,-0.059804,-0.11901,-0.023728,-0.0038505,-0.11803,-0.079557,-0.076221,-0.022167,0.08578,0.084609,0.082392,-0.037993,-0.10918,-0.3525,-0.54851,-0.56322,-0.41471,-0.18196,-0.057475,-0.024947,0.0023992,0.010059,0.0055235,0.0022865,0.0063753,0.011688,0.013521,0.010466,0.002267,-0.00076005,0.0016749,-0.0093165,0.038777,0.10768,0.14093,0.12279,-0.089032,-0.24766,-0.30736,-0.10538,0.012704,-0.014634,0.037193,0.030046,-0.093054,-0.20413,-0.23917,-0.23606,-0.16316,-0.051622,-0.026891,-0.05002,-0.072988,-0.086929,-0.066632,0.010716,0.097316,0.15813,0.18745,0.15392,0.069683,0.020406,0.069308,0.081823,0.0068531,-0.05945,-0.17059,-0.34925,-0.095666,0.4614,0.54988,0.24482,-0.072729,-0.20051,-0.19482,-0.12073,-0.025983,0.045604,0.086284,0.10501,0.10093,0.07098,-0.0076537,-0.11299,-0.12894,-0.053956,-0.023566,-0.036393,0.062295,0.19489,0.12919,0.092812,0.12233,0.079666,-0.039704,-0.0049686,0.08639,0.10088,0.017997,-0.17261,-0.51275,-0.72319,-0.69451,-0.43652,-0.1068,-0.048725,0.037186,0.12184,0.22424,0.24553,0.26488,0.28562,0.31376,0.15635,0.11174,0.23414,0.17797,0.021978,-0.0096162,0.047155,0.047354,0.021872,0.025462,0.025055,0.013454,0.0039078,-0.015134,-0.041657,-0.055722,-0.067644,-0.089992,0.0056688,0.12505,0.14548,0.11143,0.10838,-0.0089103,-0.17045,-0.48478,-2.5232,-0.40968,-0.84934,0.497,0.21389,-0.0094714,0.93029,-0.39576,-0.44229,0.18531,-0.79852,-0.8828,-1.0776,0.4494,0.084301,0.49561,0.45196,0.46283,-0.42334,0.87709,-0.2221,-0.24225,-0.78964,-0.64069,-0.6297,-0.18564,-0.14429,-0.52918,0.32652,2.5123,1.6328,1.2441,-0.53145,-1.2563,0.27511,0.5184,0.98221,-0.69137,0.17895,-0.27608,0.20779,0.4027,-0.27372,0.20587,-0.039588,-0.57413,0.24458,0.26866,-0.75289,-0.067017,-0.24192,0.13773,-0.26925,-0.0045642,0.63696,-0.40835,0.085003,-0.44105,-0.052766,2.3937,1.3695,1.0468,-0.1204,-0.50219,-0.021655,-1.0134,0.17778,-0.33114,-0.018864,0.49194,0.61029,0.14365,-0.68063,-0.55568,-0.68439,0.35807,-0.77906,-0.074662,0.16617,0.11342,-0.040485,0.1821,0.36194,0.57762,0.10659,-0.041066,-0.45421,-0.45093,-0.063363,-0.00072985,1.9692,-1.2763,0.28346,-0.28813,0.83227,0.52138,-1.1654,0.065696,0.21456,-0.18885,-0.10105,-0.36478,0.073708,0.12804,-0.21654,0.01935,0.78828,-0.10563,-0.20968,0.46717,-0.51357,0.061376,0.43871,0.76872,-0.078708,0.19134,-0.29037,0.31394,-0.49557,3.1236,-1.4279,-0.63302,0.49776,0.76971,0.98102,-0.82321,-0.28385,-0.80884,-1.0741,0.77251,0.43959,0.32632,0.25621,1.0517,0.34474,0.17651,0.23023,-0.33832,-0.30951,-0.43274,0.22338,-0.016044,0.13713,0.18066,0.67361,0.38084,-0.11039,0.074263,0.014853,-0.024154,2.1237,0.73479,0.42624,0.060934,-1.1403,0.15184,-0.86108,0.112,-0.4592,0.43682,-0.24399,-0.65071,-0.21206,-0.19862,-0.19867,-0.34667,-0.048693,0.22505,-0.68357,-0.3043,0.59905,0.087134,-0.3108,0.069093,0.0017614,0.32977,-0.4466,-0.86767,-0.16975
-0.3816,-0.30382,0.056174,0.10993,0.13886,0.088137,0.025264,0.010016,0.044623,0.077347,0.071395,0.065109,0.058543,0.05472,0.07646,0.11595,0.11143,0.043681,-0.045943,-0.085495,-0.090923,-0.095728,-0.082513,-0.055743,-0.042784,-0.014517,0.044057,0.060263,0.0078455,-0.089094,-0.074913,-0.0017665,0.080844,0.067533,0.011362,-0.10611,-0.14607,-0.15656,-0.1301,-0.064123,-0.035911,-0.052219,-0.073197,-0.090501,-0.010273,0.047238,0.02411,0.032517,0.060317,0.21666,0.25801,0.18986,0.080315,-0.15542,-0.11614,0.018486,0.10521,0.069081,0.012159,0.0049903,0.013759,0.029897,0.038713,-0.019226,-0.083425,-0.063753,-0.031262,-0.005194,-0.016006,-0.033648,0.050868,0.093715,0.016787,-0.1128,-0.17637,-0.14292,-0.03741,0.04988,-0.0031881,-0.084907,-0.04459,0.044809,0.047524,-0.0015647,9.266e-05,0.022639,0.037848,0.040939,0.040942,0.040692,0.03624,0.04233,0.057519,0.00722,-0.038366,-0.015585,-0.059287,-0.096967,-0.037621,-0.0055264,0.73279,0.35174,-0.15668,-0.16573,-0.14548,-0.15269,-0.075071,0.031461,0.060006,0.076017,0.030995,-0.010432,-0.014364,0.022192,0.080216,0.11002,0.084863,0.024921,-0.045534,-0.079694,-0.017732,0.037495,0.038413,0.02053,-0.017017,-0.040272,-0.047955,-0.051166,-0.034268,-0.059143,-0.14406,0.00066488,0.015002,-0.16674,-0.058464,0.076759,0.10574,0.12721,0.11939,0.036607,-0.061751,-0.10386,-0.1107,-0.070363,-0.005732,0.038077,0.039879,0.047361,0.075626,0.18195,0.060533,-0.29785,-0.15713,0.13755,0.10882,-0.016574,-0.12063,-0.15483,-0.19151,-0.17639,-0.092803,-0.0053694,0.017898,-0.017647,-0.11582,-0.25302,-0.2921,-0.1641,-0.084101,-0.068062,-0.013409,0.0082712,-0.00079739,0.0031783,0.033046,0.063118,0.089001,0.1083,0.092862,0.077355,0.048521,-0.021907,-0.012203,0.056338,0.041846,-0.007217,-0.053798,-0.083507,-0.073754,-0.040407,-0.02511,-0.0231,-0.037014,0.046869,0.095199,0.073801,0.093251,0.12216,0.20081,0.28434,-0.34542,-2.2668,-1.2298,-0.30035,0.14748,-0.35861,0.46961,-0.43551,-0.38261,-0.27631,0.72869,-0.49002,0.26964,0.026887,-0.12073,-0.282,0.050519,0.032227,-0.16158,0.30388,0.0079894,-0.14073,0.41216,-0.10723,-0.054347,0.057959,0.16907,0.06295,0.31451,-0.098892,2.2148,0.93252,0.88157,-0.2995,-1.3361,-0.13582,0.39296,0.80644,0.25155,0.17193,-0.04657,0.32687,-0.52976,-0.27826,-0.076133,0.12531,0.10552,0.26388,-0.068181,-0.12406,0.10495,0.032082,-0.36703,0.096789,0.41195,0.13043,0.1474,0.24682,0.53195,-0.45232,2.0901,0.96483,0.09605,-0.71552,-0.21477,-0.14682,-0.73776,-0.11188,0.10274,0.27123,0.057399,-0.71617,0.027788,-0.16556,-0.064674,-0.10306,-0.30642,0.16279,0.032116,0.28736,0.24366,0.13461,-0.49496,-0.049676,0.11516,0.29462,0.023325,-0.2139,0.14143,0.15304,-0.21508,1.3769,-0.76111,0.43506,-0.039928,0.56209,0.85671,-0.0068163,0.056853,0.16016,-0.019954,-0.29938,-0.11588,-0.32773,0.049899,0.0048984,-0.17934,0.15945,-0.26921,0.28056,-0.099445,0.088315,-0.25682,-0.090009,-0.19653,-0.0088164,0.15647,0.1761,-0.42762,0.067596,2.9251,-1.1433,-0.20658,0.13224,-0.16625,0.27412,-0.42642,0.58567,-0.20461,0.1809,0.30585,-0.034581,0.15727,-0.058347,-0.20143,0.1433,-0.101,-0.21279,-0.39526,0.18636,-0.13129,-0.043357,-0.22149,-0.46393,0.071196,-0.44866,-0.13404,-0.082244,-0.16642,-0.017521,-0.15429,1.4676,0.47613,0.15438,0.23873,-0.82624,0.25151,0.1483,0.23365,0.020475,-0.31336,-0.10923,-0.19352,0.14529,0.12278,0.19836,-0.0093348,-0.23016,0.12237,-0.094644,-0.046963,-0.058143,-0.19475,0.046697,-0.026443,0.13148,-0.050173,-0.30825,0.18852,0.40662
-0.0024603,0.013386,-0.010185,0.0081446,0.075287,0.11218,0.076803,0.062542,0.063914,0.034807,0.00038651,-0.020405,-0.036444,-0.053596,-0.051823,0.016894,0.085735,0.086643,0.088524,0.088749,0.060338,-0.026182,-0.099215,-0.10064,-0.062278,-0.021736,-0.00031758,0.022986,0.067634,0.070696,0.052739,0.055614,0.069194,0.12863,0.095851,0.069741,0.0035201,-0.035663,-0.020163,-0.012719,-0.018981,-0.0326,-0.0047736,0.011301,0.015112,0.021872,-0.023166,-0.10634,-0.1603,-0.14854,-0.080109,-0.041222,-0.13346,-0.18436,-0.14736,-0.026333,0.064369,0.060123,0.054581,0.041666,0.0098823,0.0209,-0.0062401,-0.03816,-0.027969,-0.028705,-0.039324,-0.0029987,0.015674,-0.051456,-0.021008,-0.027496,-0.010208,-0.01271,-0.072914,-0.11709,-0.091143,-0.033829,0.016757,0.022257,-0.043361,-0.10328,-0.046601,0.030015,0.046207,0.049967,0.049376,0.035302,0.024571,0.023114,0.016197,0.014831,0.01967,-0.032973,-0.047694,0.039137,0.10225,0.055254,-0.094176,-0.18501,0.01221,0.0046337,0.002325,-0.034788,-0.064772,-0.088444,-0.060748,-0.036604,-0.077496,-0.078146,-0.062901,-0.059786,-0.05292,-0.031757,0.017279,0.057766,0.066965,0.063557,0.066442,0.072465,0.05627,0.039861,0.024862,-0.012267,-0.033826,-0.090696,-0.15099,-0.15837,-0.16396,-0.16911,-0.16598,-0.20592,-0.19676,0.12166,0.25749,0.23795,0.15165,0.050293,0.016293,-0.018383,-0.029713,-0.014978,-0.025494,-0.067271,-0.089597,-0.038904,-0.02459,-0.094451,-0.14813,-0.18421,-0.15029,0.032258,0.15945,0.16275,0.12632,0.028467,-0.044989,0.044388,0.13262,0.050681,-0.05366,-0.019591,0.036326,0.061323,0.089199,0.11229,0.15217,0.20259,0.12954,0.044715,0.074155,0.019718,-0.021782,-0.0014797,0.02567,0.064758,0.10396,0.029839,-0.061401,-0.063252,-0.050407,-0.054747,-0.017319,0.035902,0.012856,-0.0038509,-0.014069,0.012899,0.039525,0.016155,-0.024837,-0.057642,-0.082429,-0.036983,0.02654,0.071025,0.068321,0.059212,0.017269,-0.039146,-0.52284,-2.3621,-1.7945,-0.59194,0.16605,0.22367,0.29312,0.14499,0.41714,0.19208,0.19855,0.11115,-0.862,0.33812,0.43664,0.093425,-0.077341,0.35136,0.36786,-0.021802,-0.38888,-0.27961,-0.19516,0.1166,0.15482,0.045641,-0.073101,0.42536,-0.36064,-0.12951,2.5266,1.1761,0.85245,-0.92331,-1.2016,0.38573,-0.077716,0.22314,-0.057611,0.098393,-0.028425,0.35469,-0.4406,0.13644,0.24897,0.15022,0.16432,-0.032691,-0.39928,-0.17354,-0.15952,0.058938,0.074655,-0.12705,0.048082,0.031293,-0.1274,0.24014,0.10021,-0.26325,2.2516,1.1142,0.91951,-1.0031,-0.046056,0.22454,-0.68843,-0.19254,0.22209,0.32333,0.27985,0.11457,-0.069764,0.15454,-0.1092,0.0056761,-0.015947,0.4797,-0.010488,-0.082587,-0.28379,0.35496,-0.16874,0.17087,-0.057273,0.08425,-0.044939,-0.14775,0.0035414,-0.27913,0.12193,2.1136,-0.73899,0.71712,-0.21324,0.88135,0.30852,0.10243,-0.22079,-0.29472,-0.22549,0.13095,-0.39226,0.43403,-0.19979,0.17657,0.12165,0.0087053,-0.067391,0.16696,-0.2039,0.13604,-0.18389,0.054997,0.22656,-0.41359,-0.14628,-0.12194,-0.11923,-0.015415,2.9337,-1.3736,-0.017865,0.61357,-0.36598,0.53892,-0.060906,0.17705,-0.1926,-0.22719,-0.16236,-0.0078928,-0.301,0.42215,-0.0028798,-0.022259,0.34755,0.12012,0.013292,-0.035525,-0.076659,0.065128,-0.04835,-0.29808,-0.31524,-0.17136,-0.0063066,-0.038241,-0.11951,-0.1018,-0.094482,2.2249,0.15855,0.48516,-0.2989,-0.76324,-0.051919,-0.21216,-0.14406,0.067633,-0.18456,0.17838,0.075726,-0.36956,-0.037133,0.11903,-0.12784,-0.12859,0.0094128,0.067742,-0.11166,0.12329,0.1447,-0.043955,0.071288,0.13078,-0.12927,0.20188,0.022271,0.21071
0.27862,0.23354,0.051005,-0.029981,-0.015273,-0.014043,-0.052044,-0.054803,-0.053371,-0.038133,0.033091,0.077485,0.067479,0.039417,0.0024031,-0.015676,0.051959,0.13337,0.12035,0.0867,0.066372,0.076691,0.11211,0.079895,-0.01865,-0.087922,-0.10288,-0.062421,0.018879,0.069702,0.082836,0.079814,0.024636,-0.011134,0.039039,0.064111,0.031688,-0.034885,-0.026617,-0.0015464,-0.028637,-0.043469,-0.056352,-0.080999,-0.031729,0.01368,0.010895,0.025603,0.010997,-0.024223,-0.012072,0.020851,-0.070114,-0.18067,-0.17637,-0.056097,0.058092,0.10843,0.12148,0.016777,-0.092543,-0.069383,-0.049371,-0.04233,-0.075644,-0.10538,-0.089165,-0.051472,-0.016884,0.013999,0.049853,0.056031,0.040836,0.073443,0.14881,0.13343,-0.039196,-0.073381,0.13157,0.28318,0.17176,0.014516,-0.01879,0.0098218,0.022625,0.02228,0.028254,0.035637,0.033228,0.027714,0.024275,0.035975,0.066519,8.5687e-05,-0.12442,-0.13953,-0.07027,-0.038555,-0.108,-0.18092,-0.64521,-0.37396,-0.080868,-0.042367,-0.043809,-0.028146,-0.012366,-0.027449,-0.042337,0.036103,0.12686,0.10738,0.036715,-0.033064,-0.09188,-0.10166,-0.0064013,0.071737,0.072651,0.058574,0.048514,0.050415,0.10573,0.13946,0.09103,0.034226,0.017104,0.025139,0.0034827,0.0070988,0.13676,0.45027,0.39379,0.088215,-0.21765,-0.28289,-0.23155,-0.16806,-0.086994,-0.025372,0.010565,0.020764,-0.0052003,-0.051718,-0.12752,-0.1195,-0.037074,0.011478,-0.010652,-0.087974,-0.11561,-0.014013,0.15577,0.23124,0.21758,0.11916,-0.0045333,-0.094655,-0.12209,0.027787,0.21797,0.27441,0.23597,0.15959,0.10226,-0.022404,-0.1404,-0.17835,-0.14278,-0.067291,-0.026887,-0.011983,-0.055619,-0.08401,-0.048592,-0.013124,-0.01721,-0.029521,-0.066307,-0.09678,-0.093407,0.0075706,0.086288,0.040216,0.029905,0.028157,-0.0011409,-0.032312,-0.035513,-0.03524,-0.029976,-0.012952,0.0025402,0.037247,-0.021047,-0.075219,0.05919,0.14233,0.093949,0.054659,-0.70238,-2.6916,-0.51553,-0.54322,0.43243,0.05581,0.33721,0.49966,-0.0203,-0.0077923,0.74942,-0.29071,-0.54965,0.075383,0.14963,0.20481,0.02741,0.2574,-0.00089752,-0.24706,-0.24019,-0.30716,0.012737,-0.22473,0.066697,-0.31865,-0.01723,-0.11888,-0.4354,0.046248,2.459,0.81615,1.4961,0.081964,-1.5312,0.10199,0.5012,-0.15033,-0.14566,0.050817,-0.055205,0.15316,-0.18366,0.011748,0.55237,-0.089531,-0.049008,0.26222,-0.61623,-0.1116,0.13699,0.36526,-0.33329,0.34262,-0.15279,0.47249,-0.11382,0.22879,0.47286,-0.16452,2.1815,1.3749,0.1627,0.059051,-0.66409,-0.45285,-0.14321,-0.20262,0.67478,-0.28065,0.50152,0.047004,0.12827,0.13433,-0.42985,0.013286,0.27769,0.094512,0.18994,-0.026496,0.042099,-0.039017,0.07593,-0.012278,-0.0016658,0.18351,0.20032,-0.22619,-0.21279,0.056709,-0.10896,1.4762,-1.4164,0.01811,-0.56082,0.19528,0.1725,0.088057,0.19054,0.12913,-0.1042,-0.018673,-0.1326,0.26808,0.25306,0.20637,0.25721,-0.041858,-0.54952,-0.17428,0.22609,0.29976,0.1195,-0.021352,0.29687,-0.31227,-0.11654,0.10883,-0.27114,-0.16713,3.1921,-1.1498,-0.80763,-0.28802,-0.17305,-0.23084,-0.63044,0.11001,-0.21219,-0.28034,-0.35804,0.028182,-0.21207,0.5449,0.0024197,0.15499,0.25231,0.38543,-0.24028,0.17599,-0.096481,-0.18182,-0.21405,-0.088274,0.24424,-0.010247,-0.043049,-0.16672,-0.036711,-0.09932,-0.07437,1.5112,1.1245,0.45887,0.36523,-0.065542,0.059574,-0.59794,-0.11278,-0.16092,0.13919,0.09121,0.16328,-0.46541,0.14508,0.1112,-0.0054342,0.027851,0.12788,-0.14826,0.059115,0.091175,0.20687,0.0070977,-0.2765,0.39874,0.080745,0.089293,0.077134,0.005562
-0.14437,-0.15725,-0.068307,-0.01174,-0.037393,-0.017525,0.043112,0.066893,0.043813,0.013348,-0.011209,-0.027681,-0.043757,-0.016209,0.033598,0.050602,0.060009,0.056853,0.037256,-0.014059,-0.055229,-0.059869,-0.049852,-0.029328,-0.027373,-0.036006,-0.022893,-0.0032886,0.007271,-0.040453,-0.098187,0.033392,0.11819,0.24425,0.22603,0.097715,-0.023185,-0.084678,-0.066724,-0.043473,-0.029669,-0.029361,0.0077148,0.038819,0.057102,0.064754,0.040104,0.022971,0.02182,-0.010307,-0.0509,-0.057309,-0.029872,0.050246,0.12453,0.1385,0.12319,0.10353,-0.00039048,-0.096443,-0.0792,-0.063698,-0.05283,0.050516,0.1398,0.13875,0.055031,0.008503,0.031432,-0.12956,-0.019772,-0.092076,-0.24848,-0.28465,-0.2167,-0.10373,0.00044979,-0.056961,-0.17473,-0.1939,-0.17101,-0.16466,-0.047984,0.095992,0.11234,0.067766,0.021591,0.0072715,-0.034218,-0.076552,-0.079972,-0.069456,-0.042835,0.0024871,0.026979,0.032926,0.045928,0.058112,0.12885,0.1756,0.40509,0.15773,-0.035112,-0.057203,-0.062123,-0.080305,-0.080876,-0.049846,-0.044097,-0.030159,-0.03144,-0.052952,-0.071194,-0.056007,-0.0064676,0.029328,0.044918,0.045632,0.032694,-0.011815,-0.055787,-0.063778,-0.059782,-0.075855,-0.11148,-0.14076,-0.15463,-0.15318,-0.13635,-0.079384,0.055861,-0.10108,-0.28791,-0.23054,0.055488,0.20696,0.17755,0.10471,0.092747,0.062834,0.028375,0.011992,0.026785,0.065116,0.075806,0.078236,0.069778,0.04162,0.024422,0.043304,0.089845,0.047688,-0.060983,-0.10417,-0.12388,-0.15049,-0.12746,-0.055726,0.00066456,0.010752,0.044633,0.07484,0.08343,0.013814,-0.088435,-0.019223,0.34952,0.56545,0.32246,0.011072,0.061987,0.038268,0.041559,0.056019,0.050221,0.060066,0.085677,0.042443,0.012324,0.024805,0.0097061,-0.01907,-0.036279,-0.065054,-0.097704,-0.049097,0.038093,0.087766,0.058685,-0.0035533,-0.02656,-0.0057647,0.013816,-0.0087266,0.015895,0.050222,0.01262,-0.014847,0.071014,0.16596,-0.33663,-1.7108,-2.1034,-0.25262,-0.4005,-0.090874,0.49323,0.043876,0.21923,0.2392,0.33898,0.14401,-0.18105,0.017694,0.22712,-0.010187,0.37595,0.059434,0.12838,-0.35954,0.18163,-0.10653,-0.13545,0.027555,0.15122,0.086347,-0.1025,0.34454,0.12365,-0.055495,2.3951,1.0303,-0.03798,-0.45965,-1.0805,0.4575,-0.28823,0.3176,-0.33449,-0.10977,-0.33352,0.21407,-0.25174,-0.0073688,0.18077,0.20033,0.44535,-0.042329,-0.19988,-0.14553,-0.067543,0.028897,-0.050981,0.053597,-0.035907,0.13352,0.046308,0.18775,-0.018144,-0.13356,2.2944,0.54787,0.41395,-1.464,-0.38921,-0.015561,-0.5271,0.26272,0.30966,0.15047,0.07384,-0.23754,-0.0417,0.19572,0.027964,-0.054427,-0.16781,0.085471,-0.34106,0.036057,-0.23051,0.0052767,-0.15214,0.1135,-0.031608,-0.13997,-0.087068,-0.16774,-0.05186,-0.18444,-0.10164,1.5219,-0.10791,0.67598,0.13589,0.71397,0.2424,-0.02706,-0.60042,-0.73006,-0.34449,0.074545,-0.50939,0.31132,-0.015174,0.2117,-0.21146,-0.012463,-0.029583,-0.058217,-0.30274,-0.27078,-0.049987,0.20241,0.12076,0.017419,-0.035101,-0.062476,-0.21727,0.016659,3.1767,-0.79164,0.5608,0.83434,-0.053789,0.76532,0.026114,-0.043042,-0.16748,-0.38803,0.15073,0.18936,0.14906,0.34906,0.045541,-0.35606,0.34159,0.083914,0.22383,-0.15054,-0.0045906,-0.025132,0.0033962,0.027725,-0.22146,-0.09007,0.056566,-0.10668,-0.086764,0.10528,-0.09716,1.5648,-0.27356,0.28666,-0.38905,-0.97704,-0.027347,-0.2406,0.099344,0.4597,-0.15899,0.056088,-0.28543,-0.31958,-0.26574,-0.082953,-0.081564,-0.26971,-0.15165,-0.31626,0.027261,-0.24685,-0.055484,0.22141,0.14979,0.07634,0.079224,0.13565,0.050172,0.20135
0.2352,0.30285,0.39767,0.47273,0.28948,0.027304,-0.064266,-0.055848,-0.068825,-0.094406,-0.063584,-0.021474,-0.024639,-0.022858,0.037648,0.11421,0.13512,0.16,0.17592,0.13572,-0.018283,-0.12038,-0.077062,-0.0053159,0.011643,0.019854,0.0092897,-0.023644,0.030467,0.14417,0.11019,0.088925,0.061737,-0.023065,-0.099964,-0.096719,-0.059615,-0.036473,-0.028658,-0.031438,-0.063604,-0.095901,-0.10232,-0.11082,-0.0068013,0.055035,0.021721,0.001377,-0.0088021,0.015039,-0.018186,-0.071318,-0.10951,-0.16546,-0.15509,-0.055375,-0.026577,-0.048149,-0.026234,-0.041254,-0.085398,-0.10753,-0.12201,-0.10838,-0.065515,-0.036235,-0.030636,-0.012225,0.060118,0.07391,-0.025531,-0.045469,0.00062216,0.049918,0.050741,0.0050993,-0.040353,-0.022826,0.080259,0.15935,0.08496,-0.00085699,-0.0074248,0.009107,0.019519,0.02323,0.02459,0.023391,0.022388,0.020374,0.01468,0.01514,0.023471,-0.0075684,0.017115,0.11873,0.16019,0.13045,-0.050261,-0.20256,-0.43707,-0.30138,-0.13155,-0.092302,-0.099014,-0.056081,-0.023383,-0.037492,-0.015577,0.015934,0.024822,0.027428,0.030885,0.063623,0.093008,0.10336,0.10115,0.10168,0.10543,0.08777,0.031608,-0.011825,0.019457,0.040407,0.00054003,-0.034574,-0.054286,-0.061715,-0.1107,-0.19796,-0.16913,0.11126,0.09272,0.001096,0.11694,0.11987,0.070602,0.048972,0.0408,0.052076,0.07322,0.10176,0.1282,0.11611,-0.027095,-0.117,-0.095681,-0.084044,-0.09623,-0.10309,-0.061949,0.011591,0.10112,0.17862,0.16832,0.11024,0.050097,0.048494,0.066353,0.013286,-0.055842,-0.092081,-0.1113,-0.10492,-0.084936,-0.085459,-0.12765,-0.11071,0.019274,0.0039378,-0.041839,-0.020479,-0.0079631,0.0091731,0.029339,0.010588,-0.043115,-0.062024,-0.075223,-0.093485,-0.086767,0.0008239,0.073776,0.038625,0.02021,0.0027627,-0.010476,-0.00594,-0.0077449,-0.025305,-0.038181,-0.052124,-0.072791,0.025269,0.14113,0.18277,0.23354,0.24192,0.13178,0.035666,-0.52649,-2.6684,-1.164,-0.398,0.2003,0.40906,-0.22026,-0.37153,0.23448,0.013955,0.57385,-0.14553,-0.47328,0.23498,-0.11627,0.21642,-0.032644,0.045128,0.033105,0.047814,-0.064551,0.010001,-0.17448,0.36489,-0.014807,0.1674,-0.069893,0.17887,-0.057393,0.055265,2.2037,1.1645,1.3222,-0.15163,-1.5712,0.26786,-0.076321,0.59053,0.13243,0.075359,0.16603,0.2267,-0.25016,0.22502,0.16634,0.051651,0.11174,0.10511,-0.34092,-0.16261,-0.21389,0.18576,-0.033882,-0.20091,-0.093628,0.00024233,0.060236,0.28751,0.20776,-0.22719,2.0088,1.2999,0.37407,-0.19653,-0.89807,-0.40453,-1.1071,-0.52267,0.51715,0.14234,0.028263,-0.046474,0.067118,-0.086897,-0.052011,-0.083127,0.050542,0.17447,-0.18286,-0.034849,-0.24484,0.35622,-0.27449,0.078227,-0.092554,-0.1107,0.19309,0.020897,-0.050001,-0.29702,0.0083964,1.7444,-1.3103,0.12655,-0.2609,0.81082,0.95733,0.30152,-0.10023,-0.056645,-0.18546,0.26694,-0.29597,-0.02272,-0.22039,0.39067,0.15254,-0.065085,-0.26877,0.0070739,0.040514,0.031204,0.057796,0.25564,0.12966,-0.25513,0.037543,-0.16635,-0.13353,0.092244,3.0044,-1.4875,-0.2893,0.057501,0.10203,0.39161,0.0075904,0.79911,-0.35349,-0.043191,-0.22044,-0.033857,0.070016,0.0196,0.26592,0.027735,0.087436,0.071439,-0.017488,-0.37205,-0.077792,0.10647,-0.2261,0.02786,-0.13022,-0.054619,-0.096459,0.030336,0.09612,0.012836,-0.14974,1.9072,0.80176,0.3697,0.41814,-0.76437,0.057966,-0.20406,-0.53748,0.0040304,-0.33662,0.23556,-0.12706,-0.23953,-0.12809,-0.019894,0.01163,-0.024833,-0.059793,-0.042668,-0.19427,-0.019212,-0.15498,-0.023062,-0.084113,0.18618,-0.06448,0.011934,-0.11814,0.035931
-0.023722,0.08953,0.14381,0.12009,0.1825,0.18735,0.11784,0.07358,0.04543,0.013021,-0.013058,-0.029391,-0.043175,-0.061142,-0.031042,0.018403,0.012951,-0.0072463,-0.026387,-0.028368,-0.047067,-0.06714,-0.060259,-0.036651,-0.051064,-0.11405,-0.13585,-0.10616,-0.025681,0.0783,0.075832,0.10862,0.17347,0.10664,0.038596,-0.0033047,-0.0045936,0.0057278,0.0065513,0.043821,0.073849,0.061479,0.052315,0.043284,0.0021467,-0.061308,-0.074771,-0.05316,-0.075305,-0.12369,-0.084153,-0.02585,-0.069145,-0.028735,0.018394,0.027101,0.0578,0.028195,0.043911,0.10905,0.095218,0.055212,0.04657,-0.016113,-0.084703,-0.058544,-0.036616,-0.061446,-0.097945,-0.060787,-0.22586,-0.50721,-0.74925,-0.59856,-0.09251,0.18571,0.18983,0.1145,0.013247,-0.069713,-0.10011,-0.083675,-0.034041,0.01105,0.042012,0.056338,0.057549,0.053394,0.044546,0.045911,0.060998,0.088415,0.1165,0.040208,-0.096842,-0.16968,-0.14517,0.026891,0.29255,0.42906,0.12157,-0.054202,-0.10835,-0.11135,-0.13776,-0.17425,-0.13091,-0.044673,-0.03715,-0.026142,-0.022184,-0.022278,-0.022652,-0.013203,-0.0045758,0.011567,0.020824,0.015151,0.0046515,0.0016201,0.04632,0.083329,0.074843,-0.0015415,-0.10159,-0.14755,-0.1603,-0.14986,-0.12531,-0.14745,-0.10103,0.29378,0.28789,0.085546,0.051358,0.052081,0.044257,0.02919,0.023323,0.032406,0.041867,0.071665,0.11837,0.1151,0.058456,0.011485,0.04518,0.098523,-0.00041415,-0.15385,-0.1531,0.033111,0.12916,0.08697,0.058545,0.06348,0.063096,0.065736,0.045543,-0.024248,-0.13638,-0.20732,-0.20667,-0.10036,0.011433,-0.029948,-0.042529,-0.045978,-0.03703,0.033914,-0.1045,-0.066191,0.16143,0.066437,-0.12062,-0.12887,-0.114,-0.09574,0.043316,0.20022,0.20955,0.18084,0.11469,0.052362,0.01123,-0.022052,-0.040595,-0.046983,-0.01243,0.05094,0.095741,0.11505,0.095097,0.087899,0.0014865,-0.12929,-0.13318,0.058119,0.30552,0.4322,-0.7393,-2.221,-0.67826,-0.36266,-0.77958,-0.10733,1.3181,-0.40904,-0.089968,0.24493,0.31512,0.11638,-0.28029,0.42549,0.46165,-0.14028,0.14107,-0.20349,-0.20608,-0.11807,-0.0062242,-0.22041,0.24968,0.43258,-0.23693,-0.60751,0.30506,-0.043724,0.063269,-0.012609,2.4381,0.74465,1.0766,-0.38629,-1.2983,-0.13458,0.50909,1.2227,0.14265,-0.033001,-0.2419,-0.024587,-0.06411,0.012992,0.017364,-0.28401,0.99585,0.071773,-0.21706,0.22595,-0.073902,0.51284,-0.16928,-0.027105,-0.085698,-0.015218,-0.23115,0.45129,-0.10445,0.083231,2.2918,0.98308,0.22217,-0.59043,-0.30164,0.14144,-1.0501,0.5412,0.11052,-0.31087,-0.29652,0.15532,-0.18615,0.71811,-0.45873,0.0082772,-0.18417,0.063374,0.43363,-0.50968,-0.20148,0.0061735,-0.16446,-0.067887,0.46082,-0.020129,0.13173,-0.078942,0.044555,-0.045789,-0.32058,1.0555,-1.0786,0.30828,0.12133,0.84535,0.45263,-0.42223,-0.40492,-0.52549,-0.1819,0.041885,-0.15727,0.26371,-0.5082,-0.097688,0.31525,-0.35011,-0.79176,-0.24627,0.24864,-0.39501,-0.17472,-0.12716,0.089574,-0.006252,0.16376,-0.13424,0.12505,-0.16456,2.4703,0.3846,-0.97327,0.6168,-0.71676,1.2735,-0.56741,0.091736,0.017263,-0.35001,-0.038367,-0.044732,-0.5873,-0.11982,0.078125,-0.88688,0.090565,0.32,-0.4106,0.034919,-0.2785,-0.32124,-0.047722,-0.08603,-0.1525,0.40693,0.0076663,-0.10419,0.072838,-0.18049,-0.44442,1.1468,0.71139,0.26045,0.12424,-1.0909,0.18492,-0.50635,0.034311,0.068324,0.012469,-0.15888,-0.25025,0.0384,-0.60057,-0.40056,0.2498,0.053693,0.29024,0.07649,-0.083508,0.26811,-0.064461,0.41086,0.014454,0.11894,0.12874,0.40645,-0.28496,0.1646
0.073849,0.024263,-0.14537,-0.26073,-0.30708,-0.2037,-0.029469,0.064861,0.08392,0.084555,0.075671,0.064036,0.059233,0.051797,0.037877,0.023924,-0.0036749,-0.073979,-0.14124,-0.12909,-0.073253,-0.027687,-0.013538,0.024554,0.10177,0.042668,-0.12917,-0.1586,-0.14467,-0.24891,-0.27182,0.023238,0.15369,0.21746,0.22021,0.06063,-0.043897,-0.056068,-0.034111,-0.031538,-0.032425,-0.036159,0.052539,0.12204,0.095477,0.083775,0.075826,0.021425,-0.056762,-0.08205,-0.065102,-0.082636,-0.11472,-0.13846,-0.14225,-0.1397,-0.11262,-0.059671,-0.015659,0.0076195,0.010095,0.0012906,0.016297,0.083777,0.13703,0.16022,0.14672,0.12924,0.10068,-0.085886,-0.040726,-0.077442,-0.13567,-0.17144,-0.19279,-0.15712,-0.11499,-0.095003,-0.066198,-0.014361,0.012031,0.019182,0.0055164,0.00071372,0.0090088,0.018101,0.011343,0.0083878,0.018737,0.027781,0.037037,0.051076,0.021769,-0.012906,-0.044155,-0.054652,-0.0462,-0.13648,-0.21942,-0.23511,-0.29872,-0.13207,0.048016,0.093468,0.11562,0.071258,0.067623,0.12636,0.092082,0.049335,0.0049999,-0.034408,-0.053239,-0.052111,-0.047518,-0.044241,-0.047759,-0.083255,-0.134,-0.13253,-0.077937,-0.029485,-0.020306,0.071241,0.13384,0.0857,0.036122,-0.085445,-0.1966,-0.13685,0.039512,-0.097497,-0.30075,-0.37024,-0.032659,0.21166,0.18401,0.072052,0.053162,0.046536,0.025923,-0.021199,-0.11982,-0.15891,-0.08949,0.048844,0.091889,0.0044423,-0.092856,-0.14126,-0.024126,0.21186,0.19319,0.1435,0.14144,0.16893,0.13964,0.063828,0.047792,0.022035,-0.044638,-0.081705,-0.045412,-0.035683,-0.10998,-0.11355,0.15127,0.38518,0.26986,0.029958,0.060042,0.024266,0.00607,0.029874,0.05492,0.084382,0.014374,-0.046041,-0.036686,-0.055583,-0.076755,-0.0055898,0.08907,0.073424,0.065019,0.053325,0.067254,0.084629,0.077635,0.074579,0.078197,0.068638,0.049172,-0.025859,-0.066837,-0.041702,-0.072311,-0.18843,-0.27969,-0.28377,-0.29767,-2.3598,-2.3249,-0.13402,0.49499,-0.12228,0.1149,0.60599,0.40394,0.2482,0.55384,-0.44456,0.27417,0.23846,-0.0068222,-0.42069,0.18625,0.059139,0.27268,-0.084935,-0.51413,0.28874,-0.25954,-0.046714,0.18933,0.058898,0.39258,0.18422,-0.024558,-0.12379,2.4582,1.6276,0.42902,-1.1614,-1.3411,0.13293,0.32173,-0.11963,-0.45897,0.089396,-0.35626,0.23309,-0.32713,-0.37826,-0.26652,-0.057301,0.026679,0.087882,-0.51051,-0.10952,-0.2667,0.088387,-0.22524,-0.0072285,0.17739,-0.015783,-0.31042,0.096612,0.22329,-0.16124,2.1292,1.1004,0.95216,-1.4462,0.54142,-0.026045,0.15795,0.22123,-0.016269,0.12089,-0.68786,0.14787,-0.26026,-0.40291,0.32556,-0.11066,0.0082106,0.081463,-0.061673,0.11973,-0.65098,0.48748,-0.054179,0.29256,-0.013601,0.16082,0.31641,-0.17141,0.079953,-0.027311,-0.26948,2.3494,-0.36996,1.0132,-0.14182,0.30054,-0.045464,-0.19773,-0.19992,-0.35943,0.27445,-0.3959,-0.32485,0.45428,-0.12494,-0.1793,-0.12618,0.14023,-0.0044125,0.12532,0.17005,0.027655,-0.28144,-0.21546,0.23236,-0.22287,0.051869,0.021297,0.00081959,0.052357,2.9733,-1.5393,0.31588,0.63422,-0.14029,0.56865,0.20518,-0.69526,-0.090678,-0.208,0.2032,0.18507,-0.12449,-0.030165,-0.01515,-0.15998,-0.020275,0.32895,-0.13831,-0.11591,-0.23919,0.049298,0.44122,-0.30237,-0.22229,-0.08485,-0.062945,-0.22894,-0.088375,0.064052,0.001224,2.4772,-0.038159,0.48909,-0.61635,-0.41415,0.31689,-0.53743,0.13014,-0.0044473,0.34717,-0.40981,0.02609,-0.21127,-0.025661,-0.15694,-0.27935,-0.035875,-0.42956,0.16791,-0.039461,0.29311,-0.029411,-0.11561,0.18347,-0.2083,-0.34268,0.0081257,0.08575,-0.034437
0.13484,0.14463,0.11123,0.15337,0.10833,0.0052183,-0.019894,-0.022459,-0.065818,-0.006807,0.081894,0.077041,0.069764,0.052777,0.029859,0.042836,0.082784,0.079084,0.050325,0.029878,0.0071802,-0.043587,-0.03689,0.020015,0.0042765,-0.016214,-0.006322,0.030968,0.10226,0.068008,-0.029483,-0.0031431,0.031166,-0.029575,-0.046246,-0.036669,-0.018855,-0.0258,-0.0057949,0.00063853,-0.024518,-0.040402,-0.051632,-0.06566,0.007544,0.047889,-0.027859,-0.085692,-0.072103,-0.028706,0.015605,0.028695,-0.07445,-0.19111,-0.17111,-0.094688,-0.048768,-0.011605,0.044009,0.083672,0.038396,-0.061474,-0.10014,-0.083072,-0.05966,-0.024328,0.013035,-0.024342,-0.059403,0.00017719,-0.03136,-0.022371,0.04697,0.08381,0.08113,0.049828,-0.0061554,-0.023625,0.048964,0.12234,0.13966,0.13883,0.12429,0.082059,0.063632,0.056895,0.055486,0.051366,0.049023,0.049946,0.049108,0.052455,-0.042556,-0.087423,0.011602,0.055813,-0.033926,-0.13131,-0.17905,-0.21753,-0.30642,-0.19691,-0.078334,-0.082434,-0.083614,-0.068215,-0.090275,-0.10565,-0.055766,0.013349,0.054542,0.032257,0.015146,-0.00075993,-0.022084,0.0022106,0.046142,0.0457,0.030908,0.019963,0.00014827,0.0051443,0.051018,0.11665,0.11895,0.074342,0.057292,-0.069051,-0.22022,-0.20811,-0.068877,0.22845,0.26971,0.075849,-0.011919,0.00032283,-0.035234,-0.03694,-0.045441,-0.038153,-0.010176,0.013106,0.027329,0.03673,0.026705,0.0063282,-0.061719,-0.11007,-0.095636,-0.081535,-0.044604,0.030098,0.15815,0.23034,0.21319,0.15412,0.13596,0.1614,0.098508,-0.041098,-0.12266,-0.10806,-0.067476,-0.050146,-0.074359,-0.15249,-0.16135,-0.09012,-0.0010771,0.072963,0.0055131,-0.035562,-0.015673,0.0067934,0.033335,0.063756,0.054517,-0.0066529,-0.060808,-0.079974,-0.10109,-0.14859,-0.10151,0.0078032,0.0086576,-0.0011936,-0.015597,-0.0049248,0.0093567,0.0037609,-0.0018978,-0.016374,0.019699,0.046151,0.077063,0.081467,0.078821,0.077043,0.053273,0.054027,-0.64963,-2.789,-0.80701,-0.7748,-0.37954,-0.30841,1.1698,-0.068634,-0.73522,0.31704,0.62077,-0.10083,0.027264,-0.21008,0.2299,0.21103,0.011443,0.15037,-0.019817,-0.028727,-0.13469,-0.15704,0.3102,0.179,-0.076864,0.024046,0.049109,-0.091721,0.21375,0.028996,2.6532,1.2574,1.3534,-0.27195,-1.4941,0.31785,0.14844,0.28024,-0.19453,0.22171,-0.011625,0.13194,-0.28716,-0.11238,0.082067,0.094835,0.00018824,0.21527,-0.21155,-0.22462,-0.13284,0.19495,-0.094345,-0.28688,0.24366,0.14605,-0.19539,0.17388,-0.029934,-0.12755,2.0304,1.4655,0.17204,-0.28123,-0.45713,-0.74582,-0.60242,-0.53144,0.1751,0.065316,0.029473,-0.15447,-0.1776,-0.35903,-0.052856,-0.0025903,-0.097058,0.050847,-0.06058,-0.14022,-0.36487,0.3246,0.077146,0.16046,0.12161,0.21249,0.027169,-0.24248,0.03027,-0.0042102,-0.085112,1.7539,-1.3688,0.057412,-0.16506,0.57627,0.53977,-0.10426,0.19708,-0.035339,-0.14131,-0.0092992,-0.27914,0.10634,0.081617,0.053145,0.093652,0.00313,0.057107,-0.29763,-0.15259,-0.1102,-0.080035,0.16555,0.29308,0.019528,-0.13886,-0.080446,-0.063897,0.18942,3.1165,-1.2822,-0.47314,0.10033,0.60003,0.46997,0.081812,0.24986,-0.43037,-0.45484,0.15121,0.092007,-0.21799,0.17915,0.19988,0.042374,0.16345,0.13568,-0.15451,-0.13542,-0.15454,-0.070777,0.12634,-0.1663,-0.043746,0.040015,0.14114,-0.098017,-0.020283,-0.035567,-0.11744,1.9466,0.92602,0.33412,0.36819,-0.51624,0.14748,-0.28991,-0.13521,-0.23135,-0.033984,0.038672,-0.049418,-0.096886,0.052093,0.11443,-0.1346,0.069773,-0.14189,-0.037461,-0.32199,0.063874,0.11797,0.12544,-0.12738,-0.066904,-0.15211,0.050195,-0.060351,-0.04172
0.16945,0.26752,0.19944,0.020422,-0.057284,0.0016962,0.0298,-0.021442,-0.06898,-0.10296,-0.07221,0.01714,0.065949,0.077139,0.091981,0.09277,0.066755,-0.0059848,-0.078663,-0.10914,-0.11717,-0.074665,-0.049099,-0.075999,-0.069093,-0.0067724,0.086307,0.11805,0.051105,-0.11909,-0.29393,-0.011054,0.21601,0.44609,0.2757,-0.022361,-0.028284,-0.04635,-0.061459,-0.059549,-0.066384,-0.07978,-0.090156,0.058681,0.16949,0.13533,-0.0077249,-0.18018,-0.13915,-0.11574,-0.13799,-0.12185,-0.019077,0.022408,0.022387,0.028244,0.02057,0.052099,0.084299,0.10591,0.11574,0.10985,0.065157,0.017631,0.027531,0.063706,0.018868,-0.047257,-0.016501,-0.10982,-0.17031,-0.10875,-0.060235,-0.080217,-0.1052,-0.073346,0.022335,0.092492,0.06562,0.0069287,-0.0095289,0.0017124,0.0060058,-0.011111,-0.017936,-0.010684,0.0016966,0.014177,-0.026518,-0.070453,-0.063433,-0.025934,0.010516,-0.045339,-0.094854,-0.074389,-0.060325,-0.043263,0.0089194,0.037037,-0.36209,-0.27723,-0.11398,-0.047594,-0.032957,-0.06909,-0.11034,-0.083942,-0.025737,0.040446,0.058305,0.024591,0.030774,0.079137,0.10656,0.092722,0.058771,0.057233,0.056432,0.025171,0.010543,-0.010621,-0.051885,-0.10783,-0.14772,-0.14961,-0.14451,-0.16894,-0.17323,-0.085702,0.16845,-0.19385,-0.43303,-0.21641,0.025454,0.042947,0.025698,0.038405,0.052003,0.0028919,-0.059548,-0.048109,-0.0089233,0.080146,0.23808,0.31065,0.19589,0.090773,0.1305,0.13712,0.050848,-0.13264,-0.11894,-0.021572,-0.0068053,0.0085078,0.057265,0.059695,0.05793,0.040929,-0.035409,-0.080009,-0.066019,-0.075819,-0.12544,-0.093237,0.081873,0.24226,0.23177,0.04411,-0.019698,-0.022202,-0.008195,0.012222,0.037977,0.06956,0.041343,0.0068358,0.021119,0.034974,0.028489,-0.0072432,0.0033296,0.060033,0.079344,0.079225,0.06008,0.024938,-0.001568,-0.0039866,0.03103,0.097875,0.11141,0.071899,0.0367,0.0014477,-0.025497,-0.020697,0.055434,0.13111,-0.42868,-1.7579,-1.8489,-0.25162,-0.16597,-0.0066084,0.52433,0.022282,-0.29728,0.048893,0.27869,0.11833,-0.14715,0.3076,0.39066,0.48033,0.17961,-0.058184,0.20355,0.16399,-0.12994,0.043027,0.46224,0.20655,-0.0078969,0.052495,0.50094,-0.071064,0.26313,-0.32854,2.5702,0.75234,0.081777,-0.20953,-0.99241,0.63504,-0.84788,-0.10375,-0.47398,-0.19841,-0.19134,0.35133,-0.25192,-0.11968,0.049204,0.042193,0.23545,0.23281,0.25809,-0.54431,-0.094134,0.22093,0.028926,-0.3143,0.18009,0.12846,-0.14873,0.40248,-0.019898,0.0024922,2.3475,0.42463,0.52113,-1.2567,-0.15878,0.59931,-0.45641,0.095328,0.26462,0.37749,-0.071917,0.16706,-0.010731,-0.027803,-0.0077707,-0.087368,-0.24233,-0.013028,-0.11811,-0.29703,-0.10745,0.36138,-0.25702,0.42858,0.028535,0.058148,-0.14119,-0.40411,-0.21176,-0.053617,-0.14822,1.4723,-0.10355,0.79726,0.052952,0.49391,0.46886,0.32527,-0.38801,-0.27918,-0.045057,-0.044219,-0.2577,0.1508,-0.017903,-0.27485,0.29827,0.15477,-0.046476,-0.16916,0.29279,-0.28671,-0.2226,-0.062534,-0.023162,0.071475,0.22266,0.047851,-0.35629,0.12151,3.2405,-0.69235,0.5488,0.61467,-0.024911,0.64734,0.27103,0.13083,-0.35353,-0.41673,0.26415,0.023199,0.042721,0.10424,0.22944,-0.24574,0.13899,0.061618,-0.26935,-0.25219,-0.28155,-0.34636,0.022111,-0.17009,-0.24887,-0.26841,0.011355,0.097632,-0.11777,0.25188,-0.053825,1.6546,-0.2963,0.32948,-0.36869,-0.64983,0.061417,-0.21998,-0.25716,0.15113,-0.16254,-0.10119,-0.078468,-0.27231,-0.19548,-0.096494,-0.024887,0.062687,0.16731,-0.35163,-0.13496,0.29099,-0.022719,0.32105,0.26255,-0.30997,-0.22959,-0.077067,0.2284,0.10827
0.39486,0.34081,0.1006,-0.054903,-0.078569,-0.062961,-0.068604,-0.067445,-0.056153,0.0094818,0.080357,0.080442,0.079662,0.068971,0.053018,0.072971,0.12649,0.1414,0.11005,0.059554,0.0087464,-0.044517,-0.061581,-0.09743,-0.18134,-0.1934,-0.15978,-0.14277,-0.10814,-0.006145,0.12149,0.23773,0.17624,-0.059852,-0.067008,-0.047631,-0.045244,-0.068945,-0.043432,-0.0127,-0.032315,-0.049509,-0.063153,-0.0266,-0.020369,-0.075577,-0.089725,-0.02969,0.056153,0.092532,0.073534,0.061649,0.072389,0.038696,0.012484,-5.731e-05,0.017651,0.018263,-0.003968,0.0042047,-0.00068747,-0.030544,-0.041094,-0.062002,-0.076083,-0.050552,-0.032435,0.01278,0.1014,0.062677,-0.021863,-0.0034528,-0.047026,-0.054145,-0.030955,0.0020637,-0.057241,-0.094448,-0.0056001,0.10645,0.10451,0.02854,-0.018942,0.013841,0.061622,0.083447,0.071838,0.05324,0.050088,0.052261,0.056035,0.06797,0.047669,-0.027371,-0.08605,-0.086103,0.020406,0.080469,-0.086914,-0.23274,-0.7142,-0.43185,-0.10541,-0.03446,-0.022484,-0.01044,-0.0023073,-0.0049713,-0.033852,0.020915,0.11571,0.099475,0.073032,0.054102,0.034564,0.051261,0.088062,0.088955,0.068839,0.038619,0.0016767,0.013229,0.04494,0.045095,0.013298,-0.0072097,0.0054105,0.022458,0.010866,-0.0067583,-0.061542,-0.35068,-0.23007,0.17751,-0.0095059,-0.056781,-0.067827,-0.054051,-0.044245,-0.057796,-0.054544,-0.027259,0.011187,0.010278,-0.022424,-0.020714,0.026788,0.04885,0.083079,0.13902,0.14008,0.023494,-0.061477,-0.030817,0.0027613,0.034761,0.045728,-0.0031981,-0.017862,0.0026902,-0.068257,-0.14673,-0.15753,-0.12475,-0.080389,-0.042822,0.0078832,0.074802,0.094225,0.038793,0.04708,0.074076,0.057353,0.049875,0.073136,0.10758,0.034033,-0.035708,-0.050573,-0.082528,-0.090491,-7.072e-05,0.090914,0.028015,-0.042036,-0.093097,-0.09834,-0.041877,0.018513,0.037966,0.043149,0.034837,0.055571,0.081278,0.044368,-7.6995e-05,0.12529,0.20825,0.052239,-0.11671,-0.34659,-2.1919,-1.4868,-0.28838,-0.16392,-0.066574,0.31746,-0.0085727,-0.47005,0.26995,0.50727,0.024671,-0.070689,0.040639,0.40276,-0.016526,-0.20279,0.13822,0.17004,-0.08536,-0.11476,-0.023406,0.29402,0.18433,0.020524,0.0044113,0.16024,0.12793,0.15481,-0.19393,2.3732,1.0113,0.54731,-0.056532,-1.3148,0.70213,-0.78502,-0.29324,-0.46325,-0.086279,0.012496,0.25841,-0.21956,-0.0046437,0.12062,0.036478,-0.13034,0.29535,0.063771,-0.25339,-0.18942,-0.053638,0.026702,-0.18902,-0.021539,0.41492,-0.2482,0.14268,0.063873,-0.18246,2.1409,0.60743,0.57256,-0.4945,-0.88111,-0.099826,-0.50107,-0.52148,0.59396,-0.2225,-0.083343,-0.0063372,-0.04969,-0.42565,-0.28343,-0.078812,-0.12226,-0.55761,-0.10185,0.17703,-0.17667,0.013555,-0.12044,0.14278,0.28737,0.14007,-0.086275,-0.14442,-0.028897,0.095319,-0.30166,1.5277,-0.62063,0.58179,-0.24607,0.33354,0.37548,0.3079,-0.12195,-0.20615,-0.10786,0.06269,-0.116,0.062306,0.19301,-0.15461,0.1009,0.3255,-0.31699,-0.19144,0.42325,-0.19948,0.194,0.04288,0.17199,0.01441,0.097899,0.11282,0.047566,0.15893,3.1056,-0.88374,0.031545,0.46694,-0.071439,0.30638,0.028906,0.32393,-0.42132,-0.49907,0.15906,0.25265,-0.08018,0.094399,-0.015368,0.059562,-0.075936,0.026672,-0.43425,-0.1662,-0.13294,0.013277,-0.14782,0.11405,-0.10948,-0.0084537,-0.035076,-0.1579,-0.10674,0.038936,-0.21674,1.696,0.17026,0.44477,-0.27464,-0.41731,0.072445,-0.16861,-0.27059,0.1389,-0.062759,0.037556,0.045177,-0.11901,-0.11484,0.13235,0.099231,-0.066157,-0.050925,-0.50094,0.0060955,0.17269,-0.10718,-0.0029913,0.033536,0.1754,-0.053893,-0.12364,-0.1505,-0.11593
0.12211,0.18406,0.18795,0.21451,0.23276,0.15057,0.046679,0.021784,-0.023923,-0.082125,-0.062016,-0.018703,-0.028778,-0.016301,-0.018609,-0.028014,0.068238,0.236,0.26164,0.03088,-0.1232,-0.10799,-0.08149,-0.058356,0.0012513,0.059248,0.068448,0.042272,0.058114,0.0040414,-0.15232,-0.14247,-0.066643,-0.13602,-0.07945,0.0090577,0.012043,-0.016616,-0.039845,-0.049427,-0.046833,-0.04278,-8.1617e-05,0.029134,0.047596,0.06576,0.075272,0.084636,0.036603,-0.011187,-0.0029506,0.010815,-0.038419,-0.082765,-0.055732,-0.0027389,0.038535,0.020107,-0.053136,-0.085596,-0.080201,-0.076521,-0.071273,-0.070448,-0.081751,-0.090537,-0.079816,-0.049369,0.034664,0.109,0.047105,0.019649,0.081046,0.12548,0.12347,0.063159,-0.059947,-0.070064,0.04236,0.11947,0.082198,-0.0081253,-0.042611,-0.036234,-0.013901,0.0031932,0.0096832,0.017392,0.023732,0.022832,0.018942,0.022403,0.0073753,-0.026899,-0.044318,-0.037952,-0.011435,0.019415,0.0063951,-0.032881,-0.27457,-0.20752,-0.10884,-0.10674,-0.11747,-0.10956,-0.10962,-0.13644,-0.090663,0.0040474,0.065365,0.075273,0.030596,-0.044261,-0.12894,-0.14999,-0.060452,0.051319,0.0883,0.037953,-0.01358,0.010339,0.035038,0.012468,-0.0097329,-0.027663,-0.046913,-0.055064,-0.046828,-0.1303,-0.071639,0.39806,0.46153,0.17955,0.089214,0.13765,0.079641,0.041167,0.064614,0.080111,0.078957,0.070059,0.058649,0.042029,-0.0082099,0.0069317,0.088296,0.10228,0.034048,-0.04116,-0.04951,0.019398,0.077303,0.10576,0.096187,0.067538,0.059746,0.036103,-0.011148,-0.043139,-0.046111,-0.028521,-0.016992,-0.043738,-0.16349,-0.38605,-0.5203,-0.41224,-0.15588,-0.018339,-0.031987,-0.032848,-0.016407,0.0077571,0.035987,0.064708,-0.005976,-0.074826,-0.087762,-0.10746,-0.0074252,0.11779,0.10821,0.087292,0.067447,0.046832,0.04305,0.028674,-0.0055908,-0.024648,-0.027789,-0.029482,0.00093114,0.076248,0.091549,0.05925,0.1221,0.18689,0.21041,0.23886,-0.62902,-2.528,-0.42391,-0.35744,0.57411,0.16643,-0.17895,-0.29755,0.12708,-0.82055,0.76325,-0.74921,-0.16841,0.22251,-0.22609,0.077492,-0.182,0.017179,-0.054632,0.27143,-0.1038,-0.33666,0.34602,-0.05559,0.079943,0.10673,-0.089681,-0.035026,-0.41977,0.069111,2.6107,1.1204,1.6792,0.074534,-1.8106,0.30895,-0.017568,0.72071,-0.093796,0.32119,0.049114,0.5462,-0.35344,-0.24069,0.19399,0.31077,0.12825,0.26948,0.035978,-0.2439,-0.09064,0.15551,0.013756,-0.042685,0.12743,-0.01558,-0.12164,0.47723,0.23445,0.10949,1.9594,1.4971,0.034005,0.18262,-0.70588,-0.63437,-0.90124,-0.26266,0.26368,0.046447,0.285,-0.14829,-0.083544,-0.37924,0.00024478,0.11488,-0.32826,0.064054,0.17766,0.18181,0.09019,0.16475,-0.30552,0.12152,-0.17075,-0.042674,-0.0040867,-0.10991,-0.10073,0.24897,-0.18469,1.4402,-1.5806,-0.14507,-0.27623,0.45884,0.87157,0.044565,0.1788,-0.012783,-0.41403,-0.24789,-0.49397,0.10602,-0.034397,0.11409,0.21306,-0.16821,-0.15789,0.088373,0.069754,-0.23035,0.065231,0.11863,0.11625,-0.1499,-0.063656,0.46058,-0.39313,-0.0069199,3.0692,-1.2024,-0.73088,-0.2894,0.33934,0.66878,0.053707,0.65778,-0.72222,-0.083565,0.35083,-0.14877,0.068425,0.26834,0.18792,0.069094,0.31041,-0.096399,-0.30644,-0.27829,-0.092348,-0.15311,0.03429,-0.13791,-0.11726,-0.18125,0.0056442,-0.16803,-0.074638,0.024035,-0.20741,1.7197,1.1492,0.3432,0.59918,-0.72362,0.4,-0.21822,-0.26736,-0.19428,-0.15068,-0.23324,-0.3632,-0.16984,0.077836,0.35907,0.042228,0.22121,0.12005,-0.047081,-0.11494,0.066933,-0.088492,0.1322,0.24285,0.16583,-0.030181,0.0036109,0.19346,0.14777
0.28582,0.35332,0.35378,0.33839,0.28297,0.15188,0.04024,0.0010998,-0.033875,-0.073125,-0.053086,-0.016077,-0.026225,-0.011514,0.0095938,0.028777,0.076572,0.094685,0.046276,-0.066017,-0.10863,-0.06817,-0.033731,-0.034286,-0.078399,-0.1031,-0.049129,0.053002,0.16497,0.20896,-0.079169,-0.31066,-0.26599,-0.32596,-0.14085,0.038268,0.062065,0.045503,-5.0196e-05,-0.041188,-0.012041,0.034009,0.036363,0.022179,0.031496,0.029061,0.00824,0.013576,0.018055,-0.025711,-0.068727,-0.068063,-0.058974,-0.05784,-0.049571,-0.0073074,0.014942,0.045176,0.091175,0.063137,0.0069764,0.0017713,-0.00033593,-0.057742,-0.12437,-0.11979,-0.10114,-0.072743,-0.056173,-0.0061721,0.10357,0.10946,0.07025,0.036227,0.0066644,0.013243,0.055111,0.14558,0.21646,0.19733,0.1138,0.041377,-0.019392,-0.036114,-0.022356,-0.0014018,0.018596,-0.01063,-0.050147,-0.060613,-0.061971,-0.061565,-0.055398,-0.048082,-0.051239,-0.064755,-0.036785,0.0292,-0.0041302,-0.064988,-0.53842,-0.34333,-0.12127,-0.08881,-0.095406,-0.10019,-0.10259,-0.10565,-0.081566,-0.045042,-0.01315,0.014399,0.0045147,-0.050513,-0.08792,-0.045498,0.023174,0.051632,0.024621,-0.0086044,0.010584,0.050605,0.069717,0.027914,-0.040382,-0.07525,-0.073471,-0.067698,-0.074592,-0.063001,0.072867,0.51507,0.6702,0.27721,0.046139,0.0034546,-0.042305,-0.036596,0.0088544,0.072761,0.12076,0.11638,0.059209,0.0133,-0.010334,-0.0063302,0.014004,0.03394,0.030843,0.022253,0.022023,-0.0018961,0.08014,0.14288,0.13269,0.093316,0.092533,0.10847,0.057412,-0.012605,-0.062853,-0.066432,-0.064485,-0.088184,-0.19481,-0.39074,-0.50761,-0.40683,-0.1784,-0.0070482,0.070101,0.032482,-0.0031563,0.016405,0.041415,0.073703,-0.0036134,-0.088147,-0.094343,-0.097726,-0.096429,-0.0123,0.1016,0.10779,0.10047,0.06788,0.017636,-0.050366,-0.10816,-0.10662,-0.032838,0.13657,0.20929,0.11391,0.022597,0.049194,0.093894,0.10444,0.11045,0.11518,-0.81643,-2.8209,0.29942,-0.55282,0.38352,-0.27461,0.24028,-0.048699,0.065258,-0.71041,1.0212,-0.51556,-0.48951,0.060585,-0.14828,0.27493,-0.16601,0.25907,-0.214,-0.051843,-0.28837,-0.25992,0.39321,0.076379,0.051896,-0.20644,0.063587,0.024854,-0.26014,-0.10934,2.3164,0.75078,1.9823,0.23522,-1.8141,0.15989,0.23257,0.90688,-0.1585,0.15486,0.10062,0.50742,-0.059621,-0.1747,0.32186,0.062806,0.12711,0.099994,0.03044,-0.29651,0.064031,0.19612,-0.19439,-0.016614,0.21787,0.16093,-0.027853,0.59573,0.0088056,-0.15643,2.0219,1.6691,-0.30132,0.45448,-0.3126,-0.50196,-1.074,-0.1789,0.063743,-0.052358,0.34068,0.018935,-0.027738,-0.28364,-0.29169,0.2166,-0.14327,0.12458,0.039748,0.14992,0.022597,0.159,-0.36064,0.19241,-0.022737,0.087208,-0.1392,-0.037494,-0.023249,0.18273,-0.051564,1.098,-1.9989,-0.4373,-0.39726,0.56913,0.81939,-0.45407,0.098864,0.34539,-0.46094,-0.092363,-0.22663,-0.063615,-0.072546,0.11065,0.24902,0.056998,-0.2666,-0.067599,0.1679,-0.16693,-0.12986,0.14284,0.23146,-0.051154,0.0033791,0.0093438,-0.39735,-0.14279,3.2155,-0.96021,-1.2719,-0.48098,0.24967,0.40001,-0.70939,0.57529,-0.70137,-0.16384,0.15119,0.032197,0.0021183,0.10803,0.33434,0.00084129,0.55555,0.17683,-0.28475,0.044189,-0.17815,-0.42228,-0.17023,0.0076354,0.062919,-0.08384,0.18868,-0.085572,-0.21839,-0.13732,-0.28602,1.4728,1.509,0.30781,0.65968,-0.63276,0.35851,-0.40875,-0.28905,-0.37608,0.05585,-0.23462,-0.29554,-0.0067594,0.072541,0.27795,-0.092443,0.18018,0.54889,-0.081592,-0.11743,0.010195,0.0011918,0.11128,0.10857,0.27376,0.14247,-0.10902,-0.014975,0.31129
0.10683,0.20814,0.15345,0.097337,0.14513,0.13365,0.097991,0.05843,0.016391,-0.008009,-0.021689,-0.028191,-0.03468,-0.050608,-0.016569,0.049824,0.082824,0.12495,0.16341,0.15813,0.036889,-0.040934,0.080218,0.23177,0.18562,-0.0099906,-0.15609,-0.11687,0.083973,0.16629,0.10204,0.11955,0.092341,-0.049913,-0.054316,-0.0046157,0.028129,0.0037818,-0.039326,-0.033902,-0.019298,-0.030912,-0.046466,-0.07281,-0.11995,-0.058576,0.049548,0.024436,-0.11971,-0.20948,-0.16546,-0.18492,-0.23322,-0.18979,-0.1047,-0.0074962,0.028373,0.0037917,-0.0085102,0.0024925,0.030623,-0.0041659,-0.054925,-0.052831,-0.039263,-0.013226,0.015618,-0.039573,-0.080429,-0.019905,-0.023058,-0.015585,-0.018733,0.0621,0.20772,0.22208,0.15067,0.18921,0.24682,0.18273,0.044478,-0.042344,-0.044891,0.0015863,0.040217,0.046233,0.033345,-0.02337,-0.06847,-0.056789,-0.040144,-0.042077,-0.12551,-0.19953,-0.16963,-0.083715,0.090225,0.2695,0.40853,0.48019,-0.098546,-0.17124,-0.13508,-0.12991,-0.14915,-0.17629,-0.13589,-0.028793,0.016535,0.036719,0.038297,0.041427,0.03726,0.021162,0.011138,0.031844,0.060948,0.087938,0.11181,0.1152,0.092207,0.078928,0.18427,0.23361,0.15248,0.067524,0.018808,-0.077299,-0.1901,-0.2212,-0.11312,0.23908,0.28035,0.086483,-0.098264,-0.090741,-0.057961,-0.04742,-0.0073623,0.015203,0.015754,0.00045855,-0.032162,-0.066125,-0.075519,-0.030118,0.076176,0.067938,-0.10186,-0.21889,-0.090135,0.30693,0.29999,0.18697,0.11151,0.034194,-0.058796,-0.064685,0.057,0.14402,0.11911,0.057779,0.0152,0.0026827,-0.0043981,-0.045531,-0.0657,-0.062576,0.013785,0.096523,0.097278,0.10969,-0.076585,-0.2158,-0.17054,-0.13442,-0.11368,-0.10037,-0.10711,-0.1051,-0.08539,0.015412,0.093029,0.025858,-0.0253,-0.045522,-0.038182,-0.023077,0.012519,0.098432,0.14789,0.096972,0.00095651,-0.11494,-0.14129,-0.057967,0.067974,0.15187,0.25483,0.35487,-0.31235,-2.6445,-0.37972,-0.22443,0.28721,0.39891,0.2283,-0.029757,0.19344,0.14882,0.3761,-0.16881,-0.59539,0.41858,0.41325,0.25217,0.28102,-0.1224,0.38214,-0.18943,-0.41751,-0.17448,0.0088946,0.013485,0.17669,-0.17915,-0.063462,-0.27115,-0.2165,-0.14169,2.4817,0.75682,1.5138,0.19784,-1.5345,0.27822,-0.14513,0.11087,0.082127,-0.3082,-0.076742,0.091222,-0.29121,0.13021,0.24033,0.11798,0.29125,0.10881,-0.67627,-0.28288,-0.39042,0.34742,-0.12411,-0.047239,-0.11585,0.13845,-0.43496,0.54862,0.03416,0.21012,2.0766,1.4382,-0.16101,-0.046435,-0.83557,-0.77971,-0.26871,-0.087961,0.70175,0.18482,-0.039404,0.27201,-0.25794,0.50671,-0.25437,-0.0074552,0.32375,-0.35314,0.29578,-0.40857,0.19722,0.50963,0.088597,-0.041206,-0.097874,0.048883,-0.195,0.05553,0.19677,-0.072716,-0.23892,1.1218,-1.593,0.0996,-0.45125,0.55269,0.40455,0.32724,-0.34914,-0.34646,-0.081298,-0.024169,-0.36673,0.46141,0.056309,0.26761,0.40618,-0.18382,-0.41612,-0.032107,0.29011,-0.11738,-0.15586,-0.18527,0.23389,-0.24422,-0.24049,-0.17266,-0.14684,0.054716,2.198,0.34619,-1.2852,0.1877,-0.86924,0.73313,0.059802,0.14152,-0.10023,-0.67509,-0.48439,-0.32897,-0.51954,0.5476,-0.070778,-0.18152,-0.082211,0.45761,-0.41017,-0.11058,-0.17346,-0.2095,0.21397,-0.014999,0.098178,0.20954,0.043088,0.059803,0.22461,-0.04781,-0.46943,1.184,1.227,0.50597,0.41032,-0.4585,-0.093626,-0.323,-0.38643,0.40372,0.032096,-0.099649,0.16722,-0.51408,-0.14569,-0.31287,0.10456,0.28075,-0.073365,-0.11699,0.047782,-0.011579,-0.21278,0.16697,-0.08406,-0.070252,0.14228,0.42885,0.037555,0.21137
-0.30996,-0.25682,-0.024381,0.0029463,0.037677,0.0051736,-0.066469,-0.064682,-0.055647,-0.0025966,0.07229,0.075873,0.074031,0.057778,0.035375,0.017455,0.048824,0.066892,0.0023671,-0.05055,-0.079728,-0.077013,-0.023552,0.046352,0.073452,0.069668,0.11495,0.18456,0.19467,0.079343,-0.010446,-0.090119,-0.049382,0.011765,0.072277,-0.0020503,-0.060627,-0.059525,-0.05373,-0.044924,-0.036986,0.013107,0.049479,0.036281,-0.00079275,-0.01461,-0.023993,-0.026702,0.036966,0.073832,0.05165,0.053687,0.035323,-0.025995,-0.065007,-0.088993,-0.10156,-0.11324,-0.11058,0.012833,0.12452,0.10767,0.06053,0.055769,0.0084347,-0.086738,-0.08073,-0.033004,-0.00062044,-0.023894,-0.013883,-0.081642,-0.09968,-0.072322,-0.081066,-0.091928,-0.1318,-0.10916,-0.0047196,0.07196,0.072515,0.064312,0.037236,0.014938,0.01678,0.028454,0.037357,0.042779,0.045788,0.043246,0.04091,0.047224,0.035679,0.023436,0.02238,-0.019226,-0.032391,0.038009,0.14316,0.19331,0.64004,0.31928,-0.065215,-0.10082,-0.088827,-0.040658,-0.0071579,-0.03137,-0.050742,0.04074,0.13582,0.11947,0.08964,0.051578,0.012868,0.062497,0.096478,0.051022,-0.010459,-0.074377,-0.1142,-0.10305,0.012948,0.071379,0.07667,0.07853,0.052085,0.035387,0.040379,-0.03383,-0.23712,-0.19375,-0.16997,-0.2911,-0.16388,0.017267,0.079836,0.078952,0.077841,0.073045,0.055559,0.014193,0.008275,0.042929,0.054055,-0.023786,-0.090986,-0.066545,0.01032,0.056658,0.0030432,-0.10224,-0.060334,0.024138,-0.063753,-0.18985,-0.15405,-0.091769,-0.029411,0.019974,0.033078,-0.046747,-0.167,-0.19343,-0.027336,0.14062,0.087106,0.088277,0.063075,0.042698,0.080341,0.039214,0.004311,0.018759,0.043216,0.08043,0.024281,-0.039747,-0.054903,-0.080244,-0.094976,-0.033886,0.044801,0.033964,0.022214,-0.0097364,-0.043255,-0.04286,-0.029658,-0.025236,-0.013748,-0.011117,0.034486,0.13914,0.16299,0.082205,0.0012302,0.0057871,0.12968,0.23867,-0.28022,-2.1352,-1.5305,-0.1968,0.21189,-0.16457,0.076329,-0.1308,-0.047031,0.16338,0.55534,-0.094544,0.095394,0.18119,0.023748,0.16254,0.35205,0.035406,-0.32206,0.13745,-0.012524,-0.14927,0.20595,0.113,0.039719,0.3025,-0.0435,-0.01691,0.35941,-0.18371,2.2561,1.0498,0.55143,-0.35337,-1.3883,-0.085799,0.27971,0.34594,0.2772,-0.020354,-0.10453,0.2566,-0.34413,-0.16274,-0.27543,-0.015747,0.15719,-0.092345,-0.24254,-0.1381,0.048031,0.14493,-0.083926,-0.058416,0.17498,0.079845,0.052517,0.24034,0.15068,-0.21789,2.0346,0.87347,0.27274,-0.68134,-0.34756,-0.1234,-0.50431,-0.050847,0.43152,0.19768,-0.10492,-0.42032,0.11446,-0.10282,-0.075087,0.079268,-0.14761,-0.095823,-0.16769,0.19597,-0.19046,0.1232,-0.24136,-0.059232,-0.030546,0.025023,-0.31646,-0.22795,0.092564,-0.1976,-0.30912,1.5414,-0.56021,0.60479,-0.14769,0.3188,0.74875,0.087666,-0.15572,-0.019239,0.18705,-0.044701,-0.08471,0.028057,-0.093254,0.42655,-0.11911,0.025226,-0.090554,0.2167,-0.11862,0.17005,-0.12075,0.10151,0.14568,-0.032624,-0.020282,-0.082667,-0.17947,0.29275,2.967,-1.2276,0.12282,0.12913,-0.4633,0.020641,-0.4446,0.29546,0.10047,-0.053344,-0.13931,-0.17765,0.36235,-0.080269,-0.050412,0.06075,0.18435,0.12532,-0.016664,-0.11758,-0.13895,-0.029375,-0.046478,-0.057136,-0.13536,-0.22757,0.10546,-0.053059,0.14131,0.021054,-0.27987,1.5916,0.085589,0.24814,-0.15044,-0.58602,0.35929,0.099558,0.16129,0.23634,-0.3473,-0.13001,-0.014814,0.03832,-0.22815,0.16373,-0.29175,-0.038929,-0.20109,-0.067648,0.25237,0.029845,0.062697,-0.13832,0.064726,-0.13286,-0.19721,-0.20856,-0.30749,0.35433
0.076295,0.05016,0.17648,0.34934,0.32755,0.10646,-0.003725,-0.031332,-0.068545,-0.094061,-0.063517,-0.021245,-0.034597,-0.058444,-0.063077,0.013905,0.13901,0.21766,0.24279,0.19219,0.082444,-0.049041,-0.10889,-0.0748,-0.044313,-0.032266,-0.0047946,0.015348,0.088371,0.21978,0.0028528,-0.19498,-0.15039,-0.082642,0.06474,0.1313,0.12188,0.042524,0.011622,0.0077111,-0.020769,-0.033959,-0.039858,-0.046004,0.024171,0.063644,-0.011543,-0.107,-0.14145,-0.10592,-0.054778,0.0053501,-0.047515,-0.1429,-0.15744,-0.076368,0.048697,0.10377,0.10889,0.11153,0.094772,0.059891,0.0042824,-0.032163,-0.099891,-0.17544,-0.16011,-0.18395,-0.15852,-0.12373,-0.097259,-0.047844,-0.068875,-0.07762,-0.074617,-0.063701,-0.087963,-0.055334,0.031284,0.066876,0.034289,-0.0095865,-0.012742,-0.0017899,-0.00085453,0.0016881,0.0081433,0.016436,-0.025077,-0.064989,-0.065283,-0.073564,-0.069347,-0.02189,0.081332,0.15664,0.13541,0.1595,0.30712,0.39787,0.40989,0.25161,-0.10317,-0.28132,-0.2802,-0.1826,-0.075456,-0.060854,-0.017543,0.013351,0.049621,0.061012,0.0018316,-0.04463,-0.0074089,0.054952,0.10323,0.13147,0.13945,0.12463,0.066906,0.019197,0.015573,0.0065908,-0.016186,0.012442,0.050604,0.048048,0.04057,0.039344,0.12655,0.50863,0.66347,0.26303,-0.1658,-0.35773,-0.36766,-0.27654,-0.12666,-0.01069,0.037152,0.08481,0.12884,0.1603,0.14766,0.098022,-0.0081302,-0.10455,-0.13613,-0.15725,-0.18874,-0.13179,0.044722,0.13935,0.15677,0.10366,-0.013766,-0.062764,-0.023565,-0.050652,-0.14857,-0.20864,-0.28021,-0.34094,-0.24035,-0.17161,-0.27805,-0.26879,-0.12359,-0.031746,0.0094771,0.060649,0.05481,0.048386,0.071281,0.10511,0.026889,-0.056137,-0.065353,-0.075736,-0.076888,-0.044015,0.01881,0.048623,0.055108,0.055472,0.045139,0.035507,0.046588,0.062182,0.051571,-0.012764,-0.056811,0.042234,0.15854,0.17625,0.10556,0.12759,0.29197,0.40321,-0.56913,-2.8939,-0.017423,-0.39988,-0.3083,-0.20054,0.4329,-0.32433,0.22704,-0.038171,0.74858,0.26899,-0.43622,0.12916,0.032341,0.609,-0.13978,0.043679,0.095665,0.025034,-0.43499,0.10682,0.33477,0.051097,0.011184,-0.080546,0.25544,0.15964,0.27341,-0.0070481,2.3087,0.7358,1.8369,0.14908,-1.7619,-0.055699,0.34084,0.92078,0.063432,-0.15001,0.048441,-0.094477,-0.067172,0.10015,0.37315,0.027005,-0.0022394,0.060635,-0.010989,-0.36867,0.19172,0.4325,-0.18861,-0.15657,-0.0036898,-0.022465,-0.01645,0.60519,-0.18977,-0.033824,2.1201,1.3459,0.076853,0.53852,-0.49661,0.16238,-1.2096,-0.22221,0.082067,-0.049541,0.10057,0.30586,0.076109,-0.39533,-0.28976,0.31131,0.068715,0.034916,-0.2487,-0.4864,-0.15485,0.18706,-0.15836,0.013628,0.11593,0.14073,0.11046,-0.20333,-0.055223,-0.16918,-0.11423,1.0603,-1.7871,-0.13306,-0.28119,0.61217,1.3072,-0.2422,-0.26662,0.5143,-0.17893,0.21863,0.01775,-0.048842,0.1099,0.15915,0.36726,0.11024,-0.20456,-0.30039,0.10395,0.064582,-0.17551,0.095322,0.21436,0.15801,0.10755,-0.069901,-0.31977,0.053544,3.2961,-0.85292,-1.0004,-0.347,0.50519,0.53276,-0.48806,0.75695,-0.53042,-0.40884,-0.27567,0.30426,0.33573,0.12186,0.33287,0.043658,0.38229,0.35625,-0.24745,-0.0017166,-0.38853,-0.35724,-0.34039,-0.054442,0.0043541,0.11266,0.23245,-0.12078,-0.045866,0.29663,-0.016759,1.3519,1.2453,0.20181,1.0554,-0.7501,0.42784,-0.1365,-0.0047754,0.28088,-0.54689,0.090472,-0.37823,-0.084282,-0.20123,0.22788,0.08601,0.32911,0.47196,-0.31712,-0.17732,0.21788,0.25105,-0.043228,-0.3342,-0.14165,0.14664,-0.12284,-0.16526,0.21168
0.16143,0.16413,0.095873,0.092364,0.099187,0.053811,-0.02661,-0.027336,0.018591,0.01917,-0.0014776,-0.015897,0.0136,0.032152,0.0052883,-0.012473,-0.018077,0.0086983,0.072265,0.1159,0.1075,0.067963,0.016924,-0.017529,-0.010036,0.0044206,-0.041467,-0.07574,-0.043883,0.091769,0.23581,0.15778,0.04177,-0.10088,-0.11173,-0.069566,-0.032699,-0.035481,-0.066718,-0.071606,-0.063803,-0.066092,-0.069112,-0.078858,0.0053857,0.053602,-0.021383,-0.090117,-0.11087,-0.10939,-0.071438,-0.036793,-0.12441,-0.18441,-0.16137,-0.052172,0.040166,0.067322,0.082139,0.098976,0.097519,0.086063,-0.015999,-0.12469,-0.11084,-0.078233,-0.072939,-0.091591,-0.030177,0.0063177,0.032892,0.10464,0.088596,0.047156,0.0056317,-0.0075033,-0.044314,-0.065285,-0.065499,-0.081432,-0.11087,-0.061966,0.0103,0.030025,0.036397,0.036486,0.026828,0.022026,0.026738,0.027906,0.02633,0.028773,-0.0040629,-0.017094,0.01017,0.03464,0.04983,-0.0014055,-0.090941,-0.14507,-0.3046,-0.12216,-0.004294,-0.056453,-0.068812,-0.062682,-0.034098,0.017173,0.017224,-0.028638,-0.011036,0.027605,-0.002506,-0.062304,-0.084304,-0.072725,-0.042497,0.00087672,0.039785,0.058384,0.05587,0.023265,-0.026865,0.071193,0.1519,0.11959,0.063815,0.030613,0.04834,0.024719,-0.18893,-0.52925,-0.36866,0.16034,0.0026087,-0.014276,-0.012545,-0.017099,0.019351,0.054676,0.064302,0.059439,0.057189,0.066775,0.045742,0.010776,-0.057254,-0.117,-0.12266,-0.15124,-0.15081,0.026038,0.1592,0.17984,0.16636,0.099138,0.047964,0.040413,0.018233,-0.028184,-0.093264,-0.12428,-0.075763,-0.035707,-0.085431,-0.18002,-0.21611,-0.15439,-0.0024342,0.038721,0.042936,0.070569,0.049789,0.043485,0.069152,0.10344,0.022213,-0.049798,-0.033043,-0.024641,-0.019328,0.03763,0.083715,0.045556,0.03421,0.025798,0.022444,0.018145,0.012816,0.014399,0.010555,-0.0090094,-0.019549,-0.054554,0.022489,0.1141,0.078659,0.048649,0.046578,0.042474,-0.367,-2.6686,-1.6015,-0.4532,0.60289,0.091207,-0.16646,0.10596,-0.25839,-0.14129,0.39379,-0.2285,-0.031006,0.40053,-0.19003,0.22052,-0.03725,0.2377,0.17138,0.15667,-0.24064,-0.071903,0.29245,0.0061198,-0.013105,-0.0703,0.37353,0.11044,0.21342,0.13892,2.6535,1.4616,1.0057,-0.61705,-1.5418,0.26144,-0.27158,-0.16495,0.043427,-0.1919,-0.038476,0.44904,-0.55093,0.080157,0.0015711,0.089408,0.042063,0.44394,-0.057926,-0.35394,-0.053907,0.10107,-0.053282,-0.31136,-7.4342e-05,0.2482,-0.14594,0.15607,-0.00026959,-0.022827,2.2096,1.1422,0.99069,-0.64815,-0.41289,0.59227,-0.159,-0.24565,0.27397,0.59745,-0.058883,0.11697,-0.046442,-0.35569,-0.34303,0.26737,-0.17348,-0.25397,0.012096,-0.17363,-0.066745,0.14164,-0.080973,0.0080587,0.035219,0.23593,-0.0012056,-0.095904,-0.20133,0.083889,0.035597,2.2044,-0.97572,0.45713,-0.29431,0.27275,0.537,0.49034,-0.51147,-0.1901,0.0014059,0.04183,-0.2899,0.026068,0.11634,-0.32508,0.26352,-0.10202,-0.33657,-0.042713,0.36173,-0.016524,-0.17675,0.11549,-0.013709,0.023031,-0.033751,0.15343,-0.095985,0.049243,2.9441,-1.4372,-0.22104,0.25395,-0.69307,0.1434,0.070829,0.23963,-0.33383,-0.2882,-0.14067,0.025095,0.10605,0.12033,0.19571,0.023358,-0.057378,0.12232,-0.34388,0.058977,0.018939,-0.23665,-0.11847,-0.31915,0.057539,0.070042,0.12865,-0.041262,0.0056438,-0.19727,0.016071,2.3025,0.44774,0.51576,-0.063211,-0.31704,0.1784,-0.17937,-0.20225,0.38827,-0.32673,-0.12542,0.098358,-0.084052,0.082393,0.095273,0.13985,-0.016553,0.035649,-0.14584,-0.28724,0.11746,-0.095784,0.012882,-0.28301,-0.0074409,-0.057797,-0.010794,0.041689,0.078943
-0.1726,-0.18106,-0.076679,-0.07337,-0.1203,-0.033418,0.04017,0.0077459,-0.049288,-0.043667,0.027206,0.062467,0.055093,0.041367,0.023857,0.0069781,0.011675,0.015377,0.0086633,0.028518,0.036576,-0.018039,-0.098139,-0.14726,-0.18926,-0.22619,-0.19833,0.21561,0.48237,0.27013,-0.10265,-0.2004,-0.15564,-0.032293,0.12725,0.14861,0.13005,0.075891,0.067011,0.071303,0.05822,0.057151,0.049302,0.038368,0.062328,0.07998,0.045807,-0.067227,-0.17423,-0.11251,-0.0078797,-0.0067134,-0.037387,0.027399,0.022745,-0.048933,-0.038726,-0.012875,-0.0034199,0.010494,0.078503,0.15238,0.17926,0.19263,0.19107,0.14343,0.098235,-0.017732,-0.11424,-0.0872,-0.074026,-0.0033759,-0.024189,-0.085363,-0.091297,-0.034125,0.038646,0.06535,-0.049868,-0.17485,-0.21704,-0.20138,-0.14262,-0.038745,0.010019,-0.0002824,0.0043188,0.0086366,0.015852,0.015435,0.0075807,-0.083749,-0.15202,-0.10577,-0.043756,0.019226,0.060797,0.085926,0.1782,0.24007,0.46922,0.1946,-0.056484,-0.079448,-0.071186,-0.097693,-0.15243,-0.16562,-0.12718,-0.051354,0.022392,0.02635,0.0061981,0.00010506,-0.0074129,-0.015166,-0.0065901,-0.0043822,-0.0050392,0.01338,0.021293,-0.02205,-0.093908,-0.1613,-0.20839,-0.23154,-0.24245,-0.16576,-0.12385,-0.0056859,0.12282,0.38808,0.54351,0.24186,-0.050802,-0.14363,-0.13921,-0.095719,-0.015539,0.059753,0.061191,0.026185,0.031498,0.088083,0.14197,0.18139,0.13226,-0.037392,-0.15778,-0.14578,-0.042993,0.066125,0.076126,-0.019749,-0.085075,-0.064461,-0.045218,-0.030911,0.0072792,-0.0017722,-0.00074401,0.10228,0.21299,0.25425,0.17243,0.0038381,0.0050132,0.10118,0.15022,0.14142,0.10972,0.11046,0.043875,1.4506e-05,0.022154,0.050351,0.080284,0.10576,0.050934,0.0083626,0.026856,-0.0010079,-0.078633,-0.13673,-0.12635,-0.040538,0.058682,0.050175,0.0046175,-0.033613,-0.050196,-0.014961,0.01525,0.0091007,0.012029,0.036587,0.058979,0.061,0.12407,0.20604,-0.82132,-2.1901,-0.65255,-0.41281,-0.57493,-0.31727,1.0295,0.061921,0.29296,-0.22484,0.60737,-0.23534,-0.75712,-0.16058,-0.11396,0.51179,0.49092,0.16852,-0.2202,-0.24889,0.073799,-0.15372,0.68843,-0.26701,-0.29481,-0.15367,-0.057166,-0.019987,0.16287,-0.12588,2.5856,0.68805,0.78338,0.14228,-1.2584,0.52233,0.088758,0.51858,-0.87972,0.15002,-0.37309,0.2969,0.18356,-0.042267,0.78665,0.3588,0.41604,0.16162,-0.065336,-0.10189,0.50168,0.46178,-0.089602,-0.066651,-0.24498,0.2666,0.038992,0.27689,-0.046382,-0.33453,2.3715,0.89109,0.17126,-0.49482,-0.0056631,-0.36803,-1.0133,0.21459,0.33482,-0.26312,0.75775,0.2026,-0.15482,0.058407,0.12765,0.37926,-0.31955,0.24749,-0.38494,-0.33374,-0.15375,-0.47062,-0.049355,0.18211,-0.081434,0.37903,-0.10782,-0.19107,-0.34126,-0.23887,0.1463,1.1838,-0.87131,0.11727,-0.09352,0.75694,0.14578,-0.51046,-0.24854,-0.33623,-0.86404,0.10271,-0.50131,0.30296,0.2873,0.24824,0.26107,-0.4069,-0.1423,-0.60567,-0.14942,-0.06208,0.11869,-0.052493,0.091191,0.019006,-0.031937,-0.0026909,-0.51327,-0.12184,3.4152,-0.58057,-0.26895,0.22311,0.57945,0.94481,-0.34584,0.005076,-0.54416,-0.063706,-0.0088373,0.29678,-0.12426,0.89501,-0.029652,-0.091697,0.89956,-0.096374,0.22719,0.36251,-0.23588,-0.40501,-0.21706,0.049819,-0.018993,-0.10307,0.13722,0.0046699,-0.083911,0.037432,0.1512,1.2912,0.42582,0.29425,0.35889,-0.97169,-0.001502,-0.57061,0.51623,-0.04588,-0.16275,0.15164,-0.52995,-0.52663,0.037678,0.28076,-0.40673,0.045115,0.33179,0.093343,0.19783,-0.14323,0.43663,0.32375,0.015297,-0.22886,0.24567,-0.22829,0.093369,0.044495
0.35789,0.10263,0.1642,0.040495,0.11504,0.18064,0.10196,0.033892,-0.051648,-0.11157,-0.1164,-0.1213,-0.12809,-0.10672,-0.053775,0.055494,0.16439,0.19802,0.23052,0.22831,0.16079,0.071103,0.058925,0.06539,-0.024143,-0.086603,-0.060208,-0.062433,-0.08295,-0.044924,0.061932,0.10408,0.05704,0.015318,0.062802,0.09548,0.077855,0.0233,0.022641,0.027672,-0.014855,-0.038765,-0.052047,-0.017462,-0.022988,-0.0925,-0.093935,-0.038089,0.065351,0.1317,0.095223,-0.0038326,-0.058812,-0.055713,-0.10416,-0.14329,-0.13832,0.019277,0.13569,0.14555,0.15974,0.055295,-0.081535,-0.095893,-0.09266,-0.053261,-4.3005e-05,-0.026451,-0.050427,0.033602,0.027237,0.0020157,0.0061078,-0.0064174,-0.014761,-0.047803,-0.068985,-0.010606,0.053774,0.059357,0.0012582,-0.050332,-0.066801,-0.071041,-0.036786,-0.00097144,0.0077132,0.01675,0.019331,0.014471,-0.03312,-0.065122,-0.047252,-0.038579,-0.015528,0.025937,0.067584,0.15528,0.38037,0.54236,1.1615,0.46303,-0.11948,-0.11379,-0.17474,-0.25329,-0.16876,0.0041054,0.056855,0.046592,0.0098796,0.022162,0.038688,-0.019765,-0.0038778,0.090837,0.12035,0.12054,0.13704,0.15235,0.12801,0.11744,0.13867,0.092954,0.041971,0.025166,0.037311,0.066689,0.043112,0.050583,0.16919,0.48927,0.4584,0.1378,-0.19377,-0.29567,-0.28002,-0.23788,-0.17674,-0.11761,-0.057145,-0.0054963,0.029514,0.0030344,-0.06899,-0.091875,-0.095174,-0.055043,0.083405,0.17708,0.11161,-0.068011,-0.18869,-0.20091,-0.13648,-0.078908,-0.0475,-0.060982,-0.024567,0.049832,0.069569,0.013604,-0.061043,-0.11656,-0.19175,-0.26749,-0.21761,-0.1168,-0.033804,0.052288,0.021611,0.0027612,0.019295,0.036452,-0.010149,-0.039706,-0.049617,-0.078074,-0.082753,-0.08533,-0.077319,-0.035755,-0.006711,-0.022827,0.010936,0.045761,0.024936,-0.0036349,-0.028671,-0.041015,-0.0082712,0.023496,0.01391,0.042359,0.08016,0.080272,0.059487,0.13116,0.31615,0.4337,-0.4136,-1.9963,0.03356,-0.52698,-0.5371,0.080829,0.67683,-0.42085,-0.53477,0.037761,0.30483,0.38163,-0.2034,-0.47877,0.31838,-0.0020318,-0.0064842,0.055185,0.038331,-0.35979,-0.23149,-0.1983,0.2817,0.10141,-0.058561,0.19367,0.014204,0.21686,0.091284,0.06829,2.6682,1.2371,1.2675,1.1343,-1.1901,0.067651,0.23908,0.47351,-0.21931,-0.49562,-0.24217,0.070572,-0.055107,0.011914,0.54549,-0.05509,0.21827,0.15906,-0.14135,-0.33755,-0.040033,0.058367,-0.12104,0.1083,-0.1128,0.12779,0.26115,0.32144,0.25176,0.049603,2.1809,1.0453,-0.54831,0.25376,-1.042,-0.033363,-0.70913,-0.1327,0.13084,0.25895,0.17817,0.34624,-0.10084,-0.022426,-0.2349,0.0092994,0.17998,-0.11779,-0.25837,0.014034,0.02956,-0.028248,-0.29357,0.062728,0.065757,0.047173,0.038145,-0.21305,-0.16836,-0.026015,-0.087771,0.66079,-1.4917,-0.086719,-0.25427,0.56135,0.79964,0.15891,-0.42065,0.10351,-0.39507,0.14437,-0.27571,0.25285,0.034979,0.41954,0.096325,0.36141,-0.2194,-0.19744,0.23334,-0.076276,0.22407,0.16232,0.17701,-0.10422,-0.015126,-0.069247,-0.0032224,-0.042316,2.2933,0.66609,-1.4298,0.17772,-0.42161,0.93329,0.046697,0.33164,-0.42606,-0.5133,-0.1192,0.15693,-0.33474,0.53907,-0.18577,0.1764,0.055748,0.056312,-0.32542,-0.016932,-0.35536,0.10952,-0.35447,-0.050373,0.11305,-0.010587,0.15497,-0.049253,-0.095277,0.242,-0.29025,0.86885,1.1437,0.24222,0.46773,-0.54283,0.1819,-0.35995,-0.71262,0.18554,-0.11188,0.10119,-0.24255,-0.14663,-0.013436,0.095014,-0.33479,0.15449,0.28764,-0.44378,0.20656,0.10559,0.1705,0.13856,-0.070996,0.072512,0.14597,-0.21908,-0.27581,-0.005486
-0.1375,-0.081041,-0.044352,-0.0095059,0.097767,0.16013,0.11421,0.091247,0.064042,0.013108,0.033484,0.072953,0.060539,0.034605,0.0055535,-0.0063975,0.048428,0.13112,0.14268,0.10646,0.056288,0.014015,-0.01977,-0.028341,-0.051225,-0.11356,-0.15881,-0.21487,-0.22332,-0.11558,0.079659,0.11071,0.050502,0.048949,0.10558,0.10164,0.055936,0.011636,-0.013119,-0.034834,-0.047344,-0.056529,-0.017183,0.0064389,0.0085941,0.0088534,-0.0284,-0.079316,-0.12526,-0.13252,-0.090811,-0.097141,-0.15638,-0.11062,-0.066083,-0.030658,0.011688,0.04888,0.069724,0.091952,0.10232,0.085735,0.046847,0.032777,-0.038427,-0.12014,-0.090859,-0.094814,-0.10476,-0.070845,-0.14685,-0.16239,-0.070209,0.0067418,0.041245,-0.064928,-0.16518,-0.10723,0.013458,0.060465,0.039811,-0.0021653,-0.0074917,0.0082874,0.020486,0.021942,0.022314,0.02889,0.032415,0.033269,0.040928,0.059733,0.043393,-0.039541,-0.12266,-0.11124,0.036067,0.12981,0.14851,0.17357,0.070529,-0.046213,-0.06435,-0.046213,-0.084091,-0.11748,-0.092853,-0.060092,-0.044383,0.0328,0.066771,0.041828,-0.011995,-0.059701,-0.091037,-0.077063,0.0074012,0.072431,0.077763,0.064263,0.039733,0.0077984,0.026363,0.02821,0.024544,0.026024,0.0052736,0.0047772,0.046133,0.082872,0.10422,0.41579,0.40819,0.12786,-0.11371,-0.15602,-0.10668,-0.046144,-0.015644,-0.0077262,-0.0049199,-9.2098e-05,-0.031951,-0.082899,-0.10654,-0.069331,-0.043594,-0.073388,-0.1179,-0.16532,-0.10825,0.14614,0.19613,0.11205,0.070193,0.058394,0.050453,0.050231,0.083002,0.051125,-0.048984,-0.1115,-0.18676,-0.23372,-0.15482,-0.11106,-0.16619,-0.14039,-0.063485,0.028233,0.0067836,-0.0026466,0.010401,0.02413,0.049106,-0.014873,-0.056778,-0.037029,-0.057744,-0.071681,0.018618,0.11323,0.077555,0.039076,0.022299,0.017645,0.013044,-0.010737,-0.024465,0.0031486,0.046182,0.064492,0.068821,0.063355,-0.0096311,-0.050533,0.032562,0.07371,0.13528,0.21985,-0.59493,-2.8795,-0.68691,-0.50605,-0.21217,-0.22385,0.92329,-0.14762,-0.19587,0.12348,0.62552,-0.22643,-0.31367,0.02597,0.40564,0.32568,-0.10482,0.27012,0.27545,-0.15906,-0.14884,-0.20592,0.12629,0.11888,-0.018818,-0.13915,0.33369,-0.08233,-0.10418,-0.14503,2.7015,1.3458,1.4323,-0.17209,-1.3817,-0.14655,0.7216,0.67774,-0.077412,0.13235,-0.20152,0.16164,-0.18912,-0.082821,0.11697,-0.16168,0.064213,0.30073,-0.34938,-0.22149,0.0091111,0.13848,-0.1078,-0.28224,0.11337,0.34641,-0.18942,0.37622,0.12342,-0.078947,2.2142,1.4432,0.50557,-0.10697,-0.27647,0.23696,-0.77609,0.24569,0.28193,-0.32532,0.044322,0.0059894,-0.22329,0.20968,-0.42526,-0.052963,0.39877,-0.25169,0.1956,-0.28551,0.13344,0.25068,0.079195,0.083948,0.13774,0.032597,-0.26112,-0.025211,-0.028005,0.12128,-0.24387,1.4969,-1.3656,0.074118,-0.1829,0.56405,0.21337,-0.18672,-0.082755,-0.60491,-0.33712,-0.076432,-0.47148,0.12803,0.24683,-0.31101,0.23762,0.20348,-0.074822,-0.35792,0.043294,-0.46926,-0.25846,-0.084072,0.33242,0.28323,-0.26176,-0.11972,-0.04992,-0.059631,3.1842,-1.1564,-0.63305,-0.031543,0.49558,0.52666,-0.22427,0.20269,-0.41203,-0.32025,0.1317,0.33574,-0.16934,0.22547,0.4567,-0.074311,0.095471,0.34926,-0.25179,-0.036634,-0.15163,-0.20187,0.090914,-0.11733,-0.089911,0.083809,0.20651,-0.2667,-0.15179,-0.078887,-0.28848,1.5803,1.0559,0.41205,0.40876,-0.71497,0.12301,-0.24135,0.20853,0.0010765,-0.047059,-0.10783,-0.18484,-0.23254,-0.012655,-0.045657,0.23549,-0.081164,-0.1655,-0.32409,0.037506,0.20299,-0.10589,0.047238,-0.32987,0.19701,0.16244,0.24109,-0.023516,0.017511
0.51959,0.40122,0.32304,0.38114,0.27463,0.029805,-0.071041,-0.079003,-0.079369,-0.084021,-0.05505,-0.018275,-0.029038,-0.045258,-0.0034737,0.067609,0.084757,0.086999,0.075465,0.044845,-0.02035,-0.04014,-0.024118,-0.067022,-0.089446,-0.059774,-0.073941,-0.11219,-0.080048,0.044591,0.14659,0.11101,0.018971,-0.039784,-0.025522,-0.0040744,-0.016652,-0.05392,-0.019569,0.017051,-0.014281,-0.035205,-0.047918,-0.063796,-0.063379,-0.03216,-0.012473,-0.0097498,-0.0038551,-0.0075392,-0.05986,-0.077955,-0.14097,-0.21257,-0.18219,-0.074717,-0.026412,-0.019866,-0.00168,0.0084885,0.010728,0.008916,0.011719,-0.083046,-0.18983,-0.16986,-0.15806,-0.13742,-0.067136,0.020322,0.14913,0.27764,0.31471,0.25996,0.12517,-0.010108,-0.02085,0.1356,0.29266,0.30621,0.20574,0.10181,0.03803,0.052987,0.084794,0.073473,0.04959,0.033991,0.029257,-0.012546,-0.043451,-0.035439,0.0069394,0.058051,0.055462,0.056973,0.0072057,0.038466,0.082756,0.020998,-0.2518,0.067333,-0.041861,-0.28001,-0.27837,-0.15396,-0.005992,0.014002,0.0082885,-0.021479,-0.0093102,0.0062609,-0.020561,-0.020434,0.0089433,0.0458,0.05987,0.060237,0.054019,0.034048,0.039228,0.076511,0.079116,0.066114,0.054025,0.037761,0.026932,0.027396,0.0071838,-0.011819,0.021891,0.33557,0.35005,0.12406,-0.11105,-0.18309,-0.16482,-0.14236,-0.10426,-0.076359,-0.037052,0.01387,0.051093,0.050803,-0.0029778,-0.045861,-0.032748,-0.0036299,0.0036866,-0.033358,-0.071264,0.057524,0.16743,0.18386,0.1569,0.098209,0.022423,-0.032614,-0.031086,-0.039167,-0.056416,-0.052877,-0.043397,-0.01571,-0.04276,-0.1909,-0.30382,-0.21833,-0.1342,-0.10223,-0.035854,0.0031653,0.020304,0.031861,-0.0076236,-0.027949,-0.045346,-0.08538,-0.097982,-0.10638,-0.11271,-0.086407,-0.067484,-0.075135,-0.068363,-0.073447,-0.044685,-0.0042542,0.026745,0.066943,0.10474,0.18879,0.25899,0.20286,0.10461,0.061004,0.10159,0.18389,0.21456,0.21259,-0.48287,-2.5962,-0.29488,-0.20167,0.75178,0.1436,-0.38609,-0.27516,-0.066152,-0.28089,0.85902,-0.4558,-0.34643,0.076992,-0.19642,0.078915,-0.17711,0.33452,0.12422,0.066682,-0.28326,0.033323,0.17692,-0.21425,0.10112,0.13727,0.27365,0.10179,0.18236,-0.11389,2.3764,0.79729,1.6786,0.2663,-1.7216,-0.042946,0.11274,0.41351,0.19572,-0.085003,0.16148,0.022986,-0.21037,0.10117,0.32948,-0.031925,-0.22168,0.29963,-0.19103,-0.3308,0.01934,0.31546,-0.087974,-0.17352,-0.00057326,-0.081769,0.044375,0.34577,0.05948,-0.29397,2.0462,1.3546,-0.13866,0.26667,-0.71401,-0.17374,-0.65072,-0.56449,0.23371,0.19419,0.13134,-0.012273,0.034574,-0.48265,-0.22605,0.25888,0.2091,0.25756,0.011351,-0.056755,0.03109,0.36046,-0.22109,0.042864,0.035029,0.24584,0.054559,-0.1734,0.1139,0.053761,-0.11575,1.1044,-1.6457,-0.15326,-0.27218,0.41038,0.88968,0.32814,-0.080595,0.37653,-0.35215,-0.036895,-0.16314,-0.17822,-0.25821,0.17328,0.27482,0.13429,-0.40231,-0.075774,0.33324,0.35438,-0.016903,0.10509,0.10074,-0.19403,0.193,-0.085464,-0.072801,0.0092096,3.08,-0.95577,-1.0117,-0.37707,-0.31628,-0.14135,-0.59837,0.90522,-0.3587,-0.11396,-0.32938,0.25583,0.087399,0.26875,0.14746,0.37665,-0.025669,0.28315,-0.38512,0.17124,-0.16803,0.03232,-0.28307,-0.38967,-0.13455,-0.20004,0.18501,-0.076183,-0.30891,-0.0042583,-0.089254,1.4322,1.1702,0.27107,0.47337,-0.26552,0.26855,-0.33692,-0.59922,-0.010086,-0.087005,0.024684,-0.2246,0.070167,0.055099,0.20229,0.0047723,0.28784,0.238,-0.16425,-0.28314,0.17713,0.24531,0.014267,-0.31274,0.3542,0.0026533,0.05098,0.055856,0.21613
0.01003,0.048665,0.0067081,-0.041413,-0.0020522,0.059068,0.0072316,-0.069116,-0.018333,0.065707,0.065532,0.065243,0.059453,0.043127,0.036292,0.037678,0.02095,0.011482,0.030721,0.057406,0.037798,0.0038557,-0.00013303,0.010364,0.014194,0.0072971,-0.0014237,-0.055885,-0.079725,0.047051,0.21143,0.12054,-0.014341,-0.042973,-0.018808,0.0089083,-0.00012966,-0.032533,-0.01949,0.00079001,-0.020186,-0.032516,-0.043423,-0.061399,0.0035306,0.071536,0.051787,-0.046049,-0.13013,-0.099707,-0.067992,-0.14347,-0.28528,-0.20335,-0.10282,-0.053154,0.0054589,0.053961,0.038463,0.0065259,-0.0029132,-0.019556,0.031486,0.086907,0.098434,0.054045,0.019569,-0.012986,-0.13871,-0.10969,-0.11235,-0.083993,-0.073973,-0.083611,-0.12453,-0.16465,-0.1512,-0.11097,-0.042408,0.030473,0.076047,0.080424,0.066898,0.054438,0.043665,0.028899,0.021143,0.022411,0.020556,0.018292,0.018249,0.023862,0.031891,0.054706,0.02472,0.010581,0.052765,0.0019957,-0.11,-0.17312,-0.053662,-0.09407,-0.083847,-0.08923,-0.090754,-0.10372,-0.10776,-0.046346,0.072179,0.16037,0.12302,0.071812,0.029059,0.0035768,0.012002,0.025411,0.017465,0.017559,0.036737,0.059157,0.044366,0.0089059,-0.010653,-0.04808,-0.093507,-0.12416,-0.042714,0.040334,0.058197,0.071189,-0.04622,-0.46843,-0.37048,0.13419,-0.054496,-0.099034,-0.1038,-0.084086,-0.039893,-0.0020839,0.020123,0.025642,0.011509,-0.0092599,0.0060976,0.12084,0.15461,-0.0062822,-0.12304,-0.14557,-0.088672,0.1744,0.27874,0.17959,0.12415,0.1234,0.11682,0.12278,0.072892,-0.056277,-0.13761,-0.1512,-0.14521,-0.14776,-0.039696,0.27563,0.38988,0.16465,-0.023591,0.057988,0.085282,0.11749,0.062879,0.017632,0.04484,0.088946,0.13554,0.056235,-0.051817,-0.076384,-0.10345,-0.14492,-0.1012,-0.020344,-0.022146,-0.01454,-0.015289,-0.030243,-0.021526,0.0053927,0.010375,-0.0019179,-0.03339,-0.08894,0.0025115,0.11136,0.094537,0.064685,0.045543,0.032512,-0.31206,-2.1789,-2.0461,-0.18897,0.36842,0.38285,-0.20075,0.22234,0.38982,0.39113,0.63494,-0.19234,-0.17582,0.20461,-0.4577,-0.31346,0.1955,0.080412,-0.069599,0.24374,-0.82731,0.28264,-0.28155,0.019733,0.24326,0.0054752,0.10003,0.10943,0.19271,0.10968,2.5734,1.0942,0.58159,-0.96749,-1.1809,0.30143,-0.2675,-0.018644,-0.12225,-0.14714,-0.021811,-0.14311,-0.68463,-0.088692,0.18689,0.11622,-0.08882,-0.1304,-0.25271,-0.25774,0.00051595,0.16349,0.019045,-0.30738,0.23798,0.36911,-0.56018,0.1355,-0.086497,0.01745,2.2632,0.90602,0.75197,-1.0608,-0.30977,0.25581,-0.2581,-0.27697,0.34667,0.36647,-0.0085106,0.028957,0.13934,-0.060909,-0.22762,0.55796,0.14912,-0.62455,-0.13752,-0.29265,-0.46493,0.23361,0.13675,0.18497,0.085662,0.25717,-0.1788,-0.3987,-0.30384,-0.06779,0.07463,1.9092,-0.41805,0.73865,-0.16501,0.52356,0.15038,0.1455,-0.44245,-0.49884,-0.079811,0.39769,-0.13935,0.071596,0.43531,-0.021896,0.16358,0.1745,0.13542,-0.14203,0.044614,-0.013663,-0.80899,-0.16863,0.56119,0.26511,0.099657,-0.14497,0.034689,0.1631,3.0261,-1.1457,0.20853,0.78231,0.019446,0.40032,0.21841,-0.081985,-0.33656,-0.95459,-0.18839,0.23286,-0.020851,-0.0010387,-0.026353,0.064598,0.26635,0.23335,-0.077559,-0.082448,-0.21589,-0.077187,0.025132,-0.25025,-0.33673,0.26911,0.28419,-0.2436,-0.2207,-0.2046,-0.086454,2.1501,0.004087,0.42775,-0.39362,-0.64145,0.052427,-0.099603,-0.049826,0.23962,-0.36312,0.060212,0.33187,-0.26128,-0.19068,0.043628,-0.59932,-0.040277,-0.20437,0.0018835,-0.10534,0.37553,0.18081,-0.14594,-0.2079,-0.064122,-0.1351,0.1363,-0.2115,0.15024
-0.38736,-0.27623,0.013082,0.054145,0.049326,0.04029,0.033002,0.016216,0.0051629,-0.0059451,-0.015003,0.026404,0.069965,0.057388,0.037142,0.010962,-0.010242,0.016515,0.062128,0.078488,0.071392,0.036354,-0.013393,-0.067197,-0.10744,-0.12615,-0.13107,-0.13439,-0.16696,-0.11279,0.11966,0.13165,0.075127,0.11279,0.1233,0.08374,0.026946,-0.012393,-0.022213,0.03183,0.074663,0.06307,0.044804,0.024916,0.050453,0.069345,0.015602,-0.087861,-0.11422,-0.092578,-0.086361,-0.075523,-0.010632,0.071582,0.094975,0.079178,0.028127,-0.0072878,0.001179,0.0068684,0.015109,0.034963,0.051797,0.047046,0.043168,0.0020689,-0.056743,-0.046534,0.031563,-0.016492,-0.10539,-0.074542,-0.097524,-0.11254,-0.12424,-0.11654,-0.15497,-0.15955,-0.072221,0.014805,0.021906,-0.0084156,-0.058093,-0.084021,-0.064093,-0.048069,-0.053667,-0.016149,0.026585,0.022079,0.012126,0.0072091,0.0094639,0.0035718,0.014632,0.053457,0.02878,-0.0070654,0.13592,0.25993,0.47194,0.29387,0.00057138,-0.036061,-0.04972,-0.057904,-0.020775,0.054852,0.073149,0.085719,0.084476,0.069524,0.056637,0.03663,0.010773,-0.015629,-0.019837,0.016263,0.056149,0.074277,0.075239,0.042834,-0.011449,-0.030774,-0.041315,-0.068391,-0.076237,-0.063866,0.016557,0.097798,-0.038136,-0.23612,-0.3712,-0.38215,-0.14463,-0.058572,0.0078639,0.043053,0.048829,0.024455,-0.028251,-0.064067,-0.049697,-0.024389,0.057799,0.16034,0.099047,-0.055728,-0.098138,-0.03727,0.088074,0.20304,0.097178,-0.041741,-0.074708,-0.050043,-0.040161,-0.053691,-0.071927,-0.10275,-0.070004,0.025633,0.076671,0.022515,-0.075406,-0.10409,-0.018733,0.10527,0.22537,0.10284,0.05674,0.085334,0.069156,0.062983,0.086679,0.12172,0.056055,-0.0066273,-0.017191,-0.049376,-0.065502,-0.033557,0.016026,0.016128,-0.0096296,-0.038809,-0.034326,-0.010049,-0.003224,-0.035621,-0.067989,-0.087438,-0.10086,-0.091683,-0.0016617,0.066291,0.00070926,-0.060473,0.070372,0.20774,-0.41276,-2.0547,-1.8843,-0.49323,0.024125,0.063298,0.21645,0.081478,0.012677,-0.018352,0.29498,0.087582,-0.30945,0.33847,0.33167,0.25882,-0.11178,0.1007,0.15665,-0.0085488,-0.26089,-0.24026,0.11005,0.057707,0.14101,0.1976,0.22676,0.021077,-0.032159,-0.22607,2.3993,0.94152,0.4359,-0.46448,-1.2247,0.37131,-0.38335,0.023408,-0.33297,-0.28024,-0.1458,0.4555,-0.54705,-0.069842,0.3153,0.094667,0.15394,0.29904,-0.053408,-0.37172,-0.28368,0.046912,-0.18619,-0.10704,-0.0050583,0.18504,-0.35122,0.16784,0.18511,-0.19304,2.1407,0.8026,0.5572,-1.0855,-0.55143,-0.12732,-0.30657,-0.092339,0.39,-0.020897,-0.02122,-0.14938,-0.22626,-0.3542,-0.23653,0.15163,-0.24488,-0.018053,-0.22142,-0.0042861,-0.097917,0.6049,-0.23654,0.048714,0.059635,0.024005,-0.12056,-0.10726,-0.33048,-0.10593,-0.18771,1.7395,-0.37508,0.89705,-0.22633,0.43243,0.61999,0.14018,-0.32784,0.31314,0.012672,-0.04879,-0.011573,0.13463,0.12406,0.012688,0.06955,0.25419,-0.50904,0.034162,-0.055648,0.022448,-0.35078,0.24554,0.21473,0.05581,0.09968,-0.021498,-0.2466,0.12022,3.163,-1.2167,0.32695,0.41075,-0.49346,0.12479,-0.2327,0.067536,-0.20024,-0.028302,-0.036029,0.23984,0.2628,0.096817,0.3687,-0.015992,0.1399,0.24712,-0.20475,-0.28818,-0.22492,-0.099261,-0.19235,-0.44126,-0.043923,-0.031828,-0.082161,-0.14491,-0.033645,0.025818,-0.10178,1.773,0.098332,0.26337,-0.21095,-0.6527,0.063656,-0.17125,0.081544,0.51251,-0.3218,-0.076462,0.0016724,-0.15162,0.057834,-0.013913,-0.1188,-0.21964,0.1579,-0.24514,-0.10938,0.035607,-0.131,0.069004,-0.15751,-0.035974,-0.35712,0.19056,0.017152,0.17058
0.19062,0.2152,0.24668,0.37299,0.37393,0.24387,0.11425,-0.028454,-0.10906,-0.11563,-0.11342,-0.11543,-0.02885,0.070829,0.063097,0.050558,0.036985,0.046432,0.068462,0.086733,0.092767,0.078149,0.062572,0.0079698,-0.095458,-0.13962,-0.083516,0.00082405,0.096311,0.21298,0.099667,-0.0013729,0.029259,-0.066494,-0.097838,-0.070715,-0.053631,-0.047312,-0.067674,-0.11448,-0.030975,0.052971,0.039026,0.015159,-0.043987,-0.046331,-0.013668,-0.019346,-0.051239,-0.058038,-0.0068965,0.018373,-0.018059,-0.079557,-0.096076,-0.05562,0.017253,0.021492,-0.0072623,0.0065812,-0.020439,-0.049605,-0.037865,-0.035473,-0.033783,-0.012941,-0.040417,-0.088553,-0.023689,0.019887,0.01433,0.048474,0.058679,0.042539,0.0042687,-0.016204,-0.0056189,0.022133,0.040183,0.019828,-0.022866,0.025789,0.098788,0.087804,0.055012,0.035479,0.036202,0.042102,0.040881,0.032354,0.026071,0.045032,0.090948,0.097045,0.080832,0.044842,-0.04359,-0.10629,-0.22556,-0.32264,-0.38246,-0.23719,-0.088167,-0.078132,-0.093727,-0.12084,-0.074161,0.052346,0.14513,0.19325,0.10282,-0.03068,-0.070507,-0.022698,-0.0056914,-0.0099794,-0.011141,0.017108,0.049483,0.068841,0.079084,0.060695,0.026829,0.095041,0.12349,0.078868,0.062714,0.05356,0.052731,0.027865,7.1195e-05,0.24835,0.36125,0.096856,-0.099385,-0.1479,-0.14215,-0.17684,-0.19119,-0.14155,-0.065673,0.0073679,0.042328,0.00013284,-0.078976,-0.14396,-0.14073,-0.1032,-0.085304,-0.08005,-0.048362,0.00295,0.045095,0.094479,0.12156,0.10947,0.073056,0.013042,-0.036995,-0.023484,0.035347,0.097435,0.11449,0.081125,-0.0024387,-0.12172,-0.19819,-0.16853,-0.011736,-0.0015946,-0.03479,-0.012273,-0.0008657,0.019411,-0.0099315,-0.029884,-0.045544,-0.068056,-0.061753,-0.057207,-0.054634,-0.016292,0.0057661,-0.021625,-0.0079296,-0.0053593,-0.028675,-0.061049,-0.09177,-0.098309,-0.062764,-0.0061422,0.038521,0.14954,0.19727,0.1213,0.092104,0.088484,-0.013501,-0.091962,-0.73676,-2.6844,-0.69631,-0.52906,0.53643,-0.12713,0.099796,0.084337,0.090308,-0.1414,0.81944,-0.1083,-0.58567,0.21717,-0.021662,0.30003,0.022462,0.16969,0.067167,0.19271,-0.19021,-0.29512,0.091318,-0.015495,0.1576,-0.22121,0.096592,0.2847,-0.12657,-0.0092556,2.4113,1.1009,1.4893,-0.3444,-1.4692,-0.49095,1.1121,0.37919,0.26224,0.13915,0.11133,0.094479,0.14378,0.023932,0.395,-0.13278,0.12484,0.12216,-0.044631,-0.12608,0.10658,0.18207,-0.44154,-0.076761,0.2254,-0.29213,0.40263,0.073599,0.1268,-0.30828,2.1629,1.417,0.11617,0.015201,-0.7326,-0.40495,-0.49979,-0.51362,0.11059,-0.095322,0.19368,-0.26242,0.14605,-0.17706,-0.17653,0.15111,0.021743,0.22073,-0.11352,-0.21985,-0.070734,0.04524,-0.10211,-0.22901,0.17978,0.13415,0.16578,0.064196,-0.21826,-0.043041,0.07794,1.5309,-1.478,-0.04542,-0.33124,0.35086,0.52274,0.046267,0.0788,0.079952,-0.12995,0.14063,-0.10343,-0.19752,-0.071438,0.10713,0.097235,-0.23636,-0.33082,-0.24889,0.12475,0.30661,-0.14932,0.44764,0.077516,-0.31031,0.10541,0.04602,0.081653,-0.26341,3.1203,-1.2406,-0.63586,-0.11336,0.54186,0.1579,-0.045466,0.3647,-0.43192,-0.033138,-0.096264,0.21602,-0.19805,0.083311,0.12282,0.11463,0.27198,0.11596,0.072068,0.16439,-0.22388,-0.13787,-0.22563,-0.30369,0.10289,0.0049881,-0.0092936,0.0020904,0.15242,-0.025293,0.1317,1.8616,1.0217,0.30133,0.42541,-0.39885,0.11482,-0.50581,-0.17579,-0.20815,-0.32368,-0.028899,0.2026,-0.082151,0.12516,0.05654,-0.17776,-0.097407,0.22251,-0.14567,0.10668,-0.049498,-0.0053941,0.13205,-0.47983,0.17461,0.06555,-0.053284,-0.13981,0.013303
-0.11799,-0.16272,-0.11041,-0.062282,-0.035334,-0.0013853,-0.0051318,-0.015714,-0.00015936,0.045018,0.074267,0.06249,0.048456,0.027755,0.012077,0.038673,0.074384,0.065941,0.058198,0.068339,0.068397,0.0088472,-0.027007,-0.020074,-0.061836,-0.11173,-0.13536,-0.14424,-0.12609,-0.053225,0.090615,0.11025,-0.02224,0.085404,0.12561,0.012874,-0.0015246,-0.0056607,-0.034291,-0.04272,-0.044187,-0.041494,-0.0452,-0.01634,-0.0079035,0.012222,0.061629,0.019119,-0.092441,-0.15205,-0.13542,-0.067539,-0.049021,-0.010081,0.034071,0.037131,-0.0028961,-0.029376,-0.053422,-0.077121,-0.061189,-0.045865,-0.029578,-0.01809,0.12307,0.23094,0.16572,0.13301,0.099786,0.019071,-0.11174,-0.18148,-0.19082,-0.13872,-0.030794,-0.00094364,-0.13558,-0.2021,-0.1567,-0.17761,-0.20951,-0.088106,0.030622,0.029576,0.013807,-0.0028761,-0.005548,0.008642,0.019834,0.017034,0.008917,0.011301,0.026879,0.025453,0.0020812,0.017018,0.037835,0.029378,0.10162,0.16529,0.5057,0.21986,-0.0091306,-0.04128,-0.063489,-0.081833,-0.018775,0.080578,0.046253,0.015998,0.0071263,-0.037059,-0.072845,-0.079829,-0.060462,0.006216,0.056711,0.054339,0.053793,0.066767,0.072029,0.077988,0.032376,-0.060628,-0.12413,-0.16374,-0.17601,-0.16369,-0.025432,0.11737,0.090205,-0.12908,-0.41249,-0.44232,-0.03623,0.13799,0.14849,0.095725,0.062228,0.078313,0.081215,0.057857,0.017413,-0.020638,-0.0096297,0.054604,0.11698,0.058204,-0.087466,-0.19953,-0.17846,0.06089,0.1084,0.035573,-0.015344,-0.0051449,0.0085825,0.014619,0.017463,-0.0015642,0.0233,0.064511,0.09952,0.10757,0.08774,0.12254,0.2784,0.20508,-0.015944,-0.039066,-0.029904,-0.0081455,0.003108,0.011094,-0.021528,-0.029821,-0.013501,-0.0034117,-0.0022695,0.014888,0.026411,0.036367,0.042528,0.016468,0.034475,0.074557,0.099198,0.062716,0.00092011,-0.036947,-0.057296,-0.061136,-0.05672,-0.051412,-0.0085064,0.036103,0.0075941,-0.032372,0.054758,0.15988,-0.3951,-2.2178,-2.0214,-0.37173,-0.02529,0.19777,0.074167,0.20999,-0.15686,0.059819,0.43811,-0.047459,-0.31204,0.22324,-0.067346,-0.0030762,0.51189,0.073824,0.0056582,-0.29691,-0.019454,-0.20883,0.21143,0.036132,0.089971,-0.32681,0.20175,0.10674,-0.068012,-0.25339,2.4395,1.2125,0.34812,-0.57156,-1.0531,0.38456,-0.35184,-0.03539,-0.21586,-0.2009,-0.19217,0.28053,-0.35616,0.116,0.39117,0.052322,0.36936,0.015646,-0.23508,-0.024884,-0.053894,0.088637,-0.20193,0.084995,-0.045221,0.15877,0.041294,0.03248,0.00768,-0.19778,2.3003,0.83029,0.85197,-1.2955,-0.53742,-0.0043984,-0.24792,0.0055526,0.6156,0.027995,0.30811,-0.11801,-0.22947,0.26521,-0.08687,0.20387,-0.18105,0.016659,-0.021094,-0.048377,-0.15003,0.036975,-0.16853,0.056867,0.059356,-0.13649,0.16535,0.10274,-0.19981,-0.0078167,-0.028152,1.7148,-0.38564,0.85796,0.018619,0.54414,0.052325,0.43685,-0.6888,-0.58255,-0.32958,0.14086,-0.35255,0.344,0.18599,-0.26675,-0.067733,-0.027,-0.23143,-0.14942,-0.17507,-0.18368,-0.19372,-0.27039,0.32432,0.20759,0.0047778,0.12916,-0.09939,-0.26392,3.2398,-1.4265,0.49254,0.72914,-0.09155,0.14772,-0.084817,0.0079827,-0.37592,-0.10624,-0.18601,0.1947,0.093674,0.25561,0.13121,-0.3769,0.21087,0.30629,0.25354,-0.20113,0.019826,-0.090777,-0.023328,-0.11488,0.058874,-0.066077,0.13097,-0.072413,-0.12253,-0.1294,-0.15949,1.945,-0.027329,0.33575,-0.44339,-0.63951,-0.048843,-0.12166,0.027071,0.56957,-0.21765,0.18275,0.0036387,-0.14848,0.034098,-0.039416,-0.10415,-0.18221,0.076747,0.051327,0.19224,-0.10319,-0.04227,0.13645,0.09411,0.15748,-0.047855,0.28577,-0.043571,0.21239
-0.22036,-0.25893,-0.29449,-0.20943,-0.1697,-0.11245,0.0037458,0.079157,0.089677,0.07664,0.062609,0.053389,-0.0038327,-0.068219,-0.082524,-0.087405,-0.08702,-0.10336,-0.12349,-0.098042,-0.06807,-0.05602,-0.036881,-0.031805,-0.034658,0.14905,0.32235,0.29975,0.25665,0.23501,0.19286,-0.28689,-0.36934,-0.0057404,-0.010357,0.042421,0.066769,0.0086854,-0.044981,-0.042586,-0.02846,-0.032565,-0.053494,-0.030171,0.049139,0.092859,0.10335,0.10003,0.10911,0.069641,-0.043856,-0.034195,0.020971,0.04361,0.020998,0.020492,0.016856,0.0022,-0.0012195,0.0066256,0.010744,0.037334,0.071644,0.039995,-0.0050782,0.001927,0.0075814,0.02417,0.051408,-0.085416,-0.25562,-0.27634,-0.26221,-0.23804,-0.19002,-0.098866,-0.037718,-0.10917,-0.18362,-0.19777,-0.19409,-0.162,-0.040056,0.092676,0.13748,0.13403,0.098274,0.092255,0.11489,0.11295,0.089291,0.080544,0.094516,0.11577,0.073894,0.029931,0.023229,-0.023041,-0.057767,-0.075862,0.2154,0.27941,0.21259,0.071018,0.024719,0.055314,0.086194,0.075933,0.060141,0.057137,0.03926,0.0093296,-0.0057509,-0.017049,-0.0036041,0.027462,-0.00969,-0.073546,-0.086821,-0.06738,-0.045087,-0.0424,0.023599,0.049528,-0.010947,0.048184,0.10526,0.10288,0.10662,0.11312,0.038062,-0.78371,-0.63816,0.19244,-0.017181,0.030403,0.11417,0.10664,0.093966,0.066517,-0.021744,-0.11206,-0.14385,-0.12147,-0.061941,0.058373,0.14545,0.11615,0.13941,0.12795,-0.050173,-0.075225,-0.0095842,-0.078797,-0.12778,-0.12614,-0.10562,-0.034238,0.0055285,-0.06005,-0.10185,-0.0010874,0.12019,0.13159,0.087382,0.042383,0.020843,0.042995,0.018391,-0.088207,-0.064989,-0.0017842,0.017894,0.024459,0.03333,0.0086035,0.0016014,0.012316,0.0084136,0.016753,0.0092655,-0.031809,-0.036407,-0.044796,-0.11764,-0.14838,-0.12714,-0.034106,0.03715,0.019278,0.034452,0.040602,0.0026803,-0.065243,-0.0041262,0.068532,0.014633,-0.055471,-0.068709,-0.050306,-0.21329,-1.812,-2.0789,-0.40335,0.38716,-0.14221,0.30071,0.75989,-0.42031,0.14104,0.50362,-0.14921,0.23826,0.30877,-0.49331,-0.20061,0.46987,-0.16414,0.17667,0.33,0.36407,-0.47436,0.43625,0.19492,0.18026,-0.11195,0.17897,0.23958,-0.0082067,-0.0094546,2.4408,1.1282,0.082074,-0.87033,-1.5598,0.18603,0.067404,-0.51768,-0.48572,-0.040628,0.18395,0.50669,-0.68903,-0.21498,-0.039816,0.18833,0.46401,-0.1944,0.33996,0.31146,0.37579,-0.0066881,-0.19424,-0.021482,0.15945,0.28679,-0.035759,0.049668,0.30512,-0.078081,2.3916,0.48186,0.81118,-1.0951,-0.43641,-0.34331,0.34724,0.039864,0.49949,-0.027862,0.096702,-0.53825,0.44664,0.12534,0.19843,0.35302,-0.79123,-0.5308,0.34189,0.26761,-0.078099,-0.33752,-0.17547,0.042272,0.040922,0.19568,-0.034032,-0.19581,-0.13043,-0.072657,-0.091176,2.1879,0.1423,0.90488,-0.23384,-0.19712,0.099773,0.12627,-0.10168,0.22137,0.40378,-0.14265,-0.045328,0.17766,-0.32032,0.38084,-0.28746,-0.46302,0.19669,0.32747,-0.18672,-0.24847,0.032011,-0.0091667,-0.053654,-0.34826,0.23058,0.28019,-0.22935,-0.30845,2.826,-1.1558,0.6286,0.35787,-0.22265,-0.12536,0.28962,-0.54593,-0.031068,0.28464,-0.080539,-0.18007,0.17703,-0.14827,-0.27573,-0.22307,0.43687,-0.82407,-0.0054927,-0.17607,-0.078425,-0.13373,-0.011919,-0.25325,0.079112,0.028035,-0.063623,-0.052417,0.025337,-0.11619,0.087489,2.1111,-0.44274,0.4237,-0.4718,-0.081227,0.30233,-0.33442,0.52127,0.42799,-0.19936,-0.22828,0.26273,0.20116,-0.1516,0.38999,-0.57026,-0.18739,0.21396,0.2957,0.010426,-0.17565,-0.35362,0.10477,0.33938,0.23943,0.43616,-0.091723,0.068623,0.32745
0.0013881,0.048248,0.13022,0.18633,0.1369,0.017087,-0.028321,-0.04806,-0.068585,-0.090139,-0.10742,-0.071588,-0.031071,0.0080569,0.072029,0.084912,0.057583,0.0086428,-0.019958,-0.037989,-0.024233,0.025027,0.049322,0.085265,0.089765,-0.016058,-0.1217,-0.1269,-0.010232,0.15032,0.16826,0.10128,0.024971,-0.01515,0.034199,0.078059,0.072474,0.023838,0.02214,0.023573,-0.02232,-0.049697,-0.065217,-0.03167,0.020161,0.016861,0.024844,0.067672,0.080508,0.070897,0.06137,0.06951,0.030623,-0.038543,-0.037842,-0.016337,-0.00054123,0.0039511,0.0038322,0.009585,0.020033,-0.024453,-0.085713,-0.10764,-0.12158,-0.098892,-0.047219,-0.072279,-0.094255,0.00022713,0.0020998,-0.042919,-0.079621,-0.11642,-0.1273,-0.079272,0.048717,0.17503,0.18381,0.10333,0.03166,0.014189,0.0077147,-0.0013323,0.0020414,0.01082,0.020575,-0.018693,-0.060183,-0.065105,-0.073433,-0.059785,-0.01091,0.01785,0.022535,0.042046,0.069218,0.15105,0.41099,0.60742,0.3227,0.046164,-0.10513,-0.13113,-0.129,-0.11883,-0.093552,-0.044096,-0.020185,-0.0056647,-0.008314,-0.017016,-0.011141,0.0099169,0.054518,0.067618,0.042034,0.0059884,-0.012443,0.033293,0.10433,0.1383,0.13178,0.14698,0.13869,0.093477,0.057597,0.043676,0.062438,0.079594,0.1245,0.3886,0.37587,0.086986,-0.2147,-0.31247,-0.30109,-0.2679,-0.21186,-0.15668,-0.090642,-0.020923,0.030825,0.0037678,-0.093371,-0.10999,-0.018525,0.063782,0.070155,0.036383,0.0040786,-0.028836,-0.074292,-0.087539,-0.090771,-0.11023,-0.12284,-0.10925,-0.067925,-0.014901,0.011871,0.0031836,-0.039159,-0.1125,-0.22982,-0.37149,-0.38512,-0.25537,-0.091543,0.032803,-0.0042097,-0.037656,-0.014626,0.0054791,0.028672,0.058177,0.037475,0.0055713,0.0076522,0.017721,0.024082,0.046613,0.068251,0.056847,0.050448,0.029767,0.0023478,-0.021126,-0.048608,-0.070041,-0.063743,-0.011542,0.053118,0.10481,0.10835,0.081206,0.048368,0.11334,0.30391,0.42562,-0.31985,-2.183,-0.015476,-0.26593,0.44487,-0.067879,-0.22418,-0.13172,0.16664,-0.40645,0.59083,-0.16414,-0.27642,0.20755,0.18602,0.12481,-0.19655,-0.015837,-0.0086189,-0.16594,-0.2466,-0.1231,0.30284,-0.1799,0.17922,-0.0928,0.3172,0.062434,0.012649,-0.013912,2.5523,0.36254,1.5138,0.14181,-1.7732,-0.19894,0.39931,0.43775,0.24548,-0.27825,-0.32089,0.21402,0.1477,-0.10322,0.22787,-0.12674,0.049686,0.1588,0.066426,-0.070239,0.0094349,0.32604,-0.080265,0.021806,-0.22272,0.20043,0.0036078,0.44901,0.28657,-0.14371,2.2255,0.99482,-0.30048,0.45195,-0.68753,0.20249,-0.72579,0.092417,0.31531,-0.010536,0.079616,0.10274,0.0015614,-0.3298,-0.34885,-0.016592,0.069129,-0.15309,0.047179,-0.027598,-0.17096,0.13539,-0.33431,0.0068894,0.21367,0.14754,0.033918,-0.033283,0.11417,0.065389,-0.16514,0.81552,-1.4379,-0.003668,-0.30533,0.22765,0.88205,0.05109,-0.39193,0.42965,0.050414,-0.16025,-0.23219,0.069578,-0.089894,0.19267,0.061988,0.22544,-0.32427,-0.33794,0.35338,-0.19059,0.079071,-0.012292,0.071204,0.01489,0.12127,-0.12964,-0.16701,-0.16171,2.4068,0.45289,-1.3469,-0.2056,-0.80311,0.70842,0.02277,0.17878,-0.21438,0.011969,-0.028352,0.16221,-0.17985,0.20134,-0.090409,0.0093721,0.083418,-0.018841,-0.48914,0.17779,-0.43542,-0.11166,-0.24263,-0.0051521,0.034944,0.1868,-0.061547,-0.014691,0.096713,-0.059778,-0.013793,0.99723,1.1079,0.39079,0.36381,-0.27727,0.22654,-0.65081,-0.67929,0.055884,-0.029833,-0.20863,-0.34768,-0.084412,-0.053245,0.05639,-0.14408,0.02024,0.18847,-0.23881,-0.035627,0.42584,0.098829,0.13435,-0.071096,0.14441,0.33425,-0.10767,-0.14515,-0.13625
-0.090284,0.12741,0.5726,0.52763,0.20728,0.024994,-0.044176,-0.076212,-0.090866,-0.10221,-0.11026,-0.025172,0.064656,0.041619,0.015697,0.0047172,0.026716,0.097372,0.14606,0.13733,0.1236,0.11905,0.11253,0.028763,-0.09295,-0.12588,-0.089432,-0.065996,-0.035276,0.018724,-0.14631,-0.22763,-0.18302,-0.091318,0.06973,0.13428,0.12897,0.058201,0.039213,0.033559,-0.01145,-0.038092,-0.053265,-0.014172,0.046107,0.03644,0.0027268,-0.0063511,-0.0081331,0.011085,0.031413,0.053072,0.041743,-0.015771,-0.069104,-0.10635,-0.10088,-0.061068,-0.064907,-0.078903,-0.055018,-0.040395,-0.032303,-0.028812,-0.027736,-0.02078,-0.020026,-0.031168,0.018295,0.10545,0.13993,0.12571,0.073748,0.036339,0.022081,0.015683,0.065959,0.15082,0.17857,0.12678,0.040317,-0.045571,-0.10053,-0.11597,-0.09333,-0.026641,0.026237,0.029655,0.029037,0.027016,0.019754,-0.074726,-0.14749,-0.11492,-0.080651,-0.039073,-0.037122,0.01775,0.28584,0.45613,0.46715,-0.028832,-0.25865,-0.19981,-0.13848,-0.11798,-0.067413,0.012635,0.05057,0.069646,0.072197,0.060079,0.03515,-0.013309,-0.048874,-0.047034,0.0027151,0.071299,0.10308,0.1006,0.099126,0.094522,0.071795,0.085371,0.07238,0.031213,0.033531,0.045254,0.023861,0.040262,0.16164,0.53793,0.69286,0.26176,-0.18746,-0.37112,-0.38839,-0.31644,-0.22697,-0.15165,-0.086192,-0.022282,0.027075,0.031345,-0.0016328,-0.016446,-0.012177,-0.0066823,-0.011351,-0.015261,-0.029671,-0.064207,-0.024174,0.042835,0.034299,0.026702,0.075838,0.096805,0.09586,0.088036,0.090822,0.091124,0.08348,0.055803,0.0065722,-0.12764,-0.28896,-0.3045,-0.16491,-0.050412,-0.013079,-0.0027534,0.00089328,0.017835,-0.011423,-0.081693,-0.10163,-0.089147,-0.09132,-0.087357,-0.026092,0.036116,0.04382,0.049962,0.030303,0.0037443,-0.0061278,-0.0078259,0.0073788,0.011853,-0.011117,-0.0033814,0.012279,-0.013399,-0.038347,-0.023681,0.076205,0.19146,0.35986,0.49364,-0.57734,-2.3483,0.45633,-0.41774,0.089925,0.19952,0.33213,-0.25139,-0.35943,-0.064078,0.3579,0.13985,-0.51843,0.15863,-0.034634,0.26502,-0.0065381,0.36786,-0.11817,-0.054131,-0.47793,-0.053657,0.31588,-0.27928,-0.29102,-0.28821,0.12887,0.38047,-0.08655,-0.072127,2.6861,0.40392,1.7717,1.0449,-1.3663,0.22796,-0.15299,0.28358,-0.32836,-0.45012,-0.19047,0.097053,-0.5372,0.081922,0.59028,0.12516,-0.076564,0.065709,-0.057436,-0.47593,0.26439,0.25152,-0.12767,-0.24848,-0.17992,0.23208,-0.041781,-0.098581,0.014073,-0.24205,2.2406,1.3317,-0.5099,0.42722,-0.53639,0.50408,-0.68399,-0.10804,0.24093,0.032945,0.11686,0.13434,-0.053865,-0.25721,-0.16653,0.4585,0.19936,0.25623,-0.37304,-0.24479,-0.15802,0.024712,-0.39747,0.085255,0.26398,0.36463,0.23806,0.088201,-0.15722,0.13925,-0.021291,0.38159,-2.0084,-0.47742,-0.24791,0.47033,0.49904,0.28825,-0.60732,-0.29479,-0.56018,0.18248,-0.28442,0.029085,-0.0074734,-0.092982,0.35332,0.091503,-0.086342,-0.60663,0.073703,0.25812,-0.1231,0.09442,0.1673,-0.22517,0.040566,-0.050169,-0.032647,-0.23942,2.4371,0.6598,-1.7626,-0.14269,-0.91063,0.51941,-0.43988,0.4961,-0.30093,-0.49834,-0.5438,0.10215,-0.21999,0.38243,-0.0020397,0.32065,0.23078,0.34315,-0.27068,0.35545,-0.40429,-0.24841,-0.18841,0.10994,0.30705,0.14507,-0.083079,0.19231,-0.13215,-0.0053737,-0.042453,0.85085,1.4763,0.29345,0.83226,-0.4856,0.15248,-0.077159,-0.10556,0.25974,-0.55385,0.17913,-0.23504,-0.17472,-0.27989,0.25158,-0.19337,0.017088,0.35044,-0.20506,0.18036,0.16188,0.28655,-0.10395,-0.40289,0.032195,0.10429,-0.15091,0.018934,0.3093
-0.09078,-0.044787,-0.053427,-0.0751,0.00072128,0.096069,0.061857,0.024746,0.037963,0.018657,0.026156,0.061518,0.057313,0.034576,-0.0016762,-0.025226,0.026431,0.087698,0.09557,0.11843,-0.046009,-0.27277,-0.29802,-0.02132,0.17709,0.11597,0.05083,0.010806,-0.058511,0.0063847,0.17796,0.061844,0.15603,0.18807,0.10981,0.1243,0.08282,0.020848,-0.014996,-0.020916,-0.017363,-0.023769,-0.040252,-0.012233,0.0019153,-0.043069,-0.082274,-0.13773,-0.12241,-0.015866,-0.020603,-0.1093,-0.16471,-0.088336,0.0041912,0.022859,-0.01121,0.033506,0.10661,0.11098,0.11321,0.12586,0.049878,-0.042594,-0.037643,-0.046378,-0.074437,-0.043263,-0.091763,-0.14774,-0.17647,-0.26568,-0.25048,-0.21517,-0.16926,-0.10223,-0.12515,-0.18837,-0.17128,-0.11829,-0.036528,0.060798,0.1057,0.11749,0.075482,0.045112,0.049134,0.055069,0.045519,0.035322,0.035754,0.039888,0.044524,-0.026747,-0.057394,0.030878,0.087553,0.010544,-0.11241,-0.16147,-0.0062975,-0.00090229,0.0073675,-0.016234,-0.05695,-0.051625,0.0024946,0.0035342,-0.051462,-0.049637,0.018849,0.06134,0.044334,-0.0012535,-0.062326,-0.080763,-0.026639,0.012614,0.024672,0.049359,-0.055165,-0.42742,-0.45152,-0.0044688,0.12902,0.12512,0.12201,0.11352,0.092032,0.024192,-0.29359,-0.3904,-0.24116,-0.10329,-0.090457,-0.15496,-0.11349,-0.020297,0.040905,0.023721,-0.022256,-0.059851,-0.065089,-0.038483,0.0082028,0.040543,-0.068361,-0.17976,-0.16018,-0.090619,-0.0029812,0.21599,0.23413,0.11295,0.025022,0.024212,0.0305,-0.010849,-0.078358,-0.15095,-0.13051,-0.058324,-0.00050079,0.013122,0.039766,0.099496,0.16545,0.16247,0.067434,0.10214,0.067147,0.0050578,0.014193,0.014704,0.024887,0.050727,-0.0052846,-0.041712,-0.028275,-0.050025,0.037709,0.11365,0.040177,-0.010949,0.015528,0.054762,0.055985,0.056758,0.068282,0.062479,0.032262,0.0015713,-0.040431,-0.01699,0.036942,0.084114,0.079094,0.055781,0.055003,0.057364,-0.043552,-2.2413,-1.8954,-0.15201,0.28452,-0.67732,-0.081893,0.3177,0.15036,0.28897,0.29587,-0.38179,0.19857,0.43793,-0.17313,0.23662,0.33523,0.03101,0.018192,0.022284,-0.10549,-0.0066726,-0.031851,-0.40895,-0.0037968,-0.13342,0.30457,-0.015883,0.29196,-0.098828,2.4907,0.89758,0.46189,-0.96995,-1.5582,0.49793,-0.069981,0.0070627,-0.27247,-0.14124,0.073157,0.023091,-0.65263,-0.30314,-0.093246,0.5418,0.22906,0.12837,-0.46245,-0.31557,-0.20151,0.38507,-0.22594,-0.15553,-0.17251,0.34707,-0.46107,-5.3319e-05,0.17203,-0.079684,1.9633,0.55266,1.0161,-0.77606,-0.011227,-0.021334,-0.23674,0.073086,0.43663,0.59228,-0.11245,-0.18709,0.20755,0.061731,-0.26247,-0.012679,0.015185,0.01179,-0.15437,-0.20075,-0.49424,0.24932,0.28679,-0.067968,0.010159,0.02943,0.052823,-0.004616,-0.41458,-0.20252,-0.22382,2.1782,-0.19961,0.21072,-0.16167,0.13935,0.36323,-0.055178,-0.29024,-0.721,0.086832,0.1028,-0.37398,0.36027,-0.14901,-0.22224,0.16076,-0.087064,-0.11086,0.058589,0.1632,0.31704,-0.33867,-0.019997,0.097678,-0.1716,-0.10377,-0.12782,-0.055616,-0.014307,2.5929,-1.4201,0.47205,0.042849,-0.28082,0.24294,-0.30761,-0.25354,0.28828,-0.21503,-0.19041,-0.27519,0.36054,0.058996,0.030235,-0.01426,-0.14474,0.35545,-0.063485,0.10746,0.23822,-0.26053,-0.1038,-0.24521,-0.0052095,0.12537,0.014951,-0.177,-0.10563,0.22064,-0.18152,2.1015,-0.13084,0.50806,-0.156,-0.35644,0.80556,-0.17599,0.17381,0.20202,-0.25115,-0.12401,0.1318,-0.064876,-0.28544,0.12375,0.016446,-0.17996,-0.31363,0.10675,-0.22627,0.2521,0.31026,0.19659,-0.12387,0.072241,-0.16899,0.098358,-0.10794,0.0065927
0.070103,0.17358,0.23936,0.24076,0.16875,0.085229,-0.012689,-0.028011,-0.024329,-0.068942,-0.10238,-0.064767,0.0155,0.037012,0.014555,-0.0088777,-0.039396,-0.060356,-0.05574,-0.022321,0.022604,0.048867,0.046628,-0.051105,-0.18733,-0.22917,-0.19592,-0.10003,0.061835,0.11951,0.069096,0.11157,0.12821,-0.0010196,-0.031289,-0.039847,-0.049033,-0.051919,-0.048414,-0.043092,-0.043042,0.00065379,0.035448,0.018721,0.024418,0.015806,-0.010426,-0.015164,-0.0079428,0.014437,0.012258,0.024442,0.0094565,-0.06025,-0.052368,0.025762,0.068556,0.064235,0.071559,0.048518,0.015636,0.031297,0.042246,-0.0094281,-0.060386,-0.040197,-0.018773,0.0028073,-0.0029485,-0.0030004,0.063525,0.010584,-0.037136,-0.028125,-0.031097,-0.13253,-0.13639,0.073021,0.21283,0.16692,0.075043,-0.0026007,-0.021642,-0.0095661,0.013819,0.03437,0.048067,0.055255,0.054529,0.049571,-0.071325,-0.1485,-0.13663,-0.16488,-0.16037,-0.089248,0.057329,0.16146,0.12816,0.078699,-0.0633,-0.13061,-0.11076,-0.10288,-0.099518,-0.032375,0.0070242,-0.070063,-0.086549,-0.013151,0.044469,0.023103,-0.035897,-0.080324,-0.085145,-0.081599,-0.077101,-0.06641,-0.063259,-0.050617,-0.013977,0.0028883,-0.012094,0.029794,0.034366,-0.0036805,0.009741,-0.07183,-0.18966,-0.21128,-0.11548,0.22857,0.31171,0.13503,-0.065172,-0.013972,0.061208,0.062226,0.058845,0.053892,0.049987,0.025003,0.0012093,-0.0065021,-0.032541,-0.041716,-0.017514,-0.0011795,0.0043526,0.0017095,-0.068413,-0.15823,-0.068912,0.043958,0.04937,-0.021604,-0.046899,0.021426,0.055495,0.0022038,-0.023256,0.031785,0.057685,0.037876,-0.014703,-0.12679,-0.20087,-0.14154,-0.048501,0.020309,0.076251,0.052736,0.03775,0.057118,0.085705,0.022429,-0.040943,-0.059618,-0.087828,-0.08856,0.024332,0.14701,0.12831,0.10027,0.07183,0.034871,0.0019059,-0.022231,-0.036587,-0.036904,0.088808,0.19682,0.1568,0.006533,-0.067032,-0.012527,0.067692,0.095616,0.11078,0.13593,-0.48461,-2.4032,-0.7809,-0.12547,0.22492,-0.076202,0.3936,-0.18369,0.25448,-0.37157,0.39078,-0.28951,-0.39366,0.43587,0.50162,0.097294,0.084388,0.12069,0.059125,0.078203,-0.42564,-0.30327,0.12977,0.080927,0.19729,0.24971,0.032471,0.16891,0.054212,-0.053259,2.4948,0.69274,1.1806,0.18849,-1.3765,0.56323,-0.55072,0.29857,-0.72117,-0.23228,-0.22904,0.69606,-0.53179,-0.1113,0.12221,-0.055452,-0.02244,0.28759,-0.24699,-0.47646,-0.1026,0.13522,-0.12571,0.015008,0.010014,0.20685,-0.20613,0.047509,-0.028149,-0.24492,2.152,1.3111,-0.18798,-0.37636,-0.76145,-0.87639,-0.52785,0.31645,0.38404,0.090774,0.22285,-0.16931,-0.079156,-0.07833,-0.70194,-0.049656,-0.010101,-0.1652,0.14284,0.11752,0.025243,0.1806,-0.20741,-0.00013742,0.25217,0.034266,-0.16743,-0.10019,0.013855,0.1539,-0.080614,1.2653,-1.2084,0.27151,-0.3283,0.48572,0.68984,-0.11527,-0.23961,0.060814,-0.21367,-0.23234,-0.33134,0.16868,-0.26886,-0.033667,0.15574,0.17795,-0.48512,-0.074036,0.045441,0.0093585,0.010395,0.082292,0.17165,-0.29095,-0.1372,0.15092,-0.26337,0.032221,3.2318,-0.80199,-0.42515,-0.044468,0.17402,0.68382,0.21192,0.25841,-0.39542,0.14113,0.29254,0.20772,-0.16091,0.052731,0.233,0.13007,0.39373,0.18515,-0.27211,-0.18415,-0.098817,0.062246,-0.17818,0.033684,-0.096814,-0.27599,0.049682,-0.090609,-0.1937,-0.1427,-0.23023,1.4577,0.82364,0.55049,0.10728,-0.61671,0.19054,-0.51862,-0.18924,-0.004589,0.090251,-0.2165,-0.25442,-0.099038,-0.11419,0.056637,0.094674,-0.11205,0.30582,-0.1405,-0.16676,0.12897,0.078594,0.093944,-0.13631,0.23372,-0.11351,0.055819,0.17123,0.12561
-0.24559,-0.23837,-0.22743,-0.17296,-0.11413,-0.02578,0.045756,0.044936,0.013229,-0.0037544,-0.012398,0.023679,0.061518,0.044146,0.019821,-0.0031253,-0.010514,-0.0063525,-0.016881,0.007024,0.088905,0.17915,0.22404,0.12802,0.0023305,-0.017924,-0.053354,-0.062609,0.054651,0.17612,0.065014,0.057736,0.037605,-0.041003,-0.059481,-0.024765,0.0069947,0.019609,0.0033463,-0.022134,-0.037501,-0.050436,0.032602,0.088014,0.027626,-0.016105,-0.013103,0.015822,-0.033226,-0.068327,-0.059399,-0.10578,-0.14948,-0.13755,-0.060262,0.01052,-6.9139e-05,-0.028424,-0.013356,0.0044051,-0.039239,-0.11224,-0.13634,-0.14374,-0.12295,-0.072902,-0.0055774,-0.050259,-0.14744,-0.059088,0.014539,0.086218,0.11649,0.072566,0.01772,-0.036748,-0.12168,-0.14747,-0.078845,0.011638,0.073345,0.10285,0.091962,0.082474,0.071102,0.054654,0.057708,0.073731,0.079368,0.073608,0.066738,0.072942,0.094013,0.043458,-0.037349,-0.06576,-0.020673,0.11973,0.26331,0.31334,0.10254,0.058855,0.043704,0.029348,-0.013819,-0.060574,-0.061637,0.012374,0.061923,0.070164,0.035728,0.013001,0.013513,0.0010857,-0.021958,-0.039172,-0.024665,-0.00185,-0.0018753,0.018087,0.082239,0.1335,0.12681,0.16392,0.17437,0.12713,0.13935,0.16938,0.0017314,-0.25271,-0.14292,0.17539,0.10549,-0.029001,0.00058352,0.0055207,-0.0001233,-0.022073,-0.023887,-0.021992,-0.037885,-0.054549,-0.1101,-0.17439,-0.19953,-0.13623,-0.035626,-0.11898,-0.28886,-0.35892,-0.19817,0.21422,0.22584,0.14818,0.076946,0.027222,0.0055738,0.011732,0.038839,0.018238,-0.043147,-0.10174,-0.13262,-0.16192,-0.19348,-0.19678,-0.10696,-0.092759,-0.1017,0.0050106,0.00010369,-0.014205,0.0048887,0.0226,0.045619,0.027728,-0.015981,-0.015159,-0.020372,-0.050914,-0.082501,-0.016184,0.072385,0.044306,0.043275,0.062445,0.055312,0.010849,-0.030766,-0.043757,-0.042695,-0.047944,-0.046166,0.072932,0.11136,0.042518,0.029552,0.084903,0.19548,0.28294,-0.29055,-2.9553,-1.2379,-0.32526,0.64858,-0.0016204,-0.12374,0.043088,0.012936,0.047608,0.59111,-0.70795,-0.071156,-0.14318,-0.27559,-0.10055,0.22786,0.27611,0.2979,-0.2419,-0.21148,-0.026516,-0.14205,0.18435,0.083562,0.11634,-0.12538,-0.1428,0.059275,0.043557,2.6099,1.5058,1.4621,-0.44351,-1.3173,-0.17648,0.43669,0.16105,-0.051233,0.079145,-0.089332,0.32252,-0.26954,-0.13149,0.0048021,-0.16697,-0.21076,0.22904,-0.421,-0.14194,0.081184,0.016788,0.094678,-0.027186,0.12264,0.093609,-0.20903,0.10585,-0.0095263,-0.092423,2.0688,1.5647,0.66276,-0.29056,-0.63312,0.094955,-0.36902,0.13155,0.56152,-0.10121,0.24099,-0.20856,0.090479,-0.12475,-0.17053,-0.12339,0.35446,0.25927,0.47489,0.042368,-0.17849,0.061682,0.105,0.22389,0.3678,-0.037081,-0.033593,-0.15999,-0.08644,-0.0082095,-0.34932,1.969,-1.5108,0.56995,-0.46102,0.29904,0.476,0.099074,0.050855,0.17706,0.2088,-0.27607,-0.26368,0.2832,0.25667,0.081636,0.029104,0.00083954,-0.32225,0.010476,0.22297,-0.0073112,0.0033095,0.019605,0.2748,-0.2017,-0.15624,0.3194,0.17673,0.079936,3.03,-1.5214,-0.49765,-0.028987,0.087077,0.24778,0.27748,0.047715,-0.18578,0.15716,0.23456,0.51237,-0.067714,0.12778,0.18962,0.25045,0.18986,0.10012,-0.13735,-0.074297,-0.25296,0.16423,0.36047,0.051889,-0.29947,0.053733,-0.065728,-0.20377,-0.16233,-0.11092,-0.33095,2.1307,1.0702,0.38862,0.054099,-0.38362,0.12449,-0.12013,0.25533,0.37885,-0.12554,-0.25628,-0.0060061,-0.14345,0.21346,0.090675,0.12635,-0.08905,-0.22628,-0.082747,0.018813,0.014388,0.017352,-0.17582,-0.099351,-0.045967,0.090118,0.34191,-0.057108,-0.05593
0.30539,0.28953,0.11317,-0.00025962,-0.0058715,0.038242,0.048446,0.069139,0.083758,0.040001,-0.0028343,-0.012642,0.015435,0.039871,0.037162,0.048746,0.034963,-0.0032568,-0.0623,-0.075011,-0.066565,-0.090427,-0.10671,-0.089242,-0.029719,0.056738,0.09473,0.047988,-0.03379,-0.15713,-0.25131,-0.019194,0.20368,0.30741,0.28087,0.20938,0.093522,-0.020757,-0.018282,0.053535,0.079403,0.064511,0.048658,-0.0071973,-0.09062,-0.15519,-0.20145,-0.21054,-0.1987,-0.13903,-0.087027,-0.030121,-0.02164,-0.016442,0.037028,0.073796,0.068168,0.058409,0.07678,0.10664,0.11749,0.1132,0.034396,-0.036668,-0.024457,-0.03365,-0.067954,-0.073743,-0.090557,-0.22561,-0.12359,-0.012597,0.033679,-0.04916,-0.17124,-0.22149,-0.15766,-0.068511,-0.030179,-0.036098,-0.054157,-0.047851,-0.028291,-0.03582,-0.041181,-0.010782,0.011601,0.012482,0.018273,0.01881,0.015643,-0.0094386,-0.025385,-0.045878,-0.047287,-0.0096628,-0.016704,-0.074371,-0.066196,-0.029942,-0.56753,-0.35707,-0.10233,-0.046864,-0.055489,-0.024685,0.0051853,-0.058103,-0.11864,-0.07316,0.041105,0.089625,-0.0081035,-0.11225,-0.082874,-0.011584,0.015525,9.5098e-05,0.012867,-0.0054934,-0.073654,-0.10389,-0.11972,-0.13125,-0.1337,-0.084772,-0.052541,-0.12428,-0.18695,-0.13687,0.027988,-0.10303,-0.14328,-0.050434,0.036996,0.097784,0.12986,0.16537,0.1588,0.035386,-0.052008,-0.025521,0.042292,0.11186,0.12226,0.072138,0.039335,0.044874,0.0542,0.015053,-0.024107,0.1131,0.16154,0.11562,0.058853,0.038901,0.092739,0.11281,0.046303,-0.014348,-0.048815,-0.068354,-0.024303,0.055381,0.10109,0.13518,0.2074,0.30375,0.16519,0.0061392,0.055249,0.0094292,-0.026971,-0.0025779,0.032293,0.075654,0.10902,0.027647,-0.059607,-0.057881,-0.063307,-0.098773,-0.095718,-0.056056,-0.064165,-0.031759,0.039371,0.045654,0.0061862,-0.044788,-0.065848,-0.00033469,0.038548,0.026234,0.030608,0.032676,-0.017678,-0.032193,0.015693,0.04609,-0.44718,-1.7838,-1.6872,-0.66527,-0.79154,-0.2917,1.2776,0.047154,-0.37069,0.26645,0.21819,0.46359,0.12658,-0.22119,0.32969,0.09487,-0.27876,0.055375,-0.076311,-0.077815,0.25808,0.07536,0.19328,0.088191,0.26508,0.0060291,0.081166,-0.10943,0.17825,-0.0026502,2.2809,1.2963,0.36947,-1.0784,-1.3133,-0.31762,0.98592,0.71081,0.49289,-0.15781,-0.1802,0.069763,0.10485,-0.078259,-0.065393,0.16737,0.30239,-0.012834,-0.23322,-0.38096,-0.086325,0.1815,-0.19881,0.030675,0.1473,-0.10887,-0.27983,0.23001,0.046119,-0.17744,2.1568,0.69697,0.49818,-1.1535,-0.5232,-0.77965,-0.56809,-0.11105,0.26352,0.29401,0.046349,0.12491,-0.067444,-0.19664,0.034849,-0.11911,-0.2255,-0.0067233,-0.47687,-0.15068,-0.19688,0.36827,0.10716,0.31742,-0.0056663,0.17844,-0.057606,-0.20967,-0.21899,-0.085057,-0.12176,1.7256,-0.2553,0.6875,-0.035668,0.68575,0.53691,-0.15841,-0.33976,-0.11344,-0.057802,-0.10161,-0.37096,0.37014,0.093277,0.069486,0.131,0.29038,0.22804,-0.036328,-0.26897,-0.28729,-0.18457,0.34225,0.26502,0.17365,-0.080524,-0.0034042,-0.25483,0.169,3.1926,-1.0221,0.27768,0.57859,-0.2699,0.61592,-0.45018,0.0011374,-0.24053,-0.56658,0.026705,0.012772,0.36247,0.2634,0.27344,-0.050374,0.31522,0.28199,-0.14484,-0.018473,-0.27266,-0.11413,0.10589,-0.28415,0.021785,-0.19252,-0.073364,0.024978,-0.23489,0.1594,-0.066308,1.647,-0.25262,0.26581,-0.10365,-0.86348,0.082774,-0.085352,0.38355,0.52523,-0.14732,-0.1176,-0.30149,-0.23055,-0.24119,0.10427,-0.030354,-0.011091,0.060076,-0.56292,-0.077509,-0.030786,0.28411,0.015479,0.2385,-0.62271,-0.11636,-0.23924,-0.17144,0.12283
-0.049512,-0.085568,0.023921,0.025518,-0.019183,-0.081202,-0.077738,-0.025673,-0.020118,-0.058874,-0.086701,-0.10804,-0.046399,0.0088923,-0.041716,-0.085793,-0.099405,-0.058295,0.043886,0.1569,0.21875,0.22324,0.17757,0.10599,0.05899,0.057811,0.097968,0.13892,0.14108,0.13151,-0.13392,-0.32011,-0.27555,-0.33537,-0.11274,0.09332,0.11297,0.066105,-0.020154,0.025677,0.086729,0.067183,0.053103,0.035357,0.054904,0.063014,0.048556,0.060151,0.055744,0.034074,0.040776,0.083268,0.10246,0.094641,0.09304,0.08236,0.080206,0.0037849,-0.082521,-0.074725,-0.059619,-0.054043,-0.064168,-0.14466,-0.22002,-0.20084,-0.18269,-0.15133,-0.043316,0.06529,0.10857,0.1226,0.091574,0.03955,-0.0094722,-0.01781,0.015971,0.067203,0.10188,0.10256,0.046056,-0.014805,-0.051338,-0.04455,-0.017515,-0.00092298,0.017423,0.032047,0.033765,-0.018614,-0.062675,-0.038449,0.017079,0.029088,0.0057611,0.0048047,0.011521,0.095938,0.3567,0.53903,0.71104,0.23838,-0.083259,-0.091176,-0.083286,-0.055241,-0.08247,-0.11976,-0.10034,-0.086135,-0.10781,-0.14236,-0.17022,-0.20997,-0.25572,-0.24094,-0.16043,-0.055339,0.035942,0.10988,0.15858,0.15339,0.096217,0.15171,0.19804,0.15294,0.11154,0.083721,0.090322,0.15104,0.24451,0.54564,0.70038,0.30837,-0.10272,-0.27934,-0.34658,-0.32745,-0.23554,-0.10196,-0.0067354,0.0046055,0.0015635,0.0099856,-0.0069743,-0.0068986,0.027411,0.054576,0.038124,-0.019724,-0.052823,-0.05945,-0.065178,-0.062872,-0.058937,-0.039072,-0.021505,-0.029979,-0.017458,0.039669,0.058912,0.04825,0.0020578,-0.043196,-0.12508,-0.28904,-0.39941,-0.29393,-0.14525,-0.07614,-0.034104,-0.020625,-0.013775,0.0039611,-0.015411,-0.025147,-0.042037,-0.069322,-0.068338,-0.070568,-0.066224,-0.027711,0.0089125,0.042462,0.091664,0.070978,0.025751,-0.023691,-0.045354,-0.0029837,0.040345,0.075478,0.1187,0.1368,0.10745,0.064087,0.021186,0.10087,0.31431,0.44421,-0.72544,-2.2515,0.71792,-0.59795,0.049252,-0.012874,0.67488,0.30983,-0.49681,0.05757,0.24356,0.23014,-0.44271,-0.2816,0.11538,0.21623,-0.13147,0.30356,0.077642,0.0052387,-0.25485,-0.21517,0.59491,-0.0254,-0.053521,-0.072842,0.074833,0.093016,-0.15846,0.15456,2.628,0.45579,1.8276,0.89443,-1.7679,0.01235,0.43114,0.086279,-0.046122,-0.18655,-0.20704,0.16116,0.19952,-0.11884,0.54208,0.24269,-0.040711,0.099437,0.077972,-0.30136,0.24382,0.27905,-0.16003,0.16857,-0.2511,0.065599,-0.20154,0.26006,0.25384,-0.019154,2.2966,1.2655,-0.40515,0.78124,-0.58267,0.088406,-0.42426,-0.25232,0.37392,-0.25168,0.26992,0.27642,0.12362,-0.47666,0.065036,0.10943,-0.0032235,0.16756,-0.25256,0.018657,-0.13366,-0.053752,-0.21058,0.22165,0.20189,0.32812,0.07019,-0.020823,0.03941,-0.013747,-0.078221,0.64329,-1.9605,-0.4474,-0.57985,-0.002386,0.2393,0.053929,-0.31568,0.24636,-0.14338,0.23527,-0.20401,0.033185,0.31331,0.36344,0.25319,0.22145,-0.16729,-0.39935,0.29747,-0.08489,0.13403,0.44083,0.27368,-0.14263,0.025644,0.13854,-0.14726,-0.18726,2.5854,0.45261,-1.853,-0.2468,-0.42715,0.46595,-0.10242,0.1027,-0.43654,-0.49679,-0.047074,0.062597,-0.16404,0.63662,-0.091621,0.22433,0.55432,-0.13131,-0.40399,0.032679,-0.47256,-0.26009,-0.11816,0.14895,0.28237,0.1877,-0.035489,0.045163,-0.18405,0.020408,-0.14899,0.9485,1.5836,0.27385,0.75963,0.11788,0.12788,-0.43503,-0.33487,0.19395,-0.017151,-0.042343,-0.37676,-0.27934,0.12479,0.32952,-0.3234,0.32743,0.28455,-0.33111,0.04312,-0.020089,0.16232,0.14534,-0.022842,0.0045367,0.22279,-0.078167,-0.061132,-0.13238
0.46827,0.39277,0.17499,0.069908,-0.030636,-0.087848,-0.095392,-0.084415,-0.072481,-0.0010329,0.078738,0.072037,0.062554,0.045615,0.044871,0.060567,0.061753,0.067058,0.088474,-0.06142,-0.24442,-0.15612,0.11348,0.13744,0.079544,0.089953,0.040785,-0.11964,-0.26633,-0.22996,0.11755,0.026537,0.15781,0.22684,0.12757,0.10946,0.084102,0.047251,0.010428,0.035919,0.071587,0.069311,0.06096,0.043825,0.0074812,0.025193,0.064034,-0.0085887,-0.13543,-0.15041,-0.10309,-0.099109,-0.12589,-0.080711,-0.042664,-0.043867,-0.065786,-0.045686,0.0014346,0.021289,0.039935,0.061075,0.10347,0.13111,0.14889,0.14105,0.098535,0.0089741,-0.092885,-0.029936,-0.058543,-0.094847,-0.22804,-0.36897,-0.41475,-0.37889,-0.2593,-0.12025,-0.10891,-0.18178,-0.21974,-0.20131,-0.16467,-0.086475,-0.018128,-0.01116,-0.0077257,-0.0008788,0.0064828,0.0096931,0.0058609,0.00042498,-0.0066765,-0.0025252,0.018881,-0.00038055,-0.02833,-0.089081,-0.19234,-0.23091,-0.48688,-0.19659,0.11646,0.16452,0.058161,-0.028721,-0.012519,-0.030992,-0.066105,-0.0042706,0.06918,0.016919,-0.026869,-0.038592,-0.0030491,0.02869,0.030254,0.036964,0.054556,-0.0071077,-0.24946,-0.2059,0.15207,0.20688,0.13212,0.08653,0.056395,0.036635,0.048612,0.035544,-0.44093,-0.56551,-0.42158,-0.26208,-0.077746,-0.068912,-0.044258,-0.016327,0.014789,0.045978,0.058142,0.041079,0.023253,0.0091107,0.0069247,0.045216,0.087653,0.0007427,-0.14704,-0.22034,-0.13899,0.16477,0.20061,0.1093,0.071904,0.099088,0.1068,0.056769,-0.0026109,-0.046931,0.010314,0.085403,0.014526,-0.077527,0.0039599,0.23806,0.3484,0.21463,0.054449,0.1067,0.095329,0.1162,0.074001,0.05852,0.099103,0.12564,0.13673,0.13531,0.048201,-0.012018,0.0043606,-0.02625,-0.079627,-0.040514,0.043235,0.043239,0.052209,0.060454,0.057174,0.044105,0.010401,-0.043873,-0.1055,-0.18164,-0.2172,-0.096217,-0.021735,-0.10252,-0.26583,-0.37824,0.29734,-2.045,-2.362,-0.040856,0.19542,-0.31424,-0.16166,0.72645,0.25213,0.16898,0.17975,-0.24645,0.13434,0.41224,-0.32484,-0.15569,0.11241,0.21745,-0.143,-0.16907,-0.36827,0.41041,-0.25996,-0.37832,0.22982,-0.2268,0.46499,0.35041,0.058208,0.079772,2.3149,1.3734,0.00056513,-1.0054,-1.4935,0.78226,-0.32513,-0.38336,-0.57491,-0.67699,-0.27848,0.23487,-0.42107,-0.28982,0.024519,0.23034,-0.11003,-0.043023,-0.28452,-0.65251,-0.02728,0.43943,-0.31404,-0.24055,-0.13077,0.22007,0.055972,-0.041509,0.031393,0.10136,1.9826,0.51632,1.1141,-1.0404,-0.84155,-0.83685,0.11344,0.50175,0.49215,0.33528,-0.034551,0.19249,0.31495,-0.014762,-0.24765,0.039902,0.058848,-0.56562,-0.029196,-0.097257,-0.30367,0.2912,0.2152,-0.30432,0.097472,0.15408,-0.0063457,0.10445,-0.25947,0.20355,-0.32503,2.4578,0.23521,0.53745,-0.21014,0.14881,0.28008,-0.25905,-0.50344,-0.027572,0.083514,-0.12738,-0.30469,0.37939,-0.30477,0.3809,-0.0036009,0.23381,0.40962,-0.19799,-0.38366,0.16858,-0.48075,0.43494,0.49301,0.20562,-0.29021,-0.61094,0.045884,-0.1469,2.7073,-1.1239,0.49952,0.4806,-0.94545,0.67778,-0.0026225,-0.57893,0.044811,-0.2659,-0.16366,-0.030873,0.25293,0.024059,-0.31642,0.1259,-0.099245,0.64255,-0.097207,0.13462,0.13001,-0.14591,-0.15167,-0.14775,-0.16461,0.26503,-0.23845,-0.075973,-0.097912,0.36318,0.001157,2.3208,-0.46407,0.64547,-0.7296,-0.071587,0.58619,-0.624,-0.0093318,0.53638,0.2321,-0.15746,-0.11777,-0.35885,-0.22831,-0.11335,0.078472,-0.044014,-0.22247,-0.21685,-0.13498,0.21871,0.40199,0.039612,-0.11441,0.51758,0.0045777,0.22787,0.10305,-0.22674
0.079647,0.090894,0.069369,0.094449,0.098132,0.042647,-0.039285,-0.0422,0.00042543,-0.0045095,0.023023,0.059028,0.048454,0.032142,0.01255,-0.01931,-0.03109,-0.014577,0.0081909,0.055117,-0.079515,-0.23047,-0.16531,-0.023793,-0.030788,-0.071203,-0.055554,-0.042829,-0.058246,-0.079073,0.029219,0.11456,0.14193,0.20737,0.17445,0.10458,0.038114,-0.013337,-0.036743,-0.047122,-0.046166,-0.042286,0.00092769,0.030615,-0.00061075,0.021385,0.08121,0.08619,0.022222,-0.072673,-0.12809,-0.14363,-0.15542,-0.076058,0.027425,0.096441,0.11114,0.086081,0.086028,0.085711,0.068678,0.055015,0.046625,-0.019915,-0.068233,-0.051987,-0.05075,-0.02816,-0.099316,-0.16326,-0.14882,-0.23259,-0.28457,-0.32223,-0.32865,-0.28537,-0.19442,-0.078493,-0.021838,-0.052575,-0.071281,-0.032602,0.033767,0.062595,0.046854,0.027313,0.021441,0.027832,0.038161,0.043255,0.043842,0.056399,0.071088,-0.012818,-0.085191,-0.04745,-0.015234,-0.0015099,0.068964,0.12017,-0.094435,0.0039641,0.014879,-0.066046,-0.076877,-0.069503,-0.035284,0.027549,0.043274,0.039385,0.055489,0.013609,-0.046929,-0.055992,-0.044928,-0.05301,-0.073683,-0.073023,-0.045197,-0.0032612,-0.085021,-0.28509,-0.1386,0.099585,0.095467,0.00053286,-0.060592,-0.054411,0.026409,0.12697,0.068129,-0.19555,-0.31271,-0.2699,-0.012368,0.076993,0.06326,0.044358,0.067237,0.082672,0.083966,0.07263,0.036798,0.013797,0.033621,0.087975,0.15223,0.14467,0.029828,-0.11707,-0.12169,0.07968,0.082237,0.036163,-0.0098866,-0.095553,-0.1164,-0.03913,-0.07101,-0.21981,-0.25796,-0.2286,-0.21518,-0.11998,0.071591,0.14037,0.13291,0.12153,0.055577,0.091772,0.051656,-0.010587,0.028494,0.053037,0.072631,0.097751,0.076752,0.0432,0.045685,0.059849,0.057673,0.0073854,-0.027415,-0.025113,-0.017574,-0.0024962,-0.010571,-0.048239,-0.068968,-0.049425,-0.01943,0.0048224,-0.004509,0.033894,0.058599,0.057176,0.040293,0.017889,0.10484,0.20322,0.042492,-1.7543,-2.0134,-0.0427,0.2587,-0.44618,-0.017719,-0.03497,0.31643,0.14052,0.21278,-0.060753,0.072135,0.4106,-0.30613,-0.31434,0.075749,-0.048371,0.10191,-0.13525,-0.38177,0.21321,-0.15211,-0.19329,0.020537,0.17519,0.21307,0.30739,0.2744,0.017925,2.6241,0.94762,0.2294,-0.85991,-1.7628,0.44683,0.0094147,0.39414,-0.13061,-0.2753,-0.2015,0.39341,-0.56846,-0.13784,-0.21514,0.013507,0.036575,-0.071336,-0.14018,-0.19936,-0.24583,0.20594,-0.1793,-0.2019,-0.11644,0.19438,-0.29825,0.28556,0.1471,0.14246,2.1364,0.49047,0.68138,-1.0566,-0.38161,0.32614,-0.48381,0.37567,0.012562,0.35616,-0.2703,-0.00046853,0.22543,-0.064826,-0.12689,0.052762,-0.044496,-0.15869,0.0019767,-0.13393,-0.40477,0.27817,-0.15898,0.13121,-0.031166,-0.0037262,-0.083415,-0.093318,-0.19083,-0.12136,-0.33302,1.8882,0.055541,0.45358,-0.069476,0.44296,0.51475,-0.079541,-0.71456,-0.35118,-0.039955,0.11831,-0.19002,-0.085623,-0.16517,0.035828,0.025655,0.36337,-0.035019,-0.00064967,0.013447,-0.07078,-0.54739,-0.041444,0.37878,0.28196,0.049464,-0.24489,0.074352,-0.022174,2.8841,-0.78786,0.30868,0.25476,-0.5834,0.84484,-0.17367,-0.059325,0.0913,-0.10404,0.013169,0.059369,0.25767,-0.053381,-0.11499,-0.12197,-0.027708,0.25305,-0.2045,-0.10974,0.15113,-0.1302,0.01123,-0.10026,-0.36238,-0.032198,0.18391,-0.04936,-0.26209,0.052993,-0.11239,1.9264,-0.10116,0.41452,-0.43957,-0.65848,0.56841,-0.37903,-0.099177,0.40334,-0.13631,-0.25509,-0.17017,0.10344,-0.27814,-0.12153,-0.16411,-0.10959,-0.01133,-0.075289,-0.17463,0.39343,-0.044645,0.086908,0.01459,0.1416,-0.25424,0.09912,-0.043928,-0.18196
-0.073964,0.074431,0.29598,0.33839,0.21117,0.079118,-0.00088557,-0.025544,-0.037001,-0.061954,-0.047478,-0.020048,0.0064214,0.031243,0.014867,0.0019189,-0.017771,-0.03541,-0.023326,0.028758,0.087806,0.11941,0.11564,0.076618,0.017251,-0.0085743,0.0061013,0.014071,0.011793,0.010113,-0.21139,-0.34253,-0.29798,-0.3578,-0.15936,0.032372,0.056074,0.020512,-0.053653,0.00072404,0.069301,0.054777,0.045505,0.031783,0.0019818,0.026336,0.090168,0.12281,0.13503,0.11819,0.030164,-0.039593,-0.0045032,0.059324,0.10326,0.1051,0.10387,0.10413,0.057979,0.016435,0.025889,0.030514,0.031881,-0.072724,-0.19007,-0.17603,-0.17073,-0.15508,-0.092621,-0.033303,0.028021,0.090513,0.1005,0.072589,0.03059,-0.013375,-0.037233,0.00020625,0.063565,0.068293,-0.032693,-0.16488,-0.22291,-0.16359,-0.094256,-0.080092,-0.060397,-0.004401,0.038047,0.027419,0.014024,0.012711,0.021888,-0.028019,-0.038978,0.013194,-0.0057451,0.10603,0.49864,0.73161,0.18966,-0.083544,-0.24357,-0.27606,-0.27493,-0.17846,-0.063261,-0.064073,-0.076971,-0.076388,-0.051073,-0.046098,-0.071746,-0.066776,-0.04756,-0.030719,-0.020741,-0.01608,-0.010356,0.021876,0.071487,0.086915,0.058943,0.044905,0.083432,0.099309,0.083497,0.082697,0.045726,0.060394,0.1946,0.56988,0.7246,0.33264,-0.032286,-0.17505,-0.24135,-0.23329,-0.15863,-0.036772,0.05269,0.083432,0.079899,0.04293,0.054993,0.12296,0.19168,0.2181,0.20549,0.18253,0.16114,0.059389,-0.094598,-0.10652,-0.079232,-0.082968,-0.079806,-0.061517,-0.026557,0.0010365,0.011292,0.013881,0.0070028,0.0046188,-0.051762,-0.21768,-0.34616,-0.2664,-0.16712,-0.12202,-0.060259,-0.028725,-0.013313,0.006372,-0.014121,-0.022295,0.017537,0.041568,-0.013152,-0.061939,-0.032474,0.014096,0.034371,0.034188,0.043653,0.026374,-0.022336,-0.063481,-0.083567,-0.098362,-0.091874,-0.073874,-0.066937,0.019525,0.10769,0.12124,0.14824,0.22901,0.39274,0.51534,-0.56564,-1.9711,0.70038,-0.47947,-0.081132,-0.11048,0.49757,-0.17144,-0.17788,-0.16999,0.3251,0.49743,-0.43173,-0.34487,0.10347,0.20534,-0.013777,0.14364,0.16814,0.11769,-0.29199,-0.12376,0.45953,-0.1618,0.017544,0.071238,0.071799,0.30939,0.022843,0.036196,2.4842,0.024258,1.7519,0.80506,-1.6511,-0.31664,0.61831,0.68721,0.42367,-0.26998,-0.29664,0.11875,-0.15126,0.06888,0.68485,0.38595,-0.071009,-0.10372,0.20811,-0.16951,0.35028,0.047317,-0.20278,-0.035414,-0.18144,0.1534,0.039955,0.3768,0.35854,-0.13663,2.2186,1.2261,-0.3452,0.54089,-0.56119,0.8603,-0.84487,0.3694,0.22278,-0.23668,0.40543,0.015181,-0.0079995,-0.15837,0.31808,0.26478,-0.30164,0.063015,-0.27638,0.33084,0.069309,-0.019342,-0.30229,0.10905,0.20538,0.30921,-0.17361,-0.064463,-0.37117,0.044568,-0.065873,0.15677,-1.8077,-0.42761,-0.46302,0.26118,0.86932,-0.034792,-0.46671,0.4937,-0.26022,0.094143,-0.010972,-0.10585,0.43318,0.47607,0.15706,0.16334,-0.054646,-0.45028,0.12581,-0.019513,-0.04542,0.30492,0.042655,-0.12201,0.10626,0.029979,-0.30784,-0.27753,2.3667,0.89421,-1.8915,-0.2067,-0.48331,0.82594,-0.27336,0.15233,-0.65411,-0.39164,0.21698,0.13511,0.16914,0.47492,-0.13484,0.044606,0.54794,-0.10454,-0.099303,0.15816,-0.51414,-0.14277,-0.15432,0.039453,0.2129,0.0057602,-0.10321,-0.17706,-0.14143,0.0081049,-0.34619,0.5607,1.5006,0.23391,0.92781,-0.46542,0.29237,-0.1024,-0.054782,0.48357,-0.46053,-0.14337,-0.50224,-0.12753,0.13783,0.41386,-0.42482,0.026554,0.43129,-0.27968,0.10409,-0.235,-0.064738,0.045628,-0.099691,0.077046,0.21752,-0.014778,-0.082914,0.17822
-0.16878,-0.1334,-0.042872,0.039401,0.051588,0.043076,0.012466,-0.010708,0.016116,0.064616,0.081832,0.075886,0.067033,0.046246,0.021299,0.028629,0.049874,0.050441,0.059028,0.057554,0.031435,0.024948,0.041456,0.061881,0.071862,0.037345,-0.013049,-0.11284,-0.18101,-0.10376,-0.0014081,-0.028708,-0.1148,-0.1213,-0.096759,-0.063804,-0.043889,-0.033138,-0.029407,-0.032694,-0.04032,-0.046575,-0.0062416,0.023961,0.045881,0.034326,-0.031052,-0.040654,-0.039235,-0.073571,-0.06161,-0.00974,-0.045215,-0.090055,-0.075604,-0.0024761,0.046698,0.0066977,-0.032213,-0.0040561,0.018188,0.023484,-0.0090992,-0.038127,-0.027973,-0.027484,-0.03976,-0.016886,0.043079,-0.00038957,-0.010763,-0.028253,-0.063434,-0.068064,-0.00463,0.033078,-0.024606,-0.021371,0.046302,0.058978,0.030065,0.045053,0.052255,0.028159,0.016273,0.016935,0.023281,0.027958,0.028643,0.023969,0.016047,0.018405,0.034332,0.030031,0.055412,0.09428,0.061588,0.0088614,-0.047087,-0.085622,0.076434,0.093119,0.020569,-0.059049,-0.082432,-0.094285,-0.11433,-0.13761,-0.10816,0.0054596,0.085373,0.079708,0.038996,-0.0057539,-0.036005,-0.022171,0.0026743,0.0073933,0.016818,0.017351,-0.024059,-0.057085,-0.059043,-0.088439,3.0289e-05,0.068229,0.039112,0.027405,0.050048,0.062888,-0.0027913,0.011184,-0.055627,-0.13865,-0.019763,0.048494,0.059704,0.043341,0.033012,0.036008,0.053494,0.071256,0.044133,0.0088538,-0.011491,-0.043843,-0.086035,-0.073579,-0.054913,-0.11327,-0.15197,-0.043585,0.068384,0.1094,0.10445,0.055286,0.04511,0.070525,0.090487,0.084981,0.030033,0.0028123,0.029314,0.067287,0.09249,0.10463,0.15358,0.23242,0.10174,-0.061476,-0.055534,-0.034133,-0.017054,0.0022866,-0.019824,-0.029398,-0.039905,-0.062103,-0.068688,-0.073362,-0.077713,-0.025474,0.037316,0.030656,0.036531,0.026317,0.0072414,-0.0087111,-0.030023,-0.048457,-0.053791,-0.056068,-0.059151,0.04031,0.13005,0.12083,0.042237,0.030619,0.066738,0.071765,-0.54188,-2.5823,-1.4648,-0.50403,0.33257,0.13729,0.093539,0.18547,0.26948,0.17569,0.5442,-0.24802,-0.40915,0.20884,0.12204,0.097458,0.39795,0.039272,-0.11438,0.18012,-0.13202,-0.10967,-0.18667,0.23286,0.28603,-0.030873,-0.010895,0.085616,-0.087062,-0.02119,2.4948,1.2412,0.96494,-0.35269,-1.2769,0.34249,-0.075713,-0.066228,-0.17697,0.22267,-0.042399,0.14808,-0.60765,-0.084798,0.016038,0.28253,0.23148,-0.08916,-0.44179,-0.14136,-0.01236,-0.031294,-0.11888,-0.25622,0.092066,0.2866,-0.060712,-0.00013857,0.15553,-0.1956,2.2162,1.3168,0.59188,-0.65215,0.0018602,0.32434,-0.35772,-0.19556,0.48207,0.096376,0.1508,-0.36796,-0.1152,0.066231,-0.13305,0.27536,-0.11446,-0.17645,-0.16383,0.14036,-0.31646,0.16529,0.10405,-0.061967,-0.12195,0.062038,-0.11016,-0.19037,0.14953,-0.050014,0.13321,1.7629,-1.0498,0.36974,-0.16672,0.48294,0.15606,0.14311,-0.15945,-0.40098,-0.0079348,0.17308,-0.44801,0.21539,-0.035133,0.23237,-0.029441,-0.26615,-0.2891,0.22524,0.00052366,0.38269,-0.10027,-0.033258,0.11652,-0.2182,0.29899,0.19606,0.04119,-0.032083,2.9537,-1.3987,-0.14068,0.32043,0.22335,0.075311,0.034939,0.060024,-0.13891,-0.27201,0.011465,-0.10074,-0.03314,0.17317,-0.016948,-0.085106,0.29514,0.15524,0.1537,-0.14853,0.028345,0.09181,0.012739,-0.20987,-0.083612,0.11782,0.07331,-0.024513,0.10143,-0.1525,-0.11168,1.9686,0.55438,0.33549,-0.01704,-0.48176,0.050136,-0.15329,0.020363,0.029009,-0.18545,0.066333,0.056063,-0.25007,-0.061507,0.070684,-0.19351,-0.23126,-0.30128,0.13748,-0.10611,-0.25742,0.018288,-0.0084421,-0.088961,0.32284,-0.076663,0.15189,-0.15518,0.22576
0.27729,0.32333,0.25121,0.16304,0.087529,0.057634,0.08022,0.10616,0.075225,0.022243,-0.0091782,0.021702,0.066541,0.079099,0.10271,0.11078,0.073624,-0.015782,-0.10876,-0.14105,-0.12516,-0.10128,-0.090577,-0.11175,-0.11755,-0.078907,-0.048056,-0.036295,-0.08475,-0.18329,-0.10206,0.14189,0.15378,0.16742,0.047522,-0.16421,-0.2342,-0.21416,-0.13889,-0.072366,-0.0059185,0.04009,0.043582,0.032259,0.056415,0.075968,0.05013,0.021878,0.071052,0.12274,0.059294,0.0039604,-0.079946,-0.051004,0.046038,0.10891,0.011356,-0.10668,-0.111,-0.097035,-0.07567,-0.047313,-0.016523,-0.00067845,-0.0010857,-0.0093769,-0.016126,-0.051666,-0.067666,-0.0042492,0.063754,0.15339,0.16563,0.08286,-0.0064894,-0.031486,0.0004763,-0.045999,-0.12471,-0.1302,-0.10717,-0.076348,0.025857,0.087277,0.051124,0.017544,0.010609,0.020779,-0.021463,-0.070773,-0.078091,-0.12693,-0.15091,-0.085431,-0.019311,0.015522,0.042948,0.10061,0.11466,0.072001,-0.55092,-0.36277,-0.13127,-0.081435,-0.07183,-0.026431,-0.02874,-0.094626,-0.085715,-0.025296,0.0050933,-0.0099906,0.0048367,0.063603,0.11139,0.10929,0.066436,-0.012763,-0.10805,-0.16561,-0.16174,-0.12608,-0.097681,-0.073848,-0.062762,-0.064107,-0.062327,-0.055417,0.028655,0.16719,0.22819,-0.046171,-0.28954,-0.31486,-0.016854,0.12078,0.16089,0.17049,0.13835,0.098783,0.11453,0.13556,0.09634,0.043379,0.0037047,0.033007,0.047831,0.0046828,0.049385,0.11477,-0.022328,-0.05428,0.1075,0.069476,-0.034222,-0.10552,-0.11483,-0.083719,-0.013486,0.030354,0.061643,0.099862,0.16018,0.21437,0.2217,0.17166,0.16465,0.15011,0.089867,0.093783,0.022802,-0.014968,0.0014088,0.014643,0.035983,0.012654,-0.0044528,-0.0056708,-0.012101,-0.010897,-0.030597,-0.077888,-0.084332,-0.038969,-0.0031865,0.039742,0.038966,-0.0014698,-0.036199,-0.037514,-0.027946,-0.025692,-0.00046317,0.027257,0.034615,0.031663,0.041083,0.072689,0.092671,0.10002,0.171,-1.8605,-1.71,-0.38786,0.26923,-0.10123,0.17076,-0.0072162,-0.39489,-0.21749,0.44174,-0.28728,0.11568,0.074077,-0.32882,0.10069,0.38347,0.23467,-0.013352,-0.012387,0.285,-0.026547,0.34081,-0.13311,0.23034,-0.10005,-0.094625,0.019349,0.28384,-0.27874,2.2353,1.1778,0.43861,-0.80711,-1.2577,-0.63526,0.85655,0.51263,0.84209,-0.14501,-0.28679,0.39647,-0.19918,0.065809,-0.13926,0.2392,0.037248,-0.021453,-0.35724,0.10938,0.16742,0.012188,-0.057554,0.14655,0.034817,-0.19248,-0.1109,0.035097,0.28507,-0.41079,2.1344,0.56955,0.63488,-0.96285,-0.11094,0.95693,-0.35771,0.21261,0.36947,0.48487,-0.040419,-0.19322,-0.097971,-0.13603,0.0014105,0.40237,-0.022572,-0.025944,-0.26182,0.11395,0.029804,-0.23682,-0.14921,0.17336,-0.24773,0.06795,0.025519,-0.16076,0.12913,-0.074808,-0.27956,1.5289,-0.34315,0.7587,-0.055887,0.34965,0.67313,0.39697,-0.50651,-0.099138,-0.042084,-0.06852,-0.24751,0.025591,0.38976,0.13566,0.02266,0.15039,-0.0049151,0.21793,-0.31783,-0.025435,-0.063789,-0.21756,0.12648,0.29172,-0.2209,0.043066,-0.38572,0.033563,2.9893,-1.1099,0.45871,0.15161,-0.54009,0.29254,0.1886,0.35956,-0.14473,0.19412,-0.12118,0.020177,0.326,0.26807,-0.010821,0.14925,0.13678,-0.12641,0.16578,0.032383,-0.04484,0.10539,0.15811,0.045993,-0.097789,-0.19406,-0.25432,-0.030844,0.025104,0.033924,-0.31638,1.4944,0.012282,0.32249,-0.25033,-0.65748,0.33566,0.23221,0.13885,0.77841,-0.35995,-0.058593,-0.11234,-0.071687,-0.010779,0.22586,-0.018783,-0.038609,-0.16556,-0.0042127,0.16818,-0.25764,0.14305,0.047864,0.0037994,0.088652,-0.018392,-0.042674,0.13044,0.21317
-0.087699,0.026325,0.24197,0.38138,0.38902,0.30092,0.16297,0.045978,0.021006,0.011217,-0.0081582,0.014096,0.046695,0.046564,0.065941,0.084266,0.058243,-0.036453,-0.097784,-0.10727,-0.11465,-0.11876,-0.13855,-0.16543,-0.15818,-0.076112,0.05762,0.15337,0.13249,-0.036083,-0.3421,-0.44725,-0.40296,-0.46242,-0.25605,-0.13268,-0.16664,-0.08064,-0.014855,-0.019207,-0.020356,-0.024166,-0.029432,-0.038826,0.029264,0.053512,0.022455,0.077992,0.13842,0.11552,0.01938,-0.032768,-0.24257,-0.33077,-0.30789,-0.18259,-0.074757,-0.032909,-0.04726,-0.069881,-0.0561,-0.048325,-0.040925,-0.034355,-0.034987,-0.02955,-0.028424,-0.051043,-0.054703,-0.076608,-0.01727,0.097483,0.15857,0.16134,0.25938,0.40809,0.37001,0.22092,0.13531,0.075188,0.020383,-0.0035905,0.0069293,0.019048,0.02022,0.018124,0.022294,0.028637,0.025026,0.013105,0.0036493,0.010404,-0.00076277,-0.059184,-0.090322,-0.075289,-0.068866,-0.038671,0.031727,0.055859,0.094095,-0.042559,-0.13502,-0.15641,-0.17613,-0.21297,-0.15023,-0.010867,-0.014756,-0.052561,-0.071442,-0.047586,-0.015999,0.012094,0.059227,0.08625,0.069473,0.055739,-0.00031649,-0.090485,-0.11126,-0.11276,-0.12148,-0.1549,-0.17221,-0.15727,-0.14556,-0.14215,-0.11775,0.0038046,0.21164,0.6473,0.80111,0.41145,0.32832,0.40907,0.40166,0.36976,0.21393,0.05115,0.041529,0.048178,0.067773,0.095021,0.050695,-0.041007,-0.047963,0.054025,0.098933,0.0016715,-0.18852,-0.071499,0.2637,0.28091,0.2572,0.21056,0.11574,0.05384,0.056858,0.035505,0.026336,0.028406,0.032233,0.016362,-0.049566,-0.2102,-0.3622,-0.35353,-0.22048,-0.25387,-0.28226,-0.23742,-0.21391,-0.18968,-0.1314,-0.047502,-0.042848,-0.077855,-0.089958,-0.035386,0.068062,0.096656,0.049583,0.014987,0.0069831,-0.0049595,-0.034478,-0.070884,-0.088346,-0.077769,-0.05478,-0.029459,0.020776,0.074003,0.076821,0.055087,0.10871,0.18103,0.26571,0.34378,-0.4979,-2.5326,0.64105,-0.51028,0.4597,-0.42006,0.51602,0.40308,-0.78889,0.29204,1.2432,0.11151,-0.039835,0.020659,-0.83048,0.65188,0.35256,-0.39408,0.49308,-0.027725,-0.35015,0.2009,0.4873,-0.61788,-0.2658,-0.39003,0.096267,0.14906,-0.19783,-0.26309,2.2011,0.48578,1.8588,0.60375,-2.0067,-0.50854,0.98169,0.00094117,0.29692,-0.3451,0.25697,-0.86146,-0.67434,-0.045804,0.12985,0.54743,0.013709,0.35641,0.04253,0.034115,0.91403,0.76964,-0.17334,0.013592,0.32106,-0.079325,0.08362,0.44679,0.11323,-0.26192,2.0239,1.686,-0.22447,0.68406,0.15288,0.6047,-0.45544,-0.24436,0.33739,0.19522,0.28721,-0.43766,0.58855,0.27052,0.82719,0.47584,-0.034158,0.31857,-0.043279,-0.69313,0.045754,-0.2243,-0.41013,0.17346,-0.32888,0.6348,-0.21458,-0.22981,-0.1511,0.038272,-0.041053,0.77593,-2.009,-0.79909,-0.41485,0.076192,0.26458,0.24787,0.055283,-0.23276,-0.12801,0.71899,0.26776,-0.38782,0.17932,0.20644,0.56912,-0.59533,0.32666,-0.089519,0.2282,0.1741,-0.09995,-0.3551,-0.24367,-0.36847,0.28712,-0.2414,-0.44162,0.048779,3.0622,-1.1752,-1.3668,-0.4513,0.35053,0.37642,-0.73656,1.1059,-0.31887,0.15532,-0.09546,-0.33436,0.0074607,0.23599,-0.1886,-0.45093,0.66752,-0.31002,0.1264,0.014304,-0.2147,-0.30531,-0.042633,0.095453,-0.23429,-0.37804,0.10918,0.211,-0.13855,-0.11942,-0.18287,1.0906,1.5781,0.25139,1.186,-0.082217,0.35968,-0.273,-0.078636,-0.074307,-0.61768,0.052978,0.5782,0.24872,-0.41992,0.64551,-0.61011,0.54667,-0.029405,0.06218,-0.080497,0.075185,0.31276,0.52643,-0.090456,0.13327,0.46904,0.02488,0.26067,0.29102
0.28976,0.24597,0.066888,-0.063,-0.16649,-0.13869,-0.012187,0.047839,0.042063,0.018929,-0.0024284,-0.019662,0.01205,0.052901,0.052668,0.036485,-0.0073259,-0.0442,-0.1161,-0.18723,-0.21344,-0.2253,-0.19749,-0.039514,0.15609,0.19409,0.2039,0.18681,0.11945,0.05806,0.18139,0.26633,0.27261,0.2963,0.20025,0.10985,0.10584,0.056689,-0.00028366,-0.030998,0.015464,0.054286,0.035987,-0.025264,-0.10025,-0.12543,-0.099268,-0.043859,-0.022381,0.012566,0.015083,0.0090608,-0.0087723,0.0051976,0.050373,0.042664,0.037147,0.06694,0.079939,0.0015962,-0.065396,-0.033593,-0.0099715,-0.0015973,-0.0031675,0.0067854,0.011798,-0.0086578,-0.0033413,0.061114,0.15,0.12409,-0.0067276,-0.046489,0.031783,0.1489,0.18846,-0.0019751,-0.16791,-0.20957,-0.21178,-0.18251,-0.11524,-0.089069,-0.067778,-0.021233,0.0081692,0.031014,0.037854,0.030202,-0.019996,-0.060696,-0.11228,-0.13218,-0.072601,0.0090118,0.1215,0.12314,-0.10609,-0.26563,-0.52532,-0.25437,-0.01531,0.00026304,0.051288,0.040177,-0.069838,-0.083369,-0.021949,-0.030428,-0.045743,-0.049194,-0.04162,-0.0094582,0.017945,0.012466,-0.016869,-0.037338,0.034088,0.081115,0.043136,0.029653,0.05232,0.011875,-0.066591,-0.10614,-0.13654,-0.15158,-0.13395,-0.04466,-0.062204,-0.11566,-0.1515,-0.045267,0.0071523,-0.055957,-0.078858,-0.04236,0.008804,0.038815,-0.00049892,-0.073681,-0.10439,-0.060607,0.0071838,0.096995,0.21305,0.29992,0.30421,0.14532,-0.073263,-0.12997,-0.016022,0.0013314,-0.038817,-0.021582,0.0025253,-0.0025213,0.067738,0.17103,0.22916,0.27091,0.27328,0.22835,0.12123,-0.033936,-0.14713,-0.16264,-0.10092,-0.047374,-0.023258,-0.020797,-0.012951,0.0075113,0.036124,0.079689,0.11277,0.056904,0.01845,0.034413,0.030072,-0.0077467,-0.025177,0.015639,0.086211,0.11117,0.04081,-0.036242,-0.093156,-0.10135,-0.02519,0.0090941,-0.024341,-0.051145,-0.037336,0.011857,0.047697,0.071374,-0.081227,-0.29437,-0.28664,-1.8293,-1.3788,-0.39397,-0.10799,-0.21579,0.30217,0.77266,-0.41674,-0.41847,0.49168,-0.027734,-0.21208,-0.037225,-0.020477,0.3958,0.033761,-0.15509,0.46786,-0.21834,0.22208,-0.094351,0.4564,-0.20056,0.088694,-0.27994,0.16078,0.19117,-0.18921,-0.027803,2.4875,0.76064,0.3478,-0.19614,-1.4178,0.50717,-0.28971,-0.44528,-0.60516,-0.24365,-0.067663,0.6623,-0.21181,0.19869,0.45315,0.47764,0.27869,0.59945,0.0028442,-0.1452,0.37007,0.30503,0.16425,0.18916,-0.26121,0.18731,0.0091261,0.24337,0.33122,-0.47669,2.3907,0.47193,0.63056,-0.63047,-0.69982,-0.38261,-0.19008,0.16774,0.90071,-0.20286,0.39646,0.0305,0.19607,-0.30645,0.13986,-0.33496,-0.29333,0.3506,0.060405,-0.16106,0.32604,-0.12748,-0.4333,0.2037,-0.035856,0.04243,0.37033,-0.04875,-0.11975,0.0077208,0.0030247,1.6275,-0.35884,0.44312,-0.44229,0.047833,0.1717,0.054821,-0.27496,0.11786,-0.30245,-0.15587,-0.26402,0.062984,0.31901,0.37514,0.43396,-0.21022,-0.20315,0.2227,-0.032982,-0.24842,0.12539,0.025493,-0.25125,-0.29488,-0.13347,-0.22574,-0.54441,-0.17912,3.1679,-1.1637,0.49791,0.18524,0.34991,0.087644,0.087135,-0.25912,-0.73474,0.085979,-0.25648,-0.074768,0.27253,0.46464,0.48715,-0.03078,0.16637,-0.30828,-0.19522,0.090057,-0.13809,-0.22579,-0.11419,-0.081418,0.092253,-0.18679,-0.38358,-0.077282,-0.0807,0.057462,-0.11855,1.6456,-0.11251,0.53178,-0.068147,-0.23686,0.23172,-0.72397,-0.11215,0.35036,-0.04742,-0.10779,0.13524,-0.54197,0.18855,0.45143,0.090273,0.11061,0.071543,-0.23534,-0.15699,-0.037289,-0.065569,0.30447,0.24275,0.30147,0.34326,0.1165,0.3257,0.19719
-0.28778,-0.27583,0.019542,0.12226,0.20848,0.16607,0.0062012,-0.078763,-0.078306,0.014875,0.099468,0.084802,0.076179,0.072437,0.10178,0.14216,0.09169,-0.03287,-0.13363,-0.14721,-0.087329,-0.025492,-0.012983,-0.031623,-0.054088,-0.054517,-0.048921,-0.056978,-0.024639,-0.053324,-0.020745,0.15933,0.1416,0.10803,0.04892,0.057029,0.039469,0.0087277,0.0028715,-0.002146,-0.020366,-0.030655,-0.037603,-0.046055,0.024849,0.081249,0.05733,0.0069556,-0.0065973,0.0031378,-0.049138,-0.064222,-0.061959,-0.068163,-0.00090166,0.056823,0.057662,0.077858,0.10337,0.067688,0.027337,0.00038369,-0.018272,0.0015057,0.0046204,0.008641,0.026586,0.054719,0.080926,0.03279,-0.10899,-0.23359,-0.27776,-0.27177,-0.23577,-0.10203,0.026192,0.016076,-0.065526,-0.11765,-0.11491,-0.05112,0.00052367,-0.0073919,-0.025522,-0.030109,-0.017496,0.0019461,0.014084,0.013068,0.00092989,-0.0063677,0.0014798,-0.004666,0.029931,0.071016,0.073959,0.07227,0.030166,-0.0053032,0.87675,0.56123,-0.034198,-0.13141,-0.13455,-0.1081,-0.056757,-0.0038616,-0.027412,-0.044363,-0.026608,-0.03699,-0.026216,0.0075782,0.087731,0.12472,0.05268,-0.059774,-0.14721,-0.15705,-0.086391,-0.019122,-0.014411,-0.065356,-0.12084,-0.14328,-0.10108,-0.054034,0.026345,0.15333,0.19934,-0.053975,-0.27936,-0.25974,-0.029442,-0.041197,-0.031254,-0.014832,-0.0077994,0.0018386,0.023369,0.047413,0.077355,0.11407,0.1376,0.15442,0.11865,0.022977,-0.00028693,0.074441,0.035246,-0.10974,-0.084365,-0.051191,-0.042306,-0.022413,0.0012987,-0.011228,-0.052386,-0.047648,-0.023406,0.042652,0.14017,0.21677,0.22418,0.12505,0.028489,0.0023602,0.0065925,-0.017245,-0.019912,0.022714,0.044334,-0.061136,-0.14767,-0.13243,-0.10779,-0.073951,0.011617,0.086187,0.07698,0.068432,0.061973,0.062642,0.10221,0.12671,0.11761,0.074178,-0.0050057,-0.082587,-0.12362,-0.13524,-0.12797,0.030987,0.16315,0.15176,0.097015,0.058555,0.044973,0.055273,-0.33381,-1.7388,-1.6474,-0.5564,0.1106,-0.23982,0.22805,0.064835,-0.12292,0.0027666,0.42127,-0.073222,-0.21956,0.37851,-0.1063,0.18491,0.21042,-0.030353,-0.1195,-0.21662,0.089774,-0.31879,-0.012351,-0.064383,0.073538,-0.14267,0.1389,0.10048,0.15874,-0.13294,2.7105,0.72936,0.31784,-0.17946,-1.3899,0.24805,-0.29441,0.23581,-0.31603,0.04491,-0.1833,0.40122,-0.91103,0.033839,0.17232,0.17169,0.42004,-0.025865,-0.32935,-0.036864,0.063992,0.15856,-0.2595,-0.22737,0.046801,0.1611,0.10871,0.21258,0.31318,-0.45324,2.2399,0.7267,-0.071291,-1.0012,-0.29488,-0.27894,-0.29651,0.18233,0.25418,0.275,0.088843,-0.7009,-0.11158,0.13778,-0.13707,0.2941,-0.31535,0.20115,-0.18564,-0.21021,-0.20713,0.15674,-0.34445,-0.15544,-0.046854,-0.15947,0.044372,0.01495,-0.041419,-0.00013783,0.11201,1.2405,-0.31606,0.70697,-0.1525,0.38136,0.6896,0.03346,-0.38169,0.2626,0.1761,0.12732,-0.077885,0.14061,0.02106,0.066452,-0.20311,-0.083884,-0.19712,0.11216,-0.5802,0.051407,-0.40846,-0.073991,0.11704,0.35103,0.12342,0.037938,-0.38987,-0.051629,3.0857,-0.71927,0.37042,0.35768,0.038914,0.28774,-0.052038,0.068584,-0.29118,-0.033518,-0.035829,0.074675,0.093841,-0.15278,0.081043,-0.35542,0.18459,0.14147,0.18544,0.0079705,-0.020026,-0.27985,-0.080903,-0.25439,-0.11163,-0.065566,-0.19257,-0.24891,-0.012878,-0.059877,0.030101,1.2734,0.0047288,0.37676,-0.16757,-0.77663,0.32194,-0.067691,0.092551,0.25832,-0.44802,0.0067022,0.098171,0.033782,-0.12123,0.0074133,-0.16483,-0.22967,0.029104,0.1355,-0.047112,-0.097799,-0.055294,0.14015,-0.042444,0.39888,-0.27321,0.19348,-0.066729,0.49452
0.023862,0.10685,0.16722,0.10239,0.062583,0.085582,0.046666,0.0070605,-0.017407,-0.022267,0.03125,0.066575,0.071155,0.09422,0.13014,0.13799,0.056367,-0.082036,-0.17791,-0.19483,-0.16847,-0.13916,-0.15868,-0.1848,-0.18099,-0.17582,-0.12771,-0.062567,-0.0013162,0.068101,0.090237,0.058102,0.11818,0.11341,0.12827,0.095692,-0.016402,-0.15813,-0.1115,-0.013595,0.015273,0.036435,0.036795,0.062857,0.077508,0.022045,-0.063205,-0.11349,0.017422,0.11109,0.082288,0.024138,-0.051751,-0.05533,-0.02924,-0.013,-0.028862,0.02199,0.087619,0.10294,0.093021,0.081688,0.030287,-0.023128,-0.008947,0.006803,0.019306,0.025557,-0.037676,-0.11837,-0.049098,-0.038305,-0.046017,-0.070482,-0.087449,-0.075977,-0.14306,-0.19431,-0.16427,-0.14392,-0.15216,-0.11159,-0.067493,-0.056457,-0.032945,0.027188,0.068435,0.059297,0.042595,0.028015,0.019436,-0.077053,-0.15083,-0.075765,0.033402,0.061396,0.02981,0.037181,0.061143,0.052594,0.23963,0.004068,-0.10371,-0.11718,-0.091366,-0.075869,-0.08394,-0.10029,-0.11031,-0.049983,0.010639,0.019085,0.042376,0.10829,0.16267,0.15371,0.06438,-0.067751,-0.17832,-0.23135,-0.22411,-0.17677,-0.095106,-0.11919,-0.18981,-0.19104,-0.17141,-0.14969,-0.12537,-0.16091,-0.30116,-0.098057,-0.016082,-0.1613,-0.16142,0.093792,0.31092,0.41524,0.42345,0.30593,0.18917,0.11767,0.00024428,-0.051821,0.10065,0.23016,0.050778,-0.07939,-0.0075506,0.026198,-0.06977,-0.12761,-0.048294,-0.048959,-0.079004,-0.085982,-0.029,0.034262,0.049252,-0.0087573,-0.10704,-0.13558,-0.019262,0.097913,0.077624,-0.014268,-0.053302,0.0239,0.052187,0.058601,0.1118,0.11599,0.12975,0.12516,0.12979,0.16508,0.074456,0.0015521,0.011904,0.0058699,0.0020909,0.0089944,0.005817,-0.026684,-0.067266,-0.098891,-0.10376,-0.10765,-0.076189,-0.017075,0.017722,0.022327,0.015436,0.037269,0.087445,0.079761,0.042399,0.048077,0.10187,0.15534,-0.01906,-1.8246,-2.0325,-0.4773,-0.051447,-0.37881,0.6103,-0.47648,0.17544,-0.41439,0.40116,-0.036887,-0.21973,0.25093,0.052443,0.23352,0.015272,0.23892,0.25755,-0.13675,0.41,-0.16369,-0.031317,-0.10543,-0.043915,0.13315,-0.039869,-0.02797,0.16739,-0.30611,2.2256,0.96803,0.37483,-0.53242,-1.4051,0.23053,-0.16743,0.98478,-0.18579,0.0072831,-0.17366,0.66805,-0.24339,0.062617,-0.046039,0.12546,0.20241,0.24879,-0.23415,-0.12041,0.058958,0.058392,-0.10567,0.23878,-0.11229,-0.037789,0.20326,0.17842,0.1416,-0.28544,2.0814,0.73891,0.4029,-1.2398,-0.15588,0.17916,-1.0048,0.52881,-0.20776,0.41186,0.08654,-0.27773,-0.3634,-0.15654,-0.30727,0.04136,-0.13128,0.16858,-0.080833,0.02927,0.038075,-0.24291,-0.21183,0.24942,-0.098516,-0.13458,-0.016247,-0.29227,0.056287,-0.16565,-0.26834,1.6765,-0.31291,0.6315,0.2161,0.76482,0.82521,-0.28503,-0.3261,-0.30967,-0.50157,-0.23084,-0.46082,-0.17021,0.087808,0.049213,-0.053491,0.082439,-0.2374,0.16996,-0.43135,-0.19578,-0.065393,0.068891,-0.0045785,0.069595,-0.25811,-0.1272,-0.35781,0.16208,3.0046,-1.26,0.572,0.37654,-0.2736,0.86565,-0.34931,0.43261,-0.17146,0.6121,0.070864,0.14051,0.24452,0.20821,0.24558,0.078102,0.1772,-0.063437,0.010175,-0.020948,-0.082169,-0.13512,0.15986,-0.065925,-0.057363,-0.40183,-0.11121,-0.013978,0.11988,0.14624,-0.2486,1.6216,-0.071222,0.27241,-0.38144,-1.2839,0.34194,-0.39823,-0.22262,0.16529,-0.090066,-0.095081,-0.30873,-0.042001,0.083547,0.19383,0.08156,-0.23085,-0.16135,0.033699,-0.1014,0.028509,0.2247,0.15987,0.12295,0.27494,0.043932,-0.12311,0.045766,0.20157
0.13619,0.12235,-0.0042632,-0.083714,-0.1163,-0.068644,-0.0071932,0.00097317,-0.00031784,-0.0040721,-0.013801,-0.020627,-0.025226,-0.040171,-0.039247,-0.012111,-0.012965,-0.057609,-0.10565,-0.083409,-0.032189,-0.039156,-0.080059,-0.1112,-0.10186,0.01281,0.20528,0.37426,0.37599,0.20235,0.065064,0.015955,0.11358,0.19374,0.086916,0.055544,-0.0060168,-0.057004,-0.081854,-0.097028,-0.094007,0.065381,0.15911,0.14433,0.19554,0.20759,0.038679,-0.28155,-0.3542,-0.30287,-0.25341,-0.27797,-0.28578,-0.24332,-0.058229,0.063185,0.060002,0.085399,0.055693,0.012945,0.013721,5.7519e-05,0.017901,0.016586,-0.0033291,0.012231,0.031848,0.056362,0.10546,-0.010148,-0.15071,-0.09803,-0.10983,-0.13362,-0.14949,-0.11877,-0.02167,0.046879,-0.012804,-0.1612,-0.24813,-0.22003,-0.10149,-0.014189,0.0019378,0.010612,0.018582,0.016969,0.012695,0.013372,0.012425,0.019906,0.025559,-0.015102,-0.069015,-0.0039998,0.14687,0.26173,0.29519,0.2669,-0.27878,-0.11238,0.019277,-0.00042532,0.0044808,-0.022337,-0.078327,-0.026728,0.04945,0.018859,0.026626,0.085447,0.096686,0.064017,0.06912,0.11353,0.12436,0.091189,0.051127,0.0094892,-0.0080657,-0.022347,-0.071858,-0.12757,-0.14963,-0.028062,0.052839,0.008301,-0.0030212,0.085808,0.10245,-0.27037,-0.32877,-0.2209,-0.086303,-0.084954,-0.020289,0.030624,0.056888,0.076462,0.063711,-0.10775,-0.25308,-0.19412,0.08975,0.2585,0.00047991,-0.29812,-0.32963,-0.18129,0.068234,0.086535,0.0080741,-0.047402,-0.034095,0.017536,0.052985,0.055336,0.033192,-0.00023984,-0.051121,-0.089871,-0.039617,0.072982,0.12362,0.032041,-0.044547,0.022641,0.13165,0.060691,0.049856,0.076013,0.044034,0.0271,0.051632,0.082625,0.10914,0.021168,-0.045285,0.018257,0.057561,0.018923,0.026967,0.085282,0.0772,0.069698,0.056892,0.04696,0.025111,-0.0013559,-0.0054769,-0.0017575,-0.027701,-0.094293,-0.089194,0.014843,0.085981,0.10094,0.12867,0.15663,-0.033551,-1.8989,-1.7878,0.066271,0.21204,0.10276,-0.33572,0.35875,0.15006,-0.32986,0.60087,-0.3841,0.10584,0.1975,-0.64827,-0.10825,0.33805,-0.63574,0.52351,-0.26932,-0.68471,-0.06939,0.42925,-0.12209,-0.12616,0.21066,-0.21039,0.14052,-0.016477,-0.035612,2.3554,1.3021,0.29095,-1.2457,-1.5951,-0.57368,1.16,0.13348,0.73811,-0.46898,-0.11905,0.46294,0.306,-0.082487,0.054394,0.31518,0.24132,-0.045525,-0.33683,0.36107,0.31652,0.68762,0.1204,-0.18034,0.0039161,-0.19544,-0.37417,0.10035,0.28676,-0.024203,2.3781,0.50977,0.9364,-0.88029,-0.7146,0.17396,-0.38761,0.44079,0.76759,0.11946,0.22131,0.51284,0.41686,0.18251,0.30536,0.24756,-0.29461,0.2989,0.58366,-0.51837,-0.075783,0.21705,-0.053496,0.41407,0.032733,0.02743,0.11512,-0.093231,0.14678,0.019361,-0.1729,1.9055,-0.10015,0.84546,-0.4091,0.19191,0.57062,0.11269,-0.58856,0.5505,-0.011788,-0.11885,-0.15571,0.51801,0.05333,0.26215,0.41426,-0.42924,0.2497,-0.16092,-0.18138,-0.49149,-0.18221,-0.14537,0.3044,0.27201,-0.090358,-0.037988,-0.11413,0.19223,3.1487,-1.0089,0.44803,0.15974,-0.53041,0.50943,0.31832,0.014362,-0.37936,0.069765,-0.47347,-0.19063,0.32883,0.35815,-0.075509,-0.2321,0.42804,-0.13675,-0.03926,0.052989,-0.33206,-0.33093,0.34382,-0.22069,-0.36392,-0.10271,-0.37543,0.047067,-0.33597,0.21713,-0.10811,1.9686,-0.16789,0.55314,-0.22823,-0.48015,0.12871,-0.47587,-0.013609,0.65861,-0.2807,-0.097302,0.093886,-0.40827,-0.1345,0.18386,-0.17731,0.34206,0.30916,-0.0014338,-0.13148,0.23968,0.069055,0.037572,0.4416,-0.015107,0.11093,0.3945,0.3813,-0.11077
-0.25708,-0.23419,-0.17351,-0.15855,-0.18927,-0.14601,-0.093934,-0.038171,0.0065967,0.04093,0.07176,0.065363,0.057148,0.042099,0.033211,0.068009,0.10891,0.10101,0.073864,0.034128,-0.018695,-0.08072,-0.096471,-0.073018,-0.11314,-0.1667,-0.08232,0.073242,0.13589,0.1738,0.29259,0.30271,0.37288,0.36213,0.20954,0.050173,0.019704,-0.040165,-0.058862,-0.05576,-0.071864,-0.086716,0.0075882,0.065396,0.040029,0.035566,-0.051276,-0.21626,-0.26453,-0.19941,-0.12756,-0.090848,-0.19803,-0.12215,-0.0099275,0.036551,-0.010401,-0.044974,-0.017727,0.010277,0.030526,0.033476,-0.027549,-0.094148,-0.094398,-0.066033,-0.035811,-0.03411,-0.11978,-0.29561,-0.20262,-0.067594,0.068175,0.11485,0.089567,0.054944,-0.058233,-0.17739,-0.18144,-0.07502,0.020115,0.08225,0.095865,0.079122,0.062435,0.04718,0.026658,0.017246,0.021032,0.022408,0.023977,0.033726,0.0042603,0.004532,0.11026,0.20286,0.16125,0.0068471,-0.048983,-0.032542,0.24473,0.10523,0.020712,0.041304,0.047362,0.038903,0.012305,0.026204,0.04531,0.046978,0.054647,0.032033,0.010705,-0.0056638,-0.0080952,0.047166,0.093057,0.083079,0.061178,0.030464,-0.014405,-0.0084447,0.033885,0.019816,0.016565,0.021152,0.024025,0.042648,0.047478,-0.03707,-0.30673,-0.17184,-0.010317,0.064335,0.0023155,-0.053526,-0.047003,0.0046688,0.011348,-0.017167,-0.021142,-0.033955,-0.17869,-0.29553,-0.22558,-0.064633,-0.078411,-0.18968,-0.20812,-0.21965,-0.23961,0.03833,0.24669,0.14338,0.036775,0.0079106,0.032684,0.055957,0.068245,0.056441,0.055906,0.042924,-0.013625,-0.088584,-0.17077,-0.24768,-0.18104,0.043719,0.067717,-0.0043184,0.059557,0.036072,0.011673,0.03015,0.052102,0.081706,0.027322,0.0046992,0.025968,-0.021954,-0.073456,-0.032014,0.027407,-0.00031768,-0.00070856,0.0075956,0.029201,0.044148,0.042,0.039481,0.036399,0.029679,0.024364,-0.0040533,0.085189,0.177,0.098056,-0.045519,-0.054299,0.014147,-0.41352,-2.5022,-1.6592,-0.38616,0.21812,-0.096369,0.13429,0.36822,0.24856,0.23937,0.85243,-0.25566,-0.48643,-0.07697,0.38762,0.37122,0.055451,-0.0099593,0.79387,-0.37086,-0.34903,-0.29087,-0.13581,-0.2416,-0.093531,0.20764,0.14208,0.026263,0.18023,-0.022963,2.5519,1.2158,0.90122,-0.59956,-1.4921,0.39455,-0.071864,-0.040581,-0.43921,0.20147,-0.081006,0.23414,-0.34101,0.25655,0.060388,0.091441,0.026868,0.78316,-0.44067,-0.083566,-0.15128,0.22818,0.018753,0.05294,-0.0071267,0.19212,-0.05232,0.19974,0.22895,-0.2952,2.1488,1.2172,0.78095,-0.72529,-0.14112,-0.23549,-0.20438,-0.41456,0.24226,0.060186,0.099546,-0.22545,-0.22436,-0.75488,-0.33348,0.11968,0.060914,-0.01333,0.022734,-0.42369,-0.065176,0.078052,0.081487,0.34136,-0.38652,0.037526,-0.14127,-0.14563,0.0015732,-0.10926,-0.051607,2.0851,-0.6906,0.70951,-0.25182,0.34303,0.49612,0.12796,0.15828,0.37551,0.26442,-0.046152,-0.087582,0.22976,0.49818,-0.34178,0.15269,0.0069584,-0.32494,-0.1695,0.30544,0.095262,0.26708,-0.36145,-0.018409,-0.3396,-0.030224,0.023536,-0.39418,0.25853,2.9011,-1.3578,0.034687,0.16235,-0.063941,0.42629,0.086902,0.0028661,-0.050566,0.023311,-0.096719,0.27352,-0.39985,0.52283,0.49606,0.18356,-0.080457,-0.10537,-0.20924,-0.073914,-0.24868,-0.11312,0.28096,-0.23142,-0.11609,-0.23396,-0.048076,-0.21035,-0.010881,0.057059,0.33665,2.2307,0.33185,0.24321,0.091487,-0.41774,0.20676,-0.2651,0.33717,0.26759,-0.126,0.1415,0.093506,-0.049288,0.31751,0.18377,0.59927,0.0016629,-0.2563,-0.039882,0.013055,0.32989,0.15156,0.07857,0.073451,-0.11596,-0.033924,0.19147,0.42154,0.00075868
-0.33864,-0.22919,0.031686,0.030346,0.059779,0.025303,-0.0048976,0.020422,0.073291,0.099661,0.083405,0.068975,0.055376,0.04283,0.05592,0.090522,0.12214,0.15303,0.14304,0.029498,-0.049472,-0.038065,-0.033815,-0.051145,-0.082275,-0.058173,0.066692,0.13745,0.045298,-0.046163,-0.045987,-0.037471,0.036464,-0.00803,-0.027612,-0.019246,0.011649,0.058747,0.048323,-0.0091993,-0.022176,-0.03929,-0.064035,-0.091918,-0.078636,-0.057012,0.011947,0.010677,-0.0033496,0.065791,0.051695,-0.0017345,-0.11604,-0.21261,-0.22993,-0.15712,-0.02148,0.079739,0.053828,0.0089795,0.022314,-0.043992,-0.12576,-0.11737,-0.075642,-0.022584,0.016422,-0.0080017,-0.01024,0.096832,0.062351,-0.039793,-0.087524,-0.097373,-0.054241,0.011699,0.039671,0.048524,0.051479,9.8434e-05,-0.04593,-0.042446,0.00029693,0.040337,0.051413,0.046901,0.038892,0.026389,0.019352,0.018851,0.012765,0.01178,0.019595,0.014734,0.041169,0.037562,-0.042434,-0.1443,-0.2583,-0.31116,0.52482,0.2948,-0.017306,-0.040438,-0.060373,-0.05156,-0.001524,0.017395,0.0011041,0.0064615,-0.031378,-0.066641,-0.071119,-0.039939,0.011139,0.045188,0.059664,0.071237,0.061444,-0.0084524,-0.060923,-0.042168,-0.038866,-0.0832,-0.13885,-0.039815,0.0628,0.061205,0.069445,-0.06941,-0.26514,0.069298,0.12922,-0.048421,-0.14547,0.14011,0.33254,0.30137,0.14798,-0.017532,-0.036437,-0.074957,-0.12107,-0.13599,-0.096287,0.003162,-0.092567,-0.26767,-0.27599,-0.080188,0.081743,0.049858,0.1313,0.18438,0.20901,0.20219,0.12232,0.032895,0.038767,0.083476,0.052765,-0.04984,-0.12638,-0.12593,-0.10195,-0.10444,-0.077132,-0.033629,0.035118,0.11961,0.038478,-0.010721,0.0071576,0.022385,0.039816,-0.039862,-0.10625,-0.083585,-0.075495,-0.060903,-0.0053199,0.016834,0.011235,0.022559,0.0047538,0.0033144,0.01127,0.025316,0.019313,-0.005613,-0.028847,-0.052056,-0.074351,0.025875,0.12095,0.078438,-0.039181,-0.084199,-0.13255,-0.19201,-0.52136,-2.8786,-1.7366,-0.53156,0.19315,-0.38276,0.47479,-0.1692,-0.32741,0.23678,0.74854,-0.31218,0.13428,0.37019,-0.18578,0.047146,-0.1606,0.11993,0.086324,-0.42556,0.24237,-0.1638,-0.046292,-0.35217,-0.1415,0.16259,0.17388,0.036594,0.10502,-0.049513,2.1494,1.2684,1.1419,-0.49397,-1.4361,0.40517,-0.12603,0.30218,-0.42396,0.28748,0.082982,0.18992,-0.33865,0.077736,-0.098034,0.11087,0.34567,0.24046,-0.45382,-0.22629,0.016319,0.33093,-0.3271,-0.058444,0.42242,-0.040172,0.28025,0.24424,-0.0069833,-0.30224,2.0865,1.6867,0.57678,-0.79917,0.25626,-0.10896,-0.4272,-0.15444,-0.14486,0.23004,0.090576,-0.42692,0.064112,0.1237,-0.086536,-0.10811,-0.044867,0.38911,0.118,-0.19792,-0.11649,0.15599,-0.24192,-0.00030603,-0.22093,0.0025237,-0.14271,-0.40759,0.024474,-0.07802,-0.070021,2.1228,-1.2306,0.31116,0.12586,0.67266,0.17562,-0.07116,0.11608,-0.55461,-0.30372,0.13287,-0.10598,-0.0015272,-0.16198,-0.084711,-0.13426,-0.29541,-0.18597,0.071474,-0.15761,0.18485,-0.27002,0.040656,-0.049383,0.11293,-0.098419,-0.0082891,-0.35721,0.2273,2.9122,-1.6863,-0.34492,0.21448,-0.10793,0.36512,-0.37049,0.22552,0.047585,0.083483,-0.053515,-0.17427,-0.2342,0.0090377,-0.079214,-0.17322,-0.036811,0.059782,-0.031356,-0.019801,-0.31249,-0.097977,0.19472,-0.21487,0.13573,-0.37027,0.0052394,0.14003,0.13694,0.11328,-0.061007,2.2883,0.70897,0.27793,0.27673,-0.77379,0.12506,-0.19089,0.25072,-0.20647,-0.080859,0.18183,0.026947,0.038471,-0.019938,-0.03218,-0.0088713,-0.018051,-0.0068572,0.10572,-0.18543,-0.14178,-0.081042,0.20557,0.13253,-0.17464,-0.23961,-0.07433,0.032068,0.33306
-0.36176,-0.24028,0.048144,-0.0098895,-0.068728,-0.035598,0.027443,0.068838,0.08052,0.045083,-0.0028202,0.020911,0.05942,0.051365,0.060642,0.082386,0.079154,-0.021911,-0.14295,-0.16303,-0.10272,-0.066805,-0.093124,-0.11158,-0.10264,-0.059945,0.012792,0.074771,0.10558,0.13324,0.21749,0.084864,-0.0075824,0.032952,-0.011991,0.010556,-0.010592,-0.045893,-0.08013,-0.09806,-0.078676,-0.053012,-0.047365,-0.011618,0.057667,0.091484,0.12222,0.1263,0.064325,0.021286,-0.019891,-0.034959,0.007969,0.048239,0.05867,0.043667,0.01835,-0.0012316,-0.0074714,0.0079307,0.027806,0.10217,0.17705,0.19023,0.18101,0.15654,0.03509,-0.085959,-0.012411,-0.032669,-0.14775,-0.19504,-0.2289,-0.24957,-0.21702,-0.097228,0.013546,-0.013505,-0.083406,-0.12634,-0.14542,-0.11091,-0.02103,0.035863,0.048726,0.056472,0.053888,0.044481,0.04114,0.042019,0.037267,0.042915,0.062767,0.014077,-0.046162,-0.040977,-0.020646,-0.015917,0.03277,0.082817,0.48329,0.2702,-0.032011,-0.033948,-0.02496,-0.045351,-0.051675,-0.060869,-0.11994,-0.1154,-0.043221,0.027363,0.038662,0.024159,0.042791,0.068507,0.067881,0.041212,-0.012684,-0.037632,-0.036618,-0.063011,-0.089243,-0.1305,-0.15668,-0.15385,-0.099087,-0.052959,0.0071474,0.0323,-0.19076,-0.35431,-0.38056,-0.23229,-0.0031801,-0.044679,-0.020991,0.044712,0.12592,0.16609,0.14093,0.063696,-0.0017989,-0.0035684,0.057927,0.18288,0.31331,0.27635,0.13684,0.14549,0.16949,-0.0006292,-0.13825,-0.18717,-0.1992,-0.18312,-0.13635,-0.052446,0.027527,0.02474,0.0068687,0.081441,0.1817,0.25308,0.32695,0.33012,0.17523,0.032258,0.10519,0.0017892,-0.062345,-0.020164,0.0076941,0.028298,0.042379,0.012821,-0.0039646,-0.014395,-0.030394,-0.014145,-0.014928,-0.061868,-0.052153,-0.00091296,-0.027796,-0.054124,-0.064578,-0.061858,-0.044113,-0.021301,-0.015687,-0.019829,-0.02982,0.047712,0.084179,0.05616,0.032922,0.0081467,0.081967,0.17871,-0.37313,-1.2972,-1.8487,-0.28203,-0.12504,-0.20222,0.39923,0.36194,-0.089954,0.11606,0.56874,0.21646,-0.19846,0.10909,0.027977,-0.028688,0.31215,-0.061039,0.20228,-0.14554,0.11112,-0.081725,0.034381,-0.154,0.36925,-0.059511,0.22845,0.38682,-0.13757,-0.21865,2.3845,0.63139,-0.18202,-0.3754,-1.2206,0.24975,-0.15953,0.089259,-0.2918,-0.040691,-0.087073,0.34254,-0.34225,0.064073,0.17771,0.22488,0.3233,-0.14446,-0.054872,0.062427,0.059448,-0.049043,-0.21126,0.10294,0.092589,0.099879,0.041469,0.26028,0.28736,-0.34638,2.3479,0.19996,0.22569,-1.3922,-0.21692,-0.0058597,-0.20209,0.13273,0.33732,-0.027215,0.22659,-0.49423,0.047167,0.22469,0.16091,0.0081709,-0.22964,0.22968,-0.069347,0.062318,-0.14491,0.079755,-0.35997,0.15615,-0.019638,-0.024613,-0.092495,-0.087016,-0.13798,-0.23043,-0.037434,1.235,0.05243,0.64163,0.11389,0.35147,-0.0047583,0.064404,-0.47227,-0.56986,-0.49339,0.16426,-0.22472,-0.13303,0.03072,0.30959,-0.13871,-0.14859,-0.12218,0.14259,-0.29972,-0.10651,-0.33809,-0.020048,0.17196,0.010758,0.012059,-0.020716,-0.4732,-0.043357,3.239,-0.71731,0.91129,0.60664,0.28729,0.10552,-0.056819,-0.10316,-0.34561,-0.0030824,-0.032525,0.12038,0.16436,0.066607,-0.016827,-0.20905,0.32213,-0.23001,0.11239,-0.17016,-0.007578,-0.13796,-0.15317,-0.21357,-0.06246,-0.23119,-0.022302,-0.10434,-0.13996,0.05082,0.024575,1.2583,-0.43985,0.23415,-0.26357,-0.65942,0.15945,-0.3272,0.2415,0.20224,-0.21022,0.15947,-0.032499,-0.1905,-0.06179,0.0897,-0.42255,-0.049028,-0.012338,0.1467,0.31938,-0.1293,-0.27352,0.059141,0.25239,0.0028159,-0.14269,-0.068743,0.055298,0.31809
0.12896,0.075971,0.16006,0.14369,0.080948,0.022999,-0.041544,-0.034807,0.0066136,0.0085808,-0.005896,0.019102,0.050421,0.041148,0.040732,0.03875,0.015761,-0.036919,-0.08375,-0.065163,0.010648,0.10316,0.17867,0.13392,-0.035106,-0.14146,-0.084064,0.0073505,0.067009,0.12992,-0.11866,-0.3251,-0.28041,-0.34042,-0.1456,0.052545,0.095119,0.087682,0.045811,0.057586,0.077632,0.059273,0.049099,0.037973,-3.9622e-05,-0.049905,-0.018836,0.018474,-0.077514,-0.23241,-0.20959,-0.11862,-0.18332,-0.11902,-0.01291,0.060777,0.079428,0.080898,0.039945,0.0069857,0.034886,0.049304,0.047525,0.049522,0.0059734,-0.042711,-0.054121,-0.078743,-0.046786,0.0332,0.082841,0.062256,-0.020248,-0.061637,0.01856,0.11055,0.13838,0.068532,0.029042,0.034547,-0.079407,-0.15799,-0.074869,-0.015462,-0.019215,-0.014982,-0.0055184,0.006536,-0.031372,-0.074512,-0.081995,-0.078969,-0.041991,0.050778,0.11213,0.060401,-0.044916,-0.10621,0.016001,0.13128,0.69515,0.18018,-0.07756,-0.07241,-0.070005,-0.057728,-0.032461,0.020105,0.033156,-0.02442,-0.060661,-0.06619,-0.057209,-0.034603,0.0011224,0.018132,0.0097357,-0.030008,-0.07057,-0.055578,0.012264,0.07653,0.095004,0.12315,0.090386,0.0095108,0.0082018,0.034324,0.0029691,-0.021554,0.1077,0.53783,0.69306,0.29981,0.047203,-0.023775,-0.098916,-0.11946,-0.097498,-0.049237,-0.00081208,0.039658,0.073211,0.077574,0.050918,0.035101,0.038245,0.029494,-0.071274,-0.24335,-0.2452,0.22137,0.33388,0.20937,0.087867,-0.0014119,0.0080171,0.067368,0.10216,0.12598,0.1526,0.12054,0.058389,0.01485,-0.046396,-0.21922,-0.40156,-0.40453,-0.24377,-0.10672,-0.041331,-0.010339,0.00516,0.022387,-0.080432,-0.15834,-0.13035,-0.10127,-0.088671,-0.086486,-0.049665,-0.047922,-0.022327,0.061149,0.079024,0.088589,0.089654,0.079405,0.051545,0.00096042,-0.044428,-0.0489,-0.0020816,0.043409,0.095782,0.071995,-0.067976,-0.15051,-0.0159,0.12981,-0.88417,-2.4462,0.8141,-0.79846,-0.47963,-0.52664,1.3638,0.30277,-0.4735,-0.051232,0.61367,0.46276,-0.27205,-0.22062,0.36332,-0.023242,-0.23861,0.3375,-0.20311,-0.15717,0.023891,-0.1119,0.43362,-0.26798,-0.047433,-0.3629,0.21822,0.067849,0.11037,-0.091272,2.5022,0.99569,1.8832,0.49806,-1.7213,0.19474,0.26382,0.47149,-0.39411,-0.065951,-0.35254,0.53146,-0.0057924,-0.10198,0.4307,0.1479,0.24354,0.07596,-0.23682,0.050817,0.19112,0.42316,-0.46744,-0.051517,0.18736,0.18412,0.086737,0.16925,-0.069303,-0.018085,2.0821,1.828,0.11565,0.089134,0.26087,0.4017,-0.33006,0.17654,-0.07135,-0.071676,0.33002,0.16058,-0.22897,-0.1003,0.077609,0.52559,-0.42601,0.33877,-0.0026385,-0.083041,-0.23619,-0.012764,-0.11455,0.19634,0.01117,0.36969,-0.18591,-0.069609,-0.36882,-0.052409,0.14054,0.88896,-1.9823,-0.4984,-0.19512,0.098727,0.18687,-0.28292,-0.36525,0.13968,-0.55649,0.2334,-0.18703,0.071136,0.19032,-0.11176,0.1361,-0.041951,0.23995,-0.78202,-0.26561,-0.35189,-0.25306,0.053145,0.3769,0.34666,-0.36519,-0.25179,-0.2102,-0.23916,2.7066,-0.079785,-1.6583,-0.24645,-0.16419,0.75136,-0.31538,-0.033196,-0.70468,-0.30739,0.10434,0.2249,-0.12838,0.32304,0.076306,-0.23735,0.64333,0.21515,0.024925,0.18205,-0.15528,-0.38052,0.24103,-0.13364,-0.038143,0.30172,0.12438,0.042235,-0.13571,0.052508,0.028421,1.4504,1.5548,0.14905,0.63819,-0.32083,0.36914,-0.53447,-0.12218,-0.010126,-0.071761,-0.21859,-0.44685,-0.24713,0.28956,-0.075212,-0.10777,0.23863,0.45307,0.2218,0.30348,-0.18955,0.1705,0.062193,0.015739,0.27079,0.18318,0.12019,0.17293,0.15799
-0.22211,-0.19548,0.052198,0.29087,0.30342,0.17743,0.039947,-0.018374,-0.053457,-0.07998,-0.0095512,0.07169,0.053877,0.031643,0.016486,0.024157,0.075821,0.12192,0.12643,0.11883,0.078896,0.0077101,-0.037252,-0.004222,0.044849,0.073778,0.11594,0.13673,0.1854,0.16709,0.085452,0.13268,0.16462,0.053023,-0.064113,-0.089962,-0.084891,-0.064289,-0.018926,-0.0044545,-0.024068,-0.038054,-0.048832,-0.062005,-0.061242,-0.069556,-0.12746,-0.159,-0.091604,0.0081482,0.046493,0.048289,0.012939,-0.084183,-0.12817,-0.095352,-0.04823,-0.025613,-0.015216,-0.042119,-0.072663,-0.06811,-0.056792,-0.036522,-0.016731,-0.044584,-0.080325,-0.05312,-0.010133,-0.021897,-0.017766,0.013311,0.10052,0.16797,0.14449,0.10211,0.10286,0.10384,0.04666,-0.032754,-0.077636,-0.05637,0.0083709,0.055146,-0.0044204,-0.063337,-0.057608,-0.058742,-0.063968,-0.068279,-0.075346,-0.060933,-0.018216,0.020556,0.096283,0.14927,0.075354,0.052645,0.1661,0.23096,0.35228,0.18056,-0.073982,-0.14573,-0.16013,-0.14185,-0.099781,-0.0791,-0.050627,-0.041821,-0.058329,-0.079741,-0.09904,-0.087947,-0.06517,-0.025829,0.042276,0.081004,0.08715,0.089216,0.061377,-0.0091702,-0.0030377,0.033424,0.090665,0.13117,0.10825,-0.024711,-0.17401,-0.16989,-0.048466,0.26149,0.17775,0.032527,0.07414,0.061536,0.055871,0.042248,0.003557,-0.016961,-0.0066249,0.0024923,0.017786,0.040601,0.019449,-0.087259,-0.17261,-0.15952,-0.079929,0.0077892,0.024645,-0.040437,-0.014392,0.077804,0.11651,0.045329,-0.037282,-0.016359,0.034432,0.073561,0.055004,0.032735,0.04259,0.07417,0.073005,-0.025106,-0.13906,-0.088508,-0.014109,-0.02031,0.0066837,0.018105,-0.09422,-0.17808,-0.15414,-0.1287,-0.1022,-0.032885,0.083794,0.16002,0.17307,0.1357,0.054439,-0.0091482,-0.0065047,-0.0095365,-0.036696,-0.027775,-0.024218,-0.075871,-0.10349,-0.044045,0.031003,0.12546,0.20678,0.19902,0.091299,0.033704,0.13731,0.23691,-0.49097,-2.6146,-0.94505,-0.6288,0.12183,-0.0018374,0.07048,-0.17152,-0.30887,0.10024,0.53322,-0.18873,-0.30958,-0.063298,-0.23321,0.38269,0.096892,-0.092132,0.066678,-0.25404,0.43435,-0.25673,0.040755,-0.099455,-0.1324,0.10327,-0.023437,0.26101,0.31035,0.011159,2.4259,0.5214,1.3562,0.47225,-1.0093,0.83597,-0.72925,-0.061542,-0.63248,0.027255,-0.18081,0.44681,-0.6177,0.38223,0.14661,0.54895,0.39154,0.24182,-0.40085,-0.20416,0.14398,0.33779,-0.039847,-0.28474,0.012912,0.39904,-0.20509,0.031553,0.23245,-0.51146,2.0318,1.4042,0.20367,-0.23858,-0.25687,0.25323,-0.71331,-0.32745,0.46411,0.28827,0.23103,-0.28118,-0.18702,-0.0078533,-0.010575,0.097528,-0.043528,0.36802,-0.32548,-0.18844,0.063982,-0.049298,-0.37467,-0.089348,-0.040991,0.014678,0.20183,-0.055343,0.13812,-0.26146,-0.068015,1.4597,-1.3572,-0.030356,-0.027576,0.58769,0.31926,0.33176,-0.40011,-0.55213,-0.4521,0.26324,-0.40613,0.083372,0.29877,-0.033291,0.11001,-0.26558,-0.36785,0.064409,-0.17359,-0.080239,0.074506,-0.14002,0.094081,0.0096566,0.13825,-0.20014,-0.28638,0.23311,3.0692,-1.1365,-0.62209,0.010766,0.08049,0.36903,0.086186,0.58662,-0.31869,-0.21993,-0.27063,0.076134,-0.016501,0.46287,0.10641,-0.23665,0.12608,0.024113,0.11851,0.18222,-0.036585,0.031079,-0.21804,-0.15025,-0.11911,-0.28849,-0.14573,0.058146,-0.093432,-0.24452,-0.060009,1.564,0.98708,0.1688,0.51904,-0.75766,0.083463,-0.094556,-0.19034,0.23673,-0.48881,0.26248,0.046374,-0.1956,-0.13901,0.12529,0.032233,-0.15102,-0.22508,0.010331,0.0099552,-0.16084,0.036102,0.24956,0.040846,-0.042048,-0.034148,-0.024367,-0.089108,0.60683
-0.13937,-0.16335,-0.17402,-0.23391,-0.30614,-0.22772,-0.10355,-0.010593,0.031441,0.0050922,-0.020639,0.013813,0.057679,0.062853,0.07169,0.062285,0.016395,-0.087256,-0.13363,-0.09456,-0.068884,-0.067126,-0.085423,-0.076472,0.067521,0.25653,0.2857,0.18392,0.017421,-0.14556,-0.031376,0.1432,0.22119,0.18388,0.18628,0.16729,0.087758,0.035838,0.01439,0.010502,0.044551,0.062166,0.11714,0.15835,0.10235,0.059292,-0.022164,-0.17465,-0.22669,-0.26316,-0.16431,-0.12203,-0.060605,0.076367,0.11975,0.092672,0.062201,0.07062,0.096942,0.11461,0.1198,0.12003,0.091574,0.068186,0.040554,0.0048963,0.010455,0.029187,0.096935,0.14849,0.1936,0.22854,0.17417,-0.050998,-0.25029,-0.28714,-0.22703,-0.12746,-0.13441,-0.18431,-0.18542,-0.17179,-0.15361,-0.10164,-0.071098,-0.088742,-0.091523,-0.080346,-0.074419,-0.033634,0.0043525,-0.0037823,-0.017929,-0.025932,-0.017644,-0.065487,-0.098162,-0.045252,0.063124,0.12899,0.34976,0.11973,0.014042,0.071427,0.1091,0.079635,-0.0067355,-0.039982,-0.024685,0.014241,0.033751,-0.013208,-0.01119,0.046109,0.082315,0.069171,0.0236,-0.0041441,-0.044965,-0.079095,-0.061273,-0.06209,-0.082763,-0.11333,-0.10924,-0.12078,-0.1486,-0.15076,-0.1275,-0.058695,-0.033854,0.097178,0.17912,0.009505,-0.16714,-0.15043,-0.054812,0.066149,0.15681,0.1577,0.069036,-0.018124,-0.0083921,0.14636,0.41121,0.47649,0.19749,-0.09984,-0.21017,-0.26123,-0.10263,0.27233,0.15768,-0.053066,-0.10811,-0.066193,0.0045739,0.032125,0.0068074,-0.029046,-0.064429,-0.065814,-0.003798,0.061349,0.081827,0.06975,0.057511,0.11815,0.17519,0.10071,0.088907,0.12254,0.11828,0.077885,0.073252,0.11789,0.15549,0.17571,0.089027,0.0081522,0.0027091,-0.025516,-0.0689,-0.069983,-0.019201,0.020542,0.031818,0.0040134,-0.028254,-0.047856,-0.056962,-0.087459,-0.14759,-0.23623,-0.28044,-0.17108,-0.086023,-0.060556,0.059356,0.16759,-0.43245,-1.595,-1.222,-0.70556,-0.94462,-0.522,1.8492,0.52417,-0.41355,-0.32147,0.10382,0.27758,0.34449,-0.36646,0.17399,-0.097906,-0.36655,0.041338,-0.42503,-0.159,0.47876,0.21492,0.21924,-0.047888,0.11868,-0.17019,0.12532,-0.016582,0.43868,0.29524,2.5305,1.1094,0.33255,-0.47431,-1.3839,0.43468,0.20095,0.21401,-0.92069,-0.39869,-0.4269,0.59246,0.18448,-0.020366,0.34736,0.49698,0.0016205,0.20288,-0.10956,-0.49529,0.18337,0.2808,0.082456,0.07264,0.20775,-0.2898,-0.13326,0.11004,-0.093328,-0.30726,2.4007,0.8901,0.65933,-0.97886,-0.13975,-0.54692,-0.44925,0.93883,0.32258,-0.064041,0.66018,0.36391,0.20554,-0.18066,-0.012286,0.11036,-0.10547,0.31669,-0.12689,-0.32826,0.030149,0.24115,0.17774,0.31493,0.23498,-0.15046,-0.025177,-0.43105,0.1249,-0.11214,-0.019382,1.6219,-0.2215,0.54743,-0.18617,0.41187,-0.029964,-0.63492,-0.71199,-0.1559,-0.88209,-0.27875,-0.45916,0.21311,0.25378,-0.063239,0.23872,0.24706,0.41885,-0.19668,-0.40956,-0.14863,-0.14255,0.18919,0.3371,0.42681,0.004783,0.027313,-0.135,0.35857,3.2154,-0.88599,0.11298,0.31543,-0.023894,1.1345,-0.04397,-0.63965,-0.89359,-0.50179,-0.11847,0.03881,0.28382,0.57573,0.34072,0.20815,0.51085,0.35827,0.050931,0.072902,-0.4175,0.011694,0.39699,-0.34762,-0.28868,-0.17561,-0.031118,0.023307,-0.32431,0.035406,-0.064563,1.7487,-0.10295,0.41066,-0.048428,-0.84572,0.26257,-0.90252,0.52601,0.48025,0.07817,-0.13395,-0.4487,-0.56934,0.19719,0.24538,-0.24349,0.1461,0.22608,-0.23134,-0.30481,-0.2189,0.53695,0.068261,0.14562,-0.49196,-0.42184,-0.045528,0.0079124,0.055885
-0.14612,-0.21569,-0.12475,0.036001,0.080302,0.066482,0.034406,0.077296,0.12932,0.11317,0.083959,0.065052,0.053012,0.059112,0.087928,0.085091,0.034425,-0.026722,-0.063702,-0.11405,-0.13853,-0.093223,-0.034653,-0.04286,-0.071419,-0.041072,0.0057741,0.035967,0.028591,0.1893,0.36112,0.3405,0.21211,0.024761,0.030045,0.0070832,-0.04582,-0.091695,-0.060807,-0.0088997,-0.023316,-0.047809,-0.067698,-0.019012,0.054892,0.019528,-0.085188,-0.10753,-0.042176,0.33934,0.30331,0.028039,-0.1067,-0.0075746,-0.032873,-0.085119,-0.082848,-0.086841,-0.083754,-0.071948,-0.069182,-0.072216,-0.058566,-0.045751,-0.033261,-0.051468,-0.08057,-0.059946,-0.040643,-0.02456,0.067506,0.082664,0.043997,-0.017959,-0.076966,-0.088872,-0.060075,-0.031265,-0.048102,-0.10796,-0.13808,-0.079638,0.065781,0.1476,0.11462,0.068465,0.042172,0.030829,0.024121,0.031041,0.054353,0.093356,0.11593,0.0011488,-0.10662,-0.093678,-0.085845,-0.084995,0.01957,0.10363,0.53189,0.25031,-0.011246,-0.075169,-0.10201,-0.11044,-0.060818,0.0030242,-0.016522,-0.024546,-0.007356,-0.0049219,-0.016155,0.031213,0.0989,0.088791,0.03667,-0.012861,-0.042378,-0.033877,-0.0052427,0.035245,0.077376,0.093708,0.081703,0.059005,0.050837,0.0504,0.012993,-0.043369,-0.20464,-0.15643,-0.016695,0.022673,-0.14598,-0.11391,-0.057439,-0.020316,-0.013649,-0.072483,-0.13001,-0.14959,-0.11472,-0.011956,0.066699,-0.0050358,-0.12867,-0.12737,-0.019701,0.28681,-0.088421,-0.23736,0.24946,0.13079,-0.018529,-0.15281,-0.13466,-0.079721,-0.020088,0.018209,0.012261,0.019422,0.056388,0.074034,0.058243,0.0037838,-0.067671,-0.026774,0.01101,0.012388,0.05907,0.01762,-0.012225,0.0091942,0.036468,0.072071,0.053507,-0.019292,-0.045385,-0.020305,-0.016047,-0.076708,-0.09735,-0.067394,-0.063059,-0.029553,-0.010416,-0.016895,-0.0038489,0.050885,0.11438,0.14929,0.11685,0.076016,0.036366,0.0026307,-0.02836,-0.044015,0.076105,0.19787,-0.2462,-1.9949,-1.3682,-0.12967,0.34058,-0.24003,0.3076,0.082503,-0.17478,0.039512,0.83563,-0.13554,0.022205,0.15748,-0.17754,-0.11128,-0.26042,0.48241,0.10568,0.0025571,0.18324,-0.013051,0.18496,-0.34793,0.11623,-0.17165,0.3064,0.015883,0.35339,-0.063423,2.3349,0.90138,0.56212,0.018333,-1.4014,0.18243,-0.17402,0.13326,-0.39065,-0.062625,-0.035042,0.232,-0.60353,0.16962,-0.079846,0.064511,-0.092804,0.52873,-0.33273,-0.094323,0.19407,0.13536,-0.1613,0.20336,0.021188,0.12371,0.038561,0.097929,-0.016747,-0.27862,2.1308,0.74262,0.041661,-0.81295,-0.12916,0.03099,-0.24099,-0.083342,0.13941,0.1957,0.0069896,-0.6094,0.093872,-0.2546,-0.2443,0.038164,0.15584,0.4482,-0.055161,-0.1213,0.19502,-0.12397,-0.17402,-0.02934,0.16638,0.2821,0.162,-0.27389,0.32387,-3.807e-05,-0.20641,1.2112,-0.56786,0.59692,-0.11992,0.15595,0.58595,0.039517,-0.073906,0.47131,0.16689,-0.1363,0.18033,-0.063942,0.30262,-0.18472,-0.020025,0.22632,-0.32314,-0.0024887,-0.068647,0.30549,0.19003,-0.17673,-0.014804,-0.018366,-0.0084849,0.23067,-0.066095,0.02811,2.908,-0.81822,-0.035658,-0.020543,-0.76953,0.2398,-0.30258,0.26586,0.16781,0.26442,-0.22131,0.17082,-0.10289,0.28548,-0.20798,0.29552,-0.11391,-0.24076,-0.39675,0.42351,-0.24574,0.012153,0.091548,-0.00011297,0.063962,0.006929,-0.2474,-0.082708,-0.19431,0.043597,-0.12982,1.3816,0.29368,0.24777,-0.071124,-0.51823,0.26488,-0.29966,0.13773,0.22452,-0.12541,-0.10716,0.24496,0.18854,0.046056,0.20352,0.19706,-0.2279,-0.20045,-0.27818,0.34236,-0.06795,0.16307,-0.14039,-0.18584,0.12442,0.12488,-0.15627,-0.00049786,0.29281
-0.21191,-0.20028,-0.24141,-0.29673,-0.33794,-0.23008,-0.059191,0.048782,0.099652,0.10854,0.090533,0.077739,0.075496,0.072712,0.075906,0.063766,0.015645,-0.015862,-0.021562,0.027772,0.11696,0.16223,0.12925,-0.033711,-0.21375,-0.31962,-0.28787,-0.14529,-0.10193,-0.054806,0.16264,0.32666,0.29533,0.15857,0.15437,0.090128,-0.0084785,-0.076773,-0.08719,-0.074581,-0.076117,-0.085719,0.019432,0.11001,0.10035,0.084918,0.1117,0.12529,-0.011098,-0.11053,-0.016212,0.010754,0.044775,0.044863,-0.0082766,-0.024637,-0.05778,-0.090102,-0.092571,-0.093673,-0.097249,-0.092533,-0.049137,-0.010635,-0.018744,-0.043065,-0.050177,0.0033303,0.1082,0.14137,0.15775,0.12333,0.025694,-0.06744,-0.048603,0.10685,0.25468,0.24138,0.062407,-0.1243,-0.19245,-0.17321,-0.11757,-0.050233,-0.014256,0.015755,0.035398,0.031014,0.029932,0.028278,0.024922,-0.009975,-0.036105,-0.024685,-0.056227,-0.070357,-0.026038,0.068739,0.22017,0.286,-0.042865,-0.035013,0.053071,0.13524,0.15883,0.10827,-0.029301,-0.089577,-0.030145,-0.0042168,-0.025328,-0.010568,0.040831,0.077405,0.043064,-0.019884,-0.061392,-0.072509,-0.047787,0.013207,0.086251,0.11204,0.066723,0.061234,0.039836,-0.038243,-0.0311,0.029017,0.070153,0.10321,0.043951,0.082086,0.022093,-0.17596,-0.23618,-0.099254,0.03309,0.10732,0.080827,0.0047082,-0.026618,-0.051529,-0.14748,-0.163,-0.010525,0.13434,0.072693,-0.023235,-0.083845,-0.10486,0.045196,0.14642,0.02123,-0.092108,-0.10827,-0.084808,-0.095216,-0.096974,-0.06738,-0.072528,-0.08462,-0.05192,0.093234,0.27439,0.34555,0.29658,0.2443,0.25255,0.14658,0.015506,-0.0059835,-0.015064,-0.012097,0.0091966,-0.011569,-0.070467,-0.085249,-0.072708,-0.045535,0.010343,0.088941,0.12019,0.051564,-0.034495,-0.086361,-0.06709,-0.017101,-0.0053501,0.003868,0.013963,0.012034,0.02073,0.018251,-0.049339,-0.083022,-0.056044,-0.051954,-0.018335,0.10617,0.20613,-0.34765,-1.9977,-1.5283,-0.26977,0.15467,0.16881,0.20988,0.68888,-0.049344,0.019291,0.53104,-0.45468,-0.49757,0.099917,0.10487,-0.17086,0.26196,0.35693,0.25291,-0.66516,0.042399,-0.22767,-0.14782,0.20093,-0.27497,-0.065449,-0.23416,-0.13057,-0.029948,-0.3394,2.7813,0.89391,0.53872,-0.34261,-0.90541,0.21907,0.21933,-0.40047,-0.56684,0.16719,-0.48976,0.30244,-0.18544,0.24956,0.11337,0.19078,0.12319,0.32368,-0.42857,0.14152,0.14343,0.023968,0.49194,-0.085618,-0.28829,-0.089651,-0.10359,0.11266,-0.12344,-0.35014,2.4239,0.84297,0.43626,-0.90799,-0.37606,0.18132,0.17782,0.36711,0.62411,-0.38332,0.42822,-0.21448,-0.62064,-0.16106,-0.19798,-0.077991,0.16986,-0.046231,0.15263,-0.22121,-0.51001,-0.39766,-0.10227,0.16897,0.34855,-0.1589,0.21552,0.033047,0.31739,0.12564,-0.0054252,1.4489,-0.66489,0.75823,-0.23715,0.17442,-0.44394,0.17475,-0.31774,-0.2214,-0.44346,-0.13899,-0.25053,0.31991,0.31177,0.11089,0.071294,0.092813,-0.57738,-0.27383,-0.21577,-0.16216,0.0051551,-0.47937,0.1275,0.028439,-0.064498,-0.21506,0.014431,0.12692,3.2356,-1.0136,0.19473,0.244,-0.46022,-0.12365,-0.10438,-0.35415,0.057917,0.68614,-0.036812,0.58858,-0.154,0.74988,-0.084778,-0.14303,-0.11146,0.11091,-0.0083984,0.22184,-0.30591,0.20381,0.19379,0.41146,-0.33108,0.068699,-0.40667,0.19078,-0.2006,-0.15208,-0.0079281,1.394,0.25267,0.29197,-0.34373,-0.2449,-0.26128,-0.57898,0.35388,0.47966,0.2798,0.152,0.090216,-0.48671,0.20265,-0.052643,0.071402,-0.22123,-0.43074,-0.082367,0.23325,0.068061,0.031302,0.15621,0.16145,0.44841,0.19809,0.34166,0.097711,0.18514
0.02353,0.26227,0.65207,0.64661,0.31176,0.05559,0.0043248,-0.041054,-0.090827,-0.071531,-0.031975,-0.038494,-0.052278,-0.068824,-0.031175,-0.00056118,-0.039477,-0.05643,-0.038779,-0.011486,0.029303,0.070252,0.060519,0.0068822,-0.05093,-0.025243,0.011825,-0.0072373,0.040171,0.12672,-0.12926,-0.3522,-0.30782,-0.3674,-0.19025,-0.0087565,0.026885,0.011841,-0.045016,0.027623,0.099977,0.075942,0.058645,0.041412,0.00245,-0.0078011,-0.030177,-0.17125,-0.3075,-0.22564,-0.068211,-0.09424,-0.098488,-0.12865,-0.13821,-0.05259,0.00088947,0.047949,0.074417,0.098172,0.078465,0.022626,0.0067965,-0.090968,-0.19101,-0.16963,-0.1523,-0.12435,-0.021333,0.090842,0.14636,0.14917,0.093237,-0.083676,-0.32973,-0.27306,0.13597,0.39824,0.44803,0.41926,0.24134,0.028406,-0.034038,0.0099066,0.033537,0.025033,0.011391,-0.03602,-0.078631,-0.080383,-0.081123,-0.062144,-0.0082098,0.023719,0.0037909,-0.048279,-0.050756,0.048523,0.16532,0.20996,0.19899,-0.047819,-0.10949,-0.11238,-0.11928,-0.087313,-0.098892,-0.068042,0.012047,0.068664,0.054364,-0.020944,-0.076251,-0.055926,-0.02799,-0.043941,-0.067318,-0.063799,-0.038823,-0.0023259,0.045062,0.071743,0.045416,-0.034493,-0.11449,-0.037556,0.050018,0.051648,0.061832,0.11252,0.22427,0.5821,0.73622,0.34579,0.0061308,-0.1222,-0.19882,-0.2215,-0.1833,-0.12589,-0.082109,-0.04551,-0.0041263,0.015883,0.012628,-0.016045,-0.063407,-0.16132,-0.24652,-0.21607,0.018468,0.17823,0.27193,0.37969,0.37274,0.22815,0.091742,0.077244,0.1103,0.13409,0.046581,-0.050243,-0.093047,-0.071017,-0.081515,-0.22902,-0.33633,-0.24348,-0.10951,-0.05166,-0.01739,-0.014413,-0.013866,-0.1172,-0.15397,-0.1187,-0.12301,-0.10127,-0.11128,-0.11744,-0.10536,0.0030518,0.079159,0.0087892,-0.02255,-0.01658,-0.0018903,-0.0022424,0.0030836,0.021622,0.024014,0.043526,0.089553,0.16202,0.16055,0.066459,0.015505,0.056286,0.16784,0.25996,-0.99409,-2.2926,1.1395,-0.88166,-0.37545,-0.29508,1.4282,0.18274,-0.82028,0.38055,0.65189,0.76644,-0.062409,0.05755,-0.10532,-0.14745,-0.68171,-0.35206,-0.052145,-0.056699,-0.8253,0.0027247,0.47004,-0.30438,-0.1097,-0.57794,0.21646,0.15379,0.093255,0.058768,2.5062,0.77466,2.3426,0.42246,-1.732,0.084303,0.27603,0.62904,-0.30258,-0.14941,0.11885,0.05408,-0.069187,0.02685,0.27443,-0.15354,0.10375,-0.50543,0.016437,-0.60931,0.25158,0.61977,-0.40393,-0.62658,0.24377,-0.067333,0.017375,0.22465,-0.06886,-0.29802,2.132,1.9383,-0.19113,0.43487,-0.080554,0.60788,-0.84753,0.048575,0.040722,0.18521,-0.02501,0.36956,0.2258,0.23241,-0.19531,0.82918,-0.35453,0.40174,0.013798,-0.24428,-0.33824,0.36753,-0.21293,0.1726,0.36195,0.5384,-0.18732,-0.13913,-0.021014,0.17451,0.1611,0.77263,-2.2815,-0.59005,-0.43593,0.2636,0.56725,-0.17517,-0.35385,0.19783,-0.31145,0.71136,0.25193,-0.24933,-0.40824,-0.046818,0.7549,-0.10024,-0.17975,-0.5592,0.034011,0.23845,-0.74688,0.095114,0.20385,-0.043321,0.2057,-0.41149,-0.13124,-0.063809,2.0999,0.7758,-1.942,-0.88793,-2.1859,0.26149,-1.4308,0.44826,0.36665,0.74075,0.10412,0.32363,0.49715,-0.11114,-0.3059,0.75178,0.64374,-0.33129,-0.45754,0.38059,-0.5461,0.29654,-0.049318,-0.21579,0.16489,-0.13788,0.14762,-0.45135,-0.2977,0.042192,0.037956,1.4473,1.8118,0.20328,0.93856,-0.3434,0.21669,-0.56392,-0.24474,-0.033473,-0.32816,0.014804,-0.11422,0.12781,-0.55942,-0.046671,-0.29259,0.36907,0.73251,0.18892,-0.4254,0.20018,0.40025,0.12011,-0.21585,0.099719,0.071483,0.019441,-0.028341,0.20058
-0.11126,-0.10049,0.11198,0.32243,0.32633,0.20546,0.12997,0.089976,0.020814,-0.01016,-0.0053931,-0.019172,-0.028235,-0.040581,-0.047047,-0.048488,-0.044759,-0.062613,-0.090423,-0.069546,-0.032857,-0.012036,-0.036704,-0.08231,-0.069533,0.044695,0.1778,0.24362,0.24014,0.13003,-0.025945,0.052929,0.14278,0.080131,-0.046382,-0.14622,-0.19092,-0.17379,-0.11075,-0.058468,-0.04726,-0.052095,-0.064119,0.054849,0.14174,0.10645,0.071011,-0.016492,-0.058889,-0.0006868,0.021775,0.021605,-0.042294,-0.13305,-0.12237,-0.03895,0.0066039,0.0062207,0.0046059,0.0065538,0.0057393,0.015842,0.048265,0.060702,0.037925,-0.018903,-0.050295,-0.011448,0.07952,0.089759,-0.05366,-0.13135,-0.14879,-0.13589,-0.10237,-0.042768,0.057616,0.11402,0.021231,-0.11398,-0.16054,-0.11965,-0.052765,-0.034293,-0.020726,0.0022463,0.010331,0.02273,0.030197,0.027967,-0.023141,-0.066165,-0.10734,-0.092887,0.010479,0.051595,0.072579,0.11591,0.13912,0.13167,0.40011,0.28409,0.033452,-0.065821,-0.091179,-0.13242,-0.19584,-0.23508,-0.20538,-0.092764,-0.0013716,0.00023442,-0.00099324,0.012755,0.03689,0.055928,0.016288,-0.049262,-0.071669,-0.057465,-0.026548,-0.010407,0.021281,0.0075334,-0.036382,-0.039588,-0.091265,-0.16092,-0.17071,-0.11917,0.069826,0.30944,0.21284,0.10711,0.10639,0.13152,0.15822,0.16834,0.11724,0.022211,-0.028626,-0.037672,-0.020118,-0.043867,-0.042511,0.01674,0.019095,-0.073594,-0.12002,-0.060093,-0.046306,-0.085709,0.036133,0.12585,0.0599,-0.076838,-0.1177,-0.091139,-0.069242,-0.084504,-0.090123,-0.034526,0.069053,0.1109,0.038185,-0.04256,-0.078264,-0.04467,0.08507,0.040198,-0.029462,-0.0083554,0.0047284,0.015815,0.032289,0.014354,-0.0025099,0.019891,0.056566,0.10609,0.12137,0.075549,-0.0051626,-0.042133,0.01171,0.06877,0.051834,0.0077218,-0.038267,-0.051386,-0.014828,-0.0040472,0.013842,0.049007,0.090997,0.092727,0.078229,0.088516,0.14047,0.19803,-0.3641,-2.3819,-1.308,-0.42679,0.035662,-0.17499,0.36579,-0.27956,-0.052589,-0.19905,0.58837,-0.29175,-0.16176,0.39775,-0.50546,0.065718,0.22263,-0.034395,0.11106,-0.15372,0.26577,-0.14908,0.13594,-0.20597,-0.10427,-0.17343,0.055188,0.3033,0.051874,-0.30492,2.705,0.82878,0.99006,-0.16121,-1.4914,0.36374,-0.1891,0.69918,-0.36124,0.085325,-0.12049,0.49106,-0.52735,0.17456,0.093926,0.23503,0.3787,0.0040659,-0.090394,-0.025083,0.25068,0.25101,-0.083705,-0.45302,-0.093998,0.071191,0.087362,0.35352,0.18663,-0.26569,2.1166,1.0934,-0.043661,-0.56465,-0.79591,-1.2734,-0.77631,-0.16753,0.24128,0.083247,-0.033494,-0.20607,-0.051888,-0.28174,-0.057339,0.30544,-0.52174,0.10525,-0.017168,-0.1211,-0.33102,-0.074021,-0.43662,0.016814,-0.02174,0.32586,0.079614,-0.032357,0.047145,0.0083498,-0.040442,1.2776,-1.021,0.23705,0.00077328,0.7498,0.67353,-0.17858,-0.54544,-0.32814,-0.43601,0.081003,-0.33154,-0.002875,-0.1705,0.00026334,0.081209,-0.35913,-0.36793,0.0053865,-0.1164,-0.044448,-0.18377,-0.27371,-0.028434,-0.20133,0.15526,0.090896,-0.38443,0.019785,3.1232,-1.0452,-0.25252,0.15924,-0.0014775,0.68926,-0.16911,0.43944,-0.23723,0.38246,-0.094814,0.13035,0.1196,0.098673,-0.12847,-0.33185,0.33487,-0.060121,0.17479,0.14276,-0.12134,-0.20128,-0.042325,-0.1656,-0.11895,-0.36984,-0.055424,0.047788,-0.053363,-0.11337,-0.23394,1.4817,0.54582,0.32068,0.13302,-1.0008,0.18653,-0.32977,-0.0017227,0.19195,-0.30322,-0.016995,-0.19451,0.090649,-0.17911,0.1784,-0.19078,-0.16754,0.24476,0.30399,-0.21655,0.067014,0.15736,0.2491,0.12309,0.034545,0.19558,0.033447,-0.002017,0.478
-0.15457,-0.15124,-0.10929,-0.039688,-0.014809,-0.022059,-0.037604,0.0083278,0.050841,0.078896,0.088975,0.069541,0.057646,0.047863,0.042135,0.053079,0.044632,-0.013273,-0.063574,-0.063972,-0.028349,0.0067802,0.0021567,-0.040718,-0.093795,-0.13342,-0.14822,-0.18105,-0.20752,-0.16367,0.049964,0.20285,0.24805,0.26313,0.12614,-0.062703,-0.068457,-0.0068037,0.021366,0.011517,-0.021729,-0.05334,-0.016817,0.027534,0.054644,0.045908,-0.068033,-0.19949,-0.16288,0.007541,0.055915,-0.016273,-0.10798,-0.086465,-0.0036007,0.019248,-0.0081638,0.010186,0.015566,0.00016475,-0.00015745,-0.028433,-0.030188,-0.040373,-0.051527,-0.030638,-0.028613,-9.08e-05,0.092545,0.028609,-0.070451,-0.037629,-0.052575,-0.023826,0.027877,0.070008,0.10875,0.07206,-0.017361,-0.11109,-0.13789,-0.10974,-0.023286,0.063544,0.083749,0.071648,0.04774,0.030305,0.022386,0.016113,0.0052879,0.00078991,0.0066806,0.03688,0.031428,0.010793,-0.015037,-0.14519,-0.2716,-0.31523,0.1984,0.18045,0.072394,-0.018385,-0.038538,0.025746,0.09046,0.023782,-0.06212,-0.070134,-0.03515,-0.0313,-0.023118,-0.0046253,0.01322,0.038436,0.036215,-0.0098867,-0.049962,-0.053452,-0.021404,0.0092079,-0.0056332,-0.075316,-0.14503,-0.1778,-0.1818,-0.071531,0.059838,0.12667,0.045771,-0.15841,-0.22133,-0.15522,0.15232,0.3052,0.2968,0.12247,-0.10964,-0.17916,-0.20441,-0.18695,-0.1301,-0.030978,0.081255,0.10759,-0.032003,-0.16721,-0.13139,0.029446,0.11587,0.12349,0.14906,0.095938,0.038386,0.056366,0.14474,0.19164,0.11897,0.003255,-0.079901,-0.14901,-0.14648,-0.092528,-0.03803,0.012365,0.098298,0.20802,0.21705,0.069333,0.046729,0.071696,0.037806,0.018196,0.044308,0.076032,0.10189,0.017896,-0.048873,-0.014258,-0.013422,-0.056509,-0.049577,-0.030696,-0.070808,-0.07814,-0.057721,-0.031871,-0.040117,-0.082878,-0.11195,-0.11521,-0.11767,-0.13854,-0.0048251,0.10353,0.037067,-0.059429,-0.13631,-0.17204,-0.37245,-2.3951,-2.1952,-0.47684,0.31761,0.017764,-0.071286,0.29988,0.24452,0.19293,0.5225,-0.22671,-0.34473,0.16444,0.16409,-0.082382,-0.10754,-0.13642,0.44192,-0.042454,-0.057953,-0.23491,-0.24232,0.0031586,-0.11446,0.28499,0.095392,0.03236,-0.23122,-0.33253,2.5016,1.3848,0.55771,-0.92142,-1.1235,0.15489,0.10294,0.12072,-0.3602,0.21933,-0.25114,0.30368,-0.48392,0.061303,-0.19366,0.10333,0.18292,0.46558,-0.15957,0.00019949,-0.070584,0.037478,0.012336,-0.32953,0.19721,0.075531,-0.06039,0.012743,0.061945,-0.41927,2.0571,1.2088,0.75736,-1.4056,0.345,-0.22418,0.054607,-0.20893,-0.031488,0.0046839,-0.42837,-0.22751,-0.75907,-0.54564,0.076032,0.21361,-0.33671,-0.068527,-0.28263,-0.22,-0.23366,0.21445,-0.16271,0.17918,0.25262,-0.049081,0.13679,-0.006695,0.17416,0.22397,-0.022817,2.1174,-0.36976,0.93112,-0.046313,0.42007,0.14725,0.081215,-0.22193,-0.25093,-0.083514,0.051809,-0.18547,0.0098212,0.25831,-0.36366,-0.36708,0.24497,-0.088282,-0.23134,-0.37094,-0.32147,-0.44383,-0.15439,-0.043409,0.54331,0.11757,-0.23062,-0.086889,0.30254,2.8583,-1.5193,0.16319,0.6301,-0.23668,0.44581,0.027835,-0.1773,-0.10216,0.00034309,0.040525,0.29793,-0.20284,0.1431,0.31052,-0.25622,-0.21332,-0.052762,0.062088,-0.058388,-0.25677,-0.0020857,0.28975,-0.36961,-0.23365,-0.032928,0.085374,0.026121,0.092181,-0.12349,0.050011,2.3234,0.051239,0.41169,-0.44042,-0.65894,0.097873,-0.40506,0.058262,0.070757,-0.057313,0.071394,0.10987,-0.041177,0.1742,0.15929,0.056054,-0.42143,-0.31764,0.0095916,-0.28519,0.16738,0.051767,0.37121,0.21764,-0.11324,-0.29692,0.1085,0.11695,0.12039
-0.040178,-0.011491,0.05968,0.15675,0.10768,0.014467,0.022733,0.084801,0.1232,0.11455,0.088475,0.066427,0.049234,0.069048,0.11014,0.10057,0.054958,-0.050336,-0.15806,-0.17939,-0.14712,-0.1085,-0.080742,-0.11408,-0.19199,-0.24111,-0.23887,-0.15116,-0.013795,0.12001,0.24151,0.30085,0.34419,0.23198,0.032667,-0.082647,-0.16588,-0.17988,-0.1299,-0.078334,-0.056502,-0.049722,-0.064219,-0.096236,-0.13809,-0.045749,0.045997,0.016676,0.47216,0.40962,-0.21191,-0.17176,-0.16026,-0.1305,-0.1292,-0.11336,-0.058389,-0.0089893,0.0098003,0.014676,0.0076277,-0.011366,-0.035418,-0.035478,-0.017892,-0.029005,-0.038462,-0.00066183,-0.009835,-0.053295,0.014429,-0.020066,-0.076775,-0.1004,-0.11402,-0.1006,-0.12735,-0.12629,-0.093592,-0.10868,-0.12464,-0.065227,0.033975,0.10787,0.13898,0.12311,0.077765,0.037384,0.029599,0.038174,0.040668,0.050652,0.061698,-0.01885,-0.070593,-0.032792,-0.026177,-0.04165,-0.068989,-0.091931,-0.012934,-0.0036518,-0.027838,-0.074884,-0.072851,-0.064394,-0.052238,-0.0070997,-0.015003,-0.046455,-0.037543,-0.022007,-0.026744,-0.0029872,0.042149,0.028853,-0.01099,-0.070852,-0.15403,-0.20094,-0.1742,-0.12161,-0.082493,-0.003476,0.024923,-0.010518,-0.012758,0.021404,0.062682,0.05965,-0.047582,-0.032672,-0.015656,0.001224,0.074681,0.10108,0.14546,0.16907,0.16008,0.14095,0.10722,0.017342,-0.091985,-0.15292,-0.13859,-0.096307,-0.067885,-0.064799,0.35471,0.33815,-0.23229,-0.088835,0.14946,0.14134,0.076521,0.014613,-0.012576,-0.053863,-0.059649,-0.050484,-0.093258,-0.13082,-0.064152,0.060972,0.15516,0.17544,0.149,0.10569,0.0055588,-0.0080072,0.050714,0.018079,-0.0068435,0.013496,0.038187,0.072769,0.014507,-0.041345,-0.028083,-0.020385,-0.026878,-0.034659,-0.033918,-0.081328,-0.1444,-0.15879,-0.11318,-0.031697,0.037178,0.052533,0.033566,0.016502,-0.013723,0.028443,0.078053,0.078435,0.03823,-0.0095069,-0.017642,-0.0012291,-0.16657,-1.9362,-1.7625,-0.41598,0.10124,-0.35385,0.68663,-0.033382,-0.24256,0.10974,0.64171,-0.089808,0.26698,0.042377,-0.45428,-0.65348,-0.20665,0.25263,0.32218,-0.20141,-0.18828,-0.15316,0.01285,-0.26796,-0.079502,-0.099341,0.066154,0.17089,0.46846,-0.016356,2.4465,0.96012,0.55628,-0.75027,-1.3935,-0.056937,0.18797,0.52645,-0.31242,0.16615,-0.15998,0.24277,-0.60381,0.22162,-0.3448,-0.082333,-0.14798,0.17189,-0.14068,0.21364,0.15623,-0.059,0.0091724,0.04246,-0.22971,-0.012502,-0.053951,0.058721,0.077593,-0.32466,2.1288,0.73517,0.57503,-1.146,0.14199,0.42454,-0.49897,0.1624,-0.074754,0.19793,-0.13017,-0.63443,0.20854,-0.086092,-0.17791,-0.077469,0.29689,0.1028,0.020022,-0.025722,-0.12164,-0.38325,-0.36249,0.20596,-0.11756,0.20981,0.22426,-0.18428,0.21117,-0.31316,-0.14489,1.6586,-0.38537,0.70262,0.085513,0.34536,0.50772,-0.16238,-0.18861,-0.14408,-0.039182,0.067627,0.044919,-0.43992,0.11134,0.11783,-0.28645,0.25308,-0.33936,0.21526,-0.29416,0.30576,0.0077351,-0.31382,-0.024152,-0.26049,-0.11373,-0.28468,-0.12718,-0.10216,2.8075,-1.1,0.21357,0.23091,-0.4356,0.56327,-0.21773,0.13092,0.26536,0.46336,-0.12583,0.25428,-0.15681,0.07112,-0.36253,0.21174,-0.21346,-0.40493,-0.29017,0.24933,-0.010086,0.34361,-0.04994,0.12628,0.005987,-0.17969,-0.18201,-0.022366,-0.057244,-0.044601,-0.021737,1.6081,0.062623,0.37175,-0.4795,-0.71676,0.20072,-0.67882,-0.1874,0.0084567,0.09585,-0.054641,0.17893,0.28396,-0.1276,0.28744,-0.080603,-0.48819,-0.39752,-0.12967,0.015692,0.042134,0.28098,-0.045265,-0.033667,0.37091,0.33297,-0.25406,-0.10717,0.2274
-0.11776,-0.037353,0.1231,0.17478,0.061334,0.014533,0.03314,0.069895,0.11023,0.1111,0.092663,0.070429,0.053522,0.077046,0.11431,0.097175,0.051868,-0.048237,-0.15239,-0.16562,-0.12243,-0.08384,-0.077664,-0.13893,-0.21338,-0.23245,-0.1899,-0.066723,0.048414,0.12383,0.22506,0.21189,0.23027,0.25301,0.12651,-0.072457,-0.22931,-0.30131,-0.25742,-0.15559,-0.095262,-0.078299,-0.076664,-0.097242,-0.14477,-0.065804,0.033553,0.01327,0.040522,0.38583,0.37147,0.072402,-0.14888,-0.060517,0.013322,0.063683,0.039954,-0.047098,-0.091072,-0.091192,-0.098131,-0.102,-0.084542,-0.053528,-0.03603,-0.039306,-0.039224,0.0032355,0.030943,0.016744,0.077965,0.010389,-0.088398,-0.13333,-0.14595,-0.1114,-0.096898,-0.083484,-0.085258,-0.13539,-0.15511,-0.077773,0.045821,0.12677,0.14839,0.12657,0.081169,0.039398,0.02804,0.03515,0.034434,0.041401,0.057264,0.04626,-0.012217,-0.012652,0.0055888,-0.087792,-0.16911,-0.18796,-0.074806,-0.02962,-0.041609,-0.077611,-0.067971,-0.018938,0.0058443,0.016021,0.011862,-0.04171,-0.065112,-0.057328,-0.029177,0.022141,0.055523,0.026652,-0.014927,-0.06897,-0.14519,-0.17758,-0.13428,-0.084061,-0.071752,-0.017921,0.013284,-0.0067425,0.0018635,0.031671,0.060197,0.047815,-0.11446,-0.19417,-0.20049,-0.11731,0.017533,0.087038,0.16046,0.22144,0.24192,0.21949,0.1887,0.14655,0.065557,-0.036785,-0.088279,-0.069771,-0.017043,-0.015041,0.044037,0.3408,-0.087649,-0.32844,0.20977,0.094514,0.013574,-0.035116,-0.057948,-0.053048,-0.051556,-0.084873,-0.12026,-0.11261,-0.06538,0.032275,0.14956,0.17361,0.14701,0.15115,0.088011,0.042519,0.074432,0.022194,-0.0051352,0.017195,0.040908,0.071984,0.0042984,-0.057478,-0.03394,-0.011312,-0.013691,-0.030141,-0.043884,-0.095593,-0.15331,-0.16863,-0.13314,-0.05887,0.023811,0.051344,0.024246,-0.0010326,-0.022635,-0.027693,0.029591,0.09206,0.062152,0.0063593,0.0037701,0.023217,-0.17664,-1.7728,-1.9538,-0.36514,0.20884,-0.274,0.48309,0.00010912,-0.12722,0.23393,0.72598,0.029507,0.20295,0.075127,-0.4137,-0.71155,-0.4561,0.30931,0.17259,-0.22401,0.22812,-0.024916,-0.20187,-0.31926,-0.077928,-0.11354,0.0020441,0.28926,0.34862,-0.082338,2.3989,0.98954,0.4231,-0.86665,-1.3762,-0.036817,0.088697,0.40932,-0.20183,0.18927,0.0062618,0.33804,-0.65641,0.23621,-0.37726,-0.0071693,0.0035326,0.14098,-0.065359,0.16513,0.1806,-0.16562,0.0081841,0.055634,-0.23915,0.018427,-0.061727,-0.032323,0.03426,-0.37425,2.2326,0.56066,0.64141,-1.2392,0.040695,0.40801,-0.30326,-0.018446,-0.091114,0.24944,-0.16712,-0.75385,0.21126,-0.033148,-0.25255,-0.043399,-0.072881,0.32368,-0.14581,0.066197,0.079423,-0.35291,-0.30295,0.15921,0.091005,0.091389,0.27374,-0.064833,0.44706,-0.10074,-0.066072,1.7029,-0.22893,0.74017,0.13072,0.31658,0.4696,0.0069826,-0.18376,-0.2137,-0.0050842,0.10625,0.099031,-0.5382,0.089648,-0.018315,-0.34175,0.25384,-0.43975,0.3133,-0.25661,0.32162,0.16159,-0.25618,-0.19583,-0.25364,0.049266,-0.092491,-0.14419,-0.047122,2.7631,-1.1314,0.30179,0.33552,-0.65812,0.41807,-0.20109,0.11963,0.32751,0.37939,-0.14944,0.18377,-0.20568,-0.089607,-0.25904,0.13323,-0.11835,-0.54943,-0.18735,0.2443,-0.051034,0.34145,-0.021765,0.12266,0.02938,-0.17501,-0.25225,-0.012686,-0.11314,-0.082079,-0.01609,1.8137,-0.056531,0.39454,-0.46328,-0.70318,0.22854,-0.53063,-0.2158,-0.010142,-0.033609,0.079037,0.19254,0.40843,-0.14487,0.21565,-0.13711,-0.54731,-0.32857,0.10171,-0.0065748,-0.10856,0.028543,0.0087631,0.059488,0.33478,0.13666,-0.33003,-0.033933,0.076851
0.40478,0.51297,0.47377,0.41198,0.31882,0.10667,-0.030364,-0.029255,-0.0084542,0.0099229,0.003784,-0.014739,-0.02158,-0.027888,-0.045423,-0.073473,-0.082466,-0.075906,-0.082551,-0.064929,-0.037152,-0.016059,-0.035448,-0.043997,0.017737,0.098445,0.19628,0.20031,0.12154,0.031416,-0.0089033,0.012034,0.0077517,-0.083648,-0.26489,-0.32559,-0.25724,-0.17442,-0.09064,-0.024826,-0.018275,-0.041025,-0.061681,-0.084502,-0.0085194,0.054286,0.030037,0.0063847,0.031804,0.072741,0.077841,0.045525,-0.014824,-0.088805,-0.14479,-0.10539,-0.047853,-0.01988,-0.05981,-0.097745,-0.079032,-0.07476,-0.086587,-0.11147,-0.12274,-0.10332,-0.033732,0.0082717,-0.00079696,0.04121,0.086032,0.072864,0.013928,0.023514,0.10907,0.16372,0.14859,0.083998,0.0064638,-0.035348,-0.01794,0.0013644,-0.0057928,-0.0039626,0.011219,0.020291,0.018327,0.020885,0.024425,0.02442,0.022897,0.025575,0.022274,0.030069,0.034628,0.0084437,0.043313,0.15572,0.15306,0.077299,-0.48095,-0.37913,-0.20245,-0.12604,-0.079879,-0.02954,-0.0063789,-0.056913,-0.032259,-0.027789,-0.093348,-0.049103,0.054961,0.08839,0.064773,0.034995,-0.020338,-0.060606,-0.06392,-0.057605,-0.038969,-0.017924,0.02581,0.032729,0.060703,0.086396,0.057094,0.040589,0.063109,0.010754,-0.075242,0.1089,0.060454,-0.090822,0.12544,0.18464,0.16092,0.13625,0.080238,-0.021459,-0.081439,-0.073438,-0.064982,-0.056706,-0.075136,-0.050489,-0.014798,-0.027819,-0.035026,-0.048333,-0.098372,-0.16151,-0.1166,-0.029851,0.028801,0.014846,-0.007731,0.011162,0.059888,0.10915,0.12844,0.085734,0.009258,0.036776,0.10136,0.033641,-0.085072,-0.18539,-0.17123,-0.094748,-0.050669,-0.032842,-0.067213,-0.09327,-0.11473,-0.12807,-0.10366,-0.081377,-0.057511,0.0048217,0.087278,0.10592,0.080444,0.055067,0.030229,0.011029,0.0051604,-0.0048077,0.0041116,0.032762,0.035478,0.0019229,0.024591,0.14621,0.18178,0.11275,0.16248,0.26006,0.29226,0.30885,-0.25938,-2.2837,-0.59121,-0.40261,0.19031,-0.0047893,0.10323,-0.61115,-0.6116,-0.13285,0.44048,0.11591,0.028773,0.42466,-0.15778,0.20705,0.6706,-0.051088,-0.041089,0.033091,0.30382,-0.33821,0.30394,-0.1851,-0.17687,0.14511,-0.10826,0.099631,0.064067,-0.098397,2.3923,1.0089,1.1617,0.53056,-1.313,0.057106,-0.22091,0.52487,0.37647,-0.1932,0.10426,0.31727,-0.5547,0.11339,-0.031561,0.24917,0.4459,-0.12128,-0.13061,0.21857,0.23113,0.15068,-0.019937,-0.065872,0.20732,-0.15834,0.16228,-0.15607,0.14399,-0.38575,1.9589,1.2069,-0.33115,-0.042939,-0.90034,-0.3907,-0.76629,-0.31608,0.33968,0.4474,-0.16001,-0.24191,0.0058781,0.036206,0.25313,0.28119,-0.36699,0.42173,0.012768,-0.00079186,-0.1008,-0.050721,-0.3802,-0.030172,0.022851,-0.073376,0.10353,0.056228,0.29887,-0.0036873,-0.28118,1.0908,-1.3653,0.10368,-0.29779,0.43288,0.92081,0.48767,-0.34641,-0.10307,-0.22253,0.0047131,-0.17702,-0.17411,-0.42684,0.48834,-0.048452,-0.49058,0.040533,0.0087752,-0.38592,-0.10896,0.13783,0.18216,0.069996,-0.11033,0.022506,0.096315,-0.23375,0.064154,2.9896,-0.94361,-0.42887,-0.1655,-0.38619,0.22905,0.24952,1.0033,-0.18715,0.41199,-0.20348,0.030333,0.29373,-0.055383,-0.13441,-0.21069,0.13542,-0.33507,0.22166,0.028514,-0.24836,0.078083,0.1526,0.098854,-0.13657,-0.34966,-0.39294,0.015293,-0.034347,0.15242,-0.28422,1.3562,0.95649,0.31395,0.32134,-0.66489,0.26517,-0.076128,-0.60026,0.223,-0.48517,0.042198,0.023664,0.098898,-0.18665,0.21526,-0.40566,0.094337,-0.021124,0.57513,0.05715,-0.24921,-0.13988,0.058963,0.11567,0.020736,-0.0048774,-0.031869,0.16564,0.092586
-0.25785,-0.24106,-0.16688,-0.11393,-0.15002,-0.074367,-0.002494,0.028205,0.04036,0.023907,0.042575,0.072333,0.074725,0.091148,0.11804,0.12616,0.041008,-0.056415,-0.089888,-0.086429,-0.061174,-0.056887,-0.077434,-0.13949,-0.20186,-0.15629,0.0071445,0.13423,0.097308,0.007581,0.029793,0.068809,0.041898,-0.0034092,-0.022305,-0.01198,-0.0090157,0.0017645,0.036918,0.071177,0.079191,0.063519,0.044032,0.02476,0.049621,0.04892,-0.026822,-0.072085,-0.040954,-0.01701,-0.009584,0.03889,0.078204,0.023881,-0.049373,-0.058553,-0.089148,-0.10686,-0.10254,-0.035958,0.024186,0.026305,0.030525,-0.0042941,-0.037632,-0.018557,-0.0033129,0.017479,0.024497,0.043582,0.12681,0.044546,-0.081756,-0.14613,-0.18647,-0.16744,-0.099819,-0.10824,-0.19048,-0.23086,-0.2071,-0.17346,-0.090542,-0.010382,0.005154,0.010139,0.018307,0.031189,0.040742,0.044845,0.04856,0.06512,0.054902,0.061357,0.083168,0.10721,0.18106,0.26389,0.34577,0.37124,0.097811,0.066242,0.036391,0.034344,0.029784,-0.010414,-0.072581,-0.057299,-0.021414,-0.037849,-0.00903,0.038015,0.060786,0.10396,0.13918,0.13097,0.10639,0.023405,-0.067732,-0.071493,-0.051745,-0.049469,-0.070418,-0.019119,0.016415,0.010618,0.033517,0.045239,0.02355,0.039216,0.075811,-0.66701,-0.56997,0.12969,-0.044086,0.055411,0.16132,0.15359,0.11318,0.029162,-0.051312,-0.057618,-0.029778,-0.015723,-0.012662,-0.01792,-0.072566,-0.10192,-0.053113,-0.047247,-0.086223,-0.072985,-0.067434,-0.13367,-0.19841,-0.18444,-0.1173,-0.032514,0.032155,0.041684,0.017479,-0.00078642,0.0035878,0.037766,0.054412,-0.022499,-0.08442,-0.040204,0.0071961,0.046519,0.095965,0.044809,0.015676,0.037096,0.064542,0.097864,0.076496,0.023473,0.031194,0.056504,0.039035,-0.00062222,0.030684,0.096993,0.098871,0.10453,0.09262,0.064712,0.029991,0.0075513,0.012803,0.03232,0.08121,0.074361,0.078444,0.11266,0.10055,0.088739,0.15271,0.22516,0.077021,-1.6618,-2.1035,-0.24835,0.42492,-0.034942,-0.1599,0.077975,-0.24376,-0.42344,0.51306,-0.44688,0.096676,0.18755,-0.35879,-0.10725,0.26309,0.08105,-0.06576,0.080659,0.33033,-0.1429,0.24552,0.066707,0.051444,-0.015627,-0.14683,0.037275,0.25964,-0.21261,2.4893,1.3846,0.11697,-0.67404,-1.2074,-0.2072,0.27867,0.12678,0.35824,0.013149,-0.01954,0.7226,-0.4932,-0.094414,-0.11235,0.21892,0.15125,0.024041,-0.20744,0.047674,0.32345,0.00035381,0.19271,-0.0081074,-0.063325,0.094026,0.0031133,0.077436,0.32749,-0.30979,2.2649,0.41901,0.86673,-1.0737,-0.99331,-0.027539,-0.2477,0.283,0.73437,0.094563,0.12486,-0.3581,0.20993,-0.05389,0.081478,-0.026465,-0.46669,0.31652,0.28912,0.23427,0.134,-0.1295,-0.096271,0.1479,0.10114,-0.011672,0.036818,-0.48811,0.036648,-0.0499,-0.21811,1.8709,-0.15744,0.92758,-0.20913,0.1991,0.56544,0.30022,-0.33812,0.0046924,-0.058118,-0.3289,-0.29993,0.023063,0.075463,0.28262,0.19829,-0.28313,-0.14897,0.26635,-0.3244,-0.2553,0.25935,0.024116,0.16665,-0.10383,-0.081136,0.084801,-0.053669,-0.064544,2.8885,-1.2809,0.59764,0.31582,-0.79122,0.059566,0.027263,0.17585,-0.24542,0.47865,-0.0086329,-0.079733,0.19112,0.029462,-0.026336,-0.0064021,0.34395,-0.24023,-0.012012,0.17037,-0.094095,0.0079222,0.051202,-0.16214,-0.21055,-0.116,-0.22208,-0.18574,-0.13199,-0.14258,-0.22949,1.8636,-0.23237,0.40682,-0.48623,-0.53323,0.16021,0.11024,0.30494,0.64278,-0.36196,-0.16364,-0.084376,-0.15933,0.020838,0.20593,-0.029667,-0.054689,0.12303,0.16942,0.020371,-0.084886,0.0085775,-0.0067552,0.20027,0.112,0.10833,-0.19999,-0.060294,0.20953
0.22664,0.15623,-0.042037,-0.14593,-0.20019,-0.10704,0.043848,0.11593,0.13492,0.11665,0.087007,0.076326,0.091427,0.090181,0.070012,0.043985,0.023043,-0.038655,-0.12881,-0.17911,-0.15349,-0.14127,-0.24285,-0.31117,-0.1614,0.054431,0.080609,0.072314,0.036421,-0.043271,0.10252,0.12901,0.26152,0.26707,0.1873,0.090633,-0.024425,-0.076055,-0.12283,-0.089,-0.048087,-0.06559,-0.095717,-0.1148,-0.013711,0.071889,0.079141,0.093558,0.10309,0.063603,-0.010116,0.016665,0.046756,0.0023296,0.037347,0.083382,0.069988,0.098966,0.11702,0.12025,0.1426,0.060109,-0.040496,-0.022641,-0.022996,-0.030941,-0.011978,-0.0091148,-0.0051451,0.071321,-0.11075,-0.30425,-0.29162,-0.20355,-0.071584,0.081703,0.10803,-0.082395,-0.26427,-0.29003,-0.21021,-0.10806,-0.029075,0.013202,0.028145,0.037389,0.03632,0.027286,0.027963,0.036384,0.033108,0.030136,0.025575,-0.058086,-0.1119,-0.048326,0.0062103,0.035346,-0.16227,-0.33655,-0.60913,-0.33334,-0.040077,0.011122,0.032004,0.095008,0.10471,0.015971,-0.041968,-0.064163,-0.044488,0.045585,0.12724,0.12525,0.079605,0.029019,0.0078876,0.0226,0.0029474,0.015562,0.10435,0.11329,0.0063989,-0.088,-0.11744,-0.13615,-0.14301,-0.1494,-0.14831,-0.1398,-0.46399,-0.39798,-0.13592,0.10897,0.18262,0.074609,-0.01069,0.033189,0.089852,0.06042,-0.061629,-0.16576,-0.20833,-0.16736,-0.029151,0.10338,0.14691,0.13574,0.12748,0.15312,0.15625,0.12801,0.095646,0.09688,0.057745,0.031992,0.086493,-0.002563,-0.15352,-0.097044,0.0070224,0.038604,0.066221,0.17255,0.26944,0.24839,0.1612,0.069362,0.069923,0.14329,0.062733,0.06026,0.065178,0.045127,0.036994,-0.049386,-0.10198,-0.022318,0.059958,0.065609,0.064582,0.038247,0.0037347,0.0035468,-0.024107,-0.052653,-0.061746,-0.038018,0.0092859,0.025105,-0.0039903,-0.043613,-0.096662,-0.10879,-0.089841,-0.045122,-0.032594,-0.043413,-0.074095,-0.095058,-0.43788,-1.7996,-1.8925,-0.43705,-0.64471,-0.062679,1.0007,0.46514,-0.4308,0.056276,0.48833,-0.083949,-0.122,0.097146,0.23501,-0.047392,0.32576,-0.26113,0.25377,-0.059038,0.22145,-0.029553,0.41928,0.066461,-0.21435,-0.42925,0.34365,-0.088945,-0.1106,-0.2286,2.7127,1.0746,0.059069,-1.0639,-1.247,0.060245,0.29787,0.16004,-0.2807,0.23497,-0.17857,0.15714,-0.13612,-0.03779,0.075481,0.10429,0.34189,0.49611,0.029354,0.069072,0.22154,0.25569,0.14103,0.29108,-0.28049,-0.025618,-0.34637,0.30373,0.37533,0.16664,2.3652,0.47143,0.83311,-1.2539,-0.73836,-0.32172,-0.10598,0.13533,0.40656,-0.42804,0.20268,-0.24855,-0.18275,0.12337,-0.23078,-0.3737,-0.27069,-0.057762,0.21217,-0.21727,-0.14239,-0.33898,-0.37653,0.20342,0.11764,0.16039,0.18668,0.10499,-0.29013,0.37558,-0.1755,1.7881,0.13028,0.89559,-0.1263,0.4529,-0.00070884,0.013632,-0.22381,-0.04471,-0.011347,-0.10987,-0.090291,0.25682,0.040213,-0.040856,0.1223,-0.020144,-0.14138,-0.19038,0.052553,-0.58222,0.068697,-0.46056,-0.11865,0.065172,0.21098,-0.052131,-0.30926,-0.19112,3.2568,-0.88809,0.63918,0.85346,0.16995,0.70119,0.11583,-0.26414,-0.59758,-0.28375,0.29516,0.30347,-0.33527,0.40128,0.014872,-0.53527,-0.018566,-0.26295,-0.16897,0.11682,-0.19968,-0.19281,0.19968,0.11031,0.002975,-0.17291,-0.32485,-0.30581,-0.24354,0.26689,-0.098524,1.8241,-0.44001,0.43805,-0.4962,-0.60672,-0.011029,-0.70103,-0.012963,0.081422,0.27786,-0.12791,0.12256,-0.25248,-0.054852,0.15867,0.0058568,-0.029699,-0.10875,-0.086314,0.154,0.079676,-0.065075,0.40962,0.53805,-0.010332,0.33031,0.12066,0.14938,-0.0059726
-0.20628,-0.12124,-0.012133,-0.013615,-0.049499,-0.076273,-0.0059535,0.067658,0.079106,0.074608,0.069419,0.067473,0.010633,-0.058308,-0.02033,0.058337,0.046105,-0.0057239,-0.02378,0.021842,0.030413,-0.019351,-0.052838,-0.11078,-0.12215,0.022477,0.16678,0.19005,0.15248,0.15893,0.22869,-0.088329,-0.25643,-0.085227,-0.091307,-0.16172,-0.19636,-0.19037,-0.1299,-0.0036357,0.069918,0.062645,0.032468,0.0065371,0.051521,0.064953,-0.029375,-0.11103,-0.13416,-0.14966,-0.095364,0.0037453,-0.0064237,-0.081693,-0.087032,-0.044619,-0.035263,-0.021062,-0.042121,-0.077102,-0.075701,-0.072754,-0.064397,-0.051675,-0.027642,-0.011913,0.0013242,0.041739,0.12066,0.16733,0.076106,-0.037734,-0.082199,-0.10705,-0.10301,-0.072272,0.028588,0.083021,-0.010263,-0.057382,0.0051782,0.054406,0.058708,0.054573,0.045605,0.049316,0.061378,0.067014,0.067359,0.048526,0.026908,0.025031,0.032667,0.063479,0.069912,0.06163,0.013994,-0.047151,0.060021,0.15502,0.23724,0.014042,-0.085535,-0.053176,-0.049317,-0.037983,0.026202,0.11814,0.11245,0.12107,0.13246,0.11864,0.064501,-0.007233,-0.024598,0.029375,0.039451,0.010384,0.0022681,0.041723,0.11362,0.12703,0.085661,0.065798,0.058826,0.068201,0.069135,0.058952,0.012071,-0.08069,-0.44416,-0.59835,-0.60126,-0.44841,0.08278,0.13898,0.17014,0.18462,0.16118,0.093948,0.025824,-0.052122,-0.12554,-0.12242,-0.024268,0.028793,-0.065433,-0.1437,-0.14656,-0.1855,-0.22292,-0.15937,0.0003687,0.039058,-0.016079,-0.041067,-0.016762,0.009718,-0.010965,-0.057649,-0.059776,-0.034609,-0.010265,-0.003016,0.04457,0.092327,0.067094,0.05858,0.080468,0.038421,-0.016178,-0.0079593,0.010321,0.025625,0.04535,-0.031537,-0.097506,-0.067701,-0.037359,-0.0338,0.031947,0.095617,0.048143,0.017017,0.0092738,0.017534,0.02802,0.022013,0.01635,0.01648,-0.0092204,-0.051958,-0.080773,-0.11227,0.039418,0.16313,0.079271,0.044943,0.19583,0.31681,-0.26695,-2.0947,-1.8803,-0.43082,0.4138,0.095979,-0.086688,0.0049825,-0.7488,0.0049209,0.53573,-0.19299,0.12837,0.62364,-0.55744,0.2242,0.51643,0.1689,0.12018,-0.099884,0.25081,-0.12722,0.16797,0.23449,0.082051,-0.077988,0.15622,0.20405,0.29723,-0.1073,2.7334,1.1727,0.56715,-0.61926,-1.1365,0.19857,-0.37505,-0.15717,0.20408,0.051899,0.12485,0.55998,-0.74942,0.09311,-0.019095,0.13239,0.35061,-0.17286,-0.18917,0.18974,0.27724,0.09456,0.036602,-0.20255,0.22095,0.2128,-0.23084,-0.0671,0.1962,-0.2257,2.0857,0.92122,0.56433,-1.0592,-0.63165,-0.030544,-0.20921,-0.41009,0.6345,0.35806,-0.045545,-0.27101,-0.1443,0.12204,-0.066609,0.59564,-0.52114,-0.079849,0.31927,0.061372,-0.16376,0.047978,-0.20583,0.14415,0.017689,0.030751,0.086303,-0.20567,0.24478,-0.00094143,-0.28102,1.9011,-0.51953,0.9535,-0.13816,0.30816,0.62997,0.61561,-0.23916,0.40262,0.20299,0.029828,0.15821,0.19582,0.030288,-0.03931,0.037198,-0.42897,-0.32316,0.11883,0.05507,0.02158,-0.16565,-0.31933,0.14687,0.22957,0.3169,0.29947,-0.14628,0.26309,2.994,-1.3196,0.35408,0.39536,-0.62529,-0.038308,0.49251,0.39837,-0.25027,0.2263,-0.31069,-0.056268,-0.053067,-0.11858,-0.18724,-0.16383,0.22657,-0.18836,-0.062397,-0.15183,-0.14587,-0.08006,0.19721,-0.082407,-0.18703,-0.09488,-0.2408,-0.14404,0.13651,-0.10691,0.081619,2.0498,0.10711,0.2829,-0.38037,-0.44061,0.00073965,0.03145,-0.012031,0.38339,-0.54985,0.030111,0.26867,0.010478,-0.12592,-0.044466,-0.07046,0.02078,0.06581,0.31129,0.12011,0.011273,-0.1467,-0.17249,0.089603,0.23186,-0.084169,0.10976,0.14621,0.22881
0.31325,0.23895,-0.093216,-0.29732,-0.18265,0.032697,0.082744,0.092845,0.1282,0.11144,0.088129,0.079083,0.075577,0.061612,0.039705,0.027607,0.029474,0.026476,-0.13435,-0.2967,-0.29667,-0.21063,-0.12276,-0.057523,0.015415,0.05823,0.057932,0.035795,0.0013248,-0.027839,0.038811,0.084955,0.14833,0.13652,0.16719,0.1362,0.071079,0.041637,0.041671,0.061706,0.065379,0.1044,0.14076,0.13126,0.10386,0.069187,0.017379,-0.00046065,0.034771,0.022576,-0.02726,-0.051595,-0.0085121,0.025241,-0.015757,-0.066003,-0.069387,-0.043708,-0.016534,0.0058597,-0.018918,-0.041283,-0.012876,-0.0020844,-0.0089908,-0.0024748,0.070183,0.091442,0.092486,0.15735,0.15502,0.097091,0.069903,0.077386,0.047169,0.0046137,-0.0074062,-0.024775,-0.037736,-0.04594,-0.014794,0.032791,0.03799,0.013096,0.010725,0.014969,0.018661,0.023278,-0.018971,-0.05911,-0.050011,-0.03747,-0.11316,-0.19815,-0.19763,-0.16075,-0.083404,0.041543,0.047937,-0.045487,-0.64635,-0.37126,-0.0088059,0.097446,-0.0095889,-0.14913,-0.21526,-0.12541,-0.0066058,-0.0075546,0.028243,0.061688,0.057952,-0.0045004,-0.071809,-0.078753,-0.045138,-0.019738,-0.016415,-0.07185,-0.094021,0.014828,0.10911,0.063759,-0.057018,-0.12774,-0.14668,-0.15355,-0.15108,-0.13005,-0.19586,-0.051822,0.024884,-0.15797,-0.24502,-0.14275,0.013234,0.10286,0.094073,0.044423,0.0079838,0.041965,0.13324,0.21771,0.25563,0.2096,0.15664,0.17757,0.2139,0.19049,0.13522,0.032519,-0.11768,-0.18192,-0.12829,-0.048533,0.00093106,0.021836,0.03694,0.041012,0.043799,0.1108,0.24243,0.34955,0.34711,0.1804,-0.019181,-0.066586,0.0015422,0.047408,0.025719,0.0016868,-0.0018481,0.012498,0.036343,0.069988,0.10616,0.0298,-0.054312,-0.050336,-0.071687,-0.12182,-0.072649,0.031421,0.030728,0.024219,0.015678,0.002045,-0.0025947,0.018073,0.063051,0.068381,-0.0025653,-0.1364,-0.20516,-0.16819,0.014167,0.17989,0.1605,0.090482,0.019311,-1.4559,-1.3787,-0.18039,-0.063508,-0.24906,0.48529,0.45147,-0.29629,-0.42682,0.35152,-0.36888,-0.18468,-0.013848,0.0046918,0.39923,0.087493,0.48873,0.10932,-0.28192,0.13562,0.10767,0.21532,0.18171,0.1369,-0.12903,0.11682,0.19384,-0.0074531,-0.032888,2.4201,0.40853,0.10706,0.041239,-1.3415,0.54333,-0.14808,-0.24977,-0.49443,0.081261,-0.559,0.74653,0.060923,0.0031023,0.012736,0.51013,-0.18803,0.29054,-0.33684,-0.16757,0.1756,0.36757,0.14504,0.1994,-0.094749,0.050847,-0.22942,0.3821,0.1295,-0.025512,2.3184,0.33646,0.32491,-0.75296,-0.32261,-0.34704,-0.21376,0.42365,0.90069,-0.38037,0.49155,-0.15938,-0.10673,-0.35853,-0.042926,-0.0092478,-0.13339,-0.021936,0.002834,0.17521,0.1276,-0.071733,-0.10727,0.25061,0.02351,-0.1406,0.4336,-0.39616,-0.16095,0.23086,-0.35473,1.0894,-0.23066,0.63932,-0.23046,0.12467,0.055769,-0.11886,-0.22786,-0.15575,-0.3531,-0.51345,-0.47285,0.27093,0.66715,0.21381,0.32838,0.091109,-0.14977,0.22299,-0.21298,-0.12029,0.0011589,-0.14383,0.27007,-0.046925,-0.13282,0.11136,-0.13719,0.048559,3.2408,-0.70058,0.57232,-0.057043,-0.60682,-0.094716,-0.63252,-0.086253,-0.21679,0.49719,0.012298,-0.15885,0.29485,0.60929,0.078923,0.27813,0.13535,0.019438,-0.36004,0.11875,-0.23347,-0.028464,-0.014098,0.1149,-0.16764,-0.089391,-0.2697,-0.13685,-0.1855,0.010541,-0.30148,0.98572,-0.066916,0.31384,-0.18795,-0.31331,0.12048,-0.19104,0.70831,0.5961,0.1188,-0.019011,-0.43891,-0.70109,0.20463,0.21384,0.18945,0.086498,-0.24427,-0.15615,0.03125,-0.16606,0.072924,-0.15828,0.14539,0.114,0.02806,-0.14215,0.2412,0.040478
0.11607,0.12185,0.044948,0.01526,0.024207,0.081535,0.10945,0.076603,0.046622,0.017979,-0.0045207,-0.014538,0.02224,0.053602,0.04804,0.063071,0.070652,0.043968,-0.01895,-0.066569,-0.078889,-0.075404,-0.046331,0.021143,0.04165,-0.015437,-0.042521,-0.053325,-0.039159,0.022606,0.096009,0.11483,0.054427,-0.018375,-0.12113,-0.18441,-0.20964,-0.16636,-0.10012,-0.071425,-0.060672,-0.062297,0.022379,0.079668,0.042538,0.02567,0.026996,0.046318,0.089484,0.048792,-0.034725,-0.019196,-0.072199,-0.13217,-0.17867,-0.15215,-0.10644,-0.059573,-0.017016,0.0021623,6.0633e-05,-0.051793,-0.080103,-0.053831,-0.033181,-0.011495,0.004174,-0.01054,-0.025137,0.018906,0.054783,0.062629,0.092421,0.12942,0.13749,0.13704,0.13745,0.075371,0.0097805,-0.02635,-0.010509,0.038837,0.031486,0.044742,0.10402,0.10542,0.076132,0.050257,0.034758,-0.015745,-0.056423,-0.035736,0.016496,0.054328,0.061667,0.062807,0.04514,-0.038252,-0.15667,-0.20997,-0.28577,-0.16614,-0.035139,-0.032369,-0.050506,-0.090828,-0.092494,-0.040851,-0.030529,-0.011355,-0.0015716,0.014126,0.025953,0.0093686,-0.00075995,0.019174,0.037241,0.027508,-0.019075,-0.072735,-0.09847,-0.10061,-0.079351,-0.064695,0.024266,0.079117,0.055569,0.057189,0.025335,-0.0013701,-0.011034,0.049723,0.021857,0.0072278,0.074347,0.12632,0.15466,0.13034,0.079024,0.045635,0.0091805,-0.02561,-0.11645,-0.18843,-0.15283,-0.021949,0.066812,0.080651,0.10358,0.020085,-0.14089,-0.04337,0.10755,0.12451,0.15292,0.16398,0.11839,0.037243,0.01085,-0.011362,-0.072593,-0.082437,-0.021804,0.025798,0.02758,-0.019089,-0.022741,-0.027689,-0.04435,-0.00189,0.013371,-0.0057828,-0.015294,0.0094645,0.037135,0.066787,0.090752,0.016729,-0.054259,-0.046109,-0.065091,-0.11558,-0.1039,-0.054264,-0.084999,-0.11678,-0.10057,-0.065424,-0.030814,0.018203,0.046769,0.058956,0.089808,0.13791,0.13702,0.091288,0.026428,-0.004705,-0.022108,-0.040863,-0.15538,-2.5125,-1.4778,-0.1475,0.48036,-0.00054114,-0.29667,0.056368,0.27395,0.13237,1.0709,-0.42377,0.11017,-0.28277,-0.19502,-0.38155,-0.15655,-0.12372,0.30998,-0.15014,0.27343,0.043022,-0.32571,-0.05991,0.039675,0.02168,0.022357,0.10816,0.070047,-0.021783,2.5197,1.3353,0.97236,-0.40783,-1.412,0.19036,0.2368,0.24022,-0.014308,0.16315,-0.023194,0.20023,-0.58016,-0.12342,-0.13525,0.35532,0.038973,0.25195,-0.24309,0.2043,0.020925,0.06355,0.050032,-0.10278,0.1894,0.27384,-0.089706,0.13102,0.31706,-0.22364,2.1073,1.2197,0.61924,-0.72455,0.27258,0.70558,-0.28792,-0.11963,0.095303,0.449,0.096499,-0.37893,-0.017491,-0.073346,0.13763,0.1772,0.04754,-0.2305,0.20696,0.0023744,-0.11293,-0.070565,-0.17941,0.17493,-0.11834,0.13114,0.088992,-0.22164,0.11375,-0.084892,-0.22392,1.9225,-0.94982,0.27733,-0.11305,0.36346,0.46789,0.25678,0.063587,-0.16739,-0.010724,-0.11967,-0.22009,-0.076571,0.15929,0.17278,-0.24288,-0.23646,-0.25398,0.28501,0.19006,-0.012084,0.15469,-0.13888,-0.0031594,-0.36952,0.047738,0.12845,-0.12792,0.13398,2.8937,-1.3925,-0.20335,0.14284,0.074526,0.22633,0.093989,0.28794,-0.21813,0.046827,-0.028989,0.037814,0.035166,0.29035,-0.30298,-0.0010163,-0.15466,-0.31816,-0.19386,-0.013649,-0.053034,0.011888,0.13254,-0.14552,-0.1186,-0.13019,0.032163,-0.13796,0.041431,-0.28024,-0.27627,2.0346,0.53087,0.39276,0.048395,-0.41944,0.30997,-0.25295,-0.23979,-0.095867,-0.10602,-0.067315,0.1675,0.032458,0.28618,0.33207,-0.12732,-0.1255,-0.31356,0.030752,-0.11299,-0.0025887,-0.27717,0.18912,0.20582,0.30211,0.017135,0.14275,0.127,0.049804
-0.19816,-0.19708,-0.02225,0.17088,0.1471,-0.039702,-0.17003,-0.10555,0.033966,0.056921,-0.010419,-0.036507,0.0037698,0.042276,0.027033,0.018123,0.02239,0.042214,0.046101,0.034337,0.016312,-0.016588,-0.045333,-0.046223,-0.046208,0.0081065,0.12771,0.12603,-0.028177,-0.18854,-0.14245,-0.1608,-0.11874,-0.056121,0.075948,0.05049,-0.028545,-0.049664,-0.026007,-0.017054,-0.022447,0.070304,0.1483,0.14384,0.12165,0.062508,-0.052556,-0.1041,-0.065825,0.1696,0.079119,-0.18639,-0.13151,0.022294,0.13923,0.064965,-0.07069,-0.097943,-0.089218,-0.06788,-0.048339,0.034811,0.076941,0.069508,0.090469,0.068652,0.003882,-0.12685,-0.10296,-0.085526,-0.042574,-0.075917,-0.16511,-0.22874,-0.26385,-0.23718,-0.15563,-0.14288,-0.15103,-0.096416,-0.011796,0.036705,0.027833,0.018604,0.050089,0.066273,0.055643,0.034363,0.040124,0.062792,0.068138,0.074346,0.031533,0.048654,0.15368,0.18684,0.16068,0.13259,0.18492,0.22885,0.46153,0.20682,0.014606,-0.033852,-0.071089,0.015748,0.10946,0.020826,-0.12127,-0.12267,-0.059716,-0.0075734,0.036144,0.050812,0.034293,0.025094,0.037717,0.061692,0.069679,0.06226,0.045857,0.011516,-0.021624,-0.054004,-0.039711,0.040562,0.080593,0.077561,0.11161,0.15023,-0.033732,-0.35902,-0.29998,-0.43737,-0.29485,-0.044631,0.068334,0.067678,0.03531,0.01103,-0.014187,-0.11214,-0.13171,0.010301,0.16503,0.13565,-0.10769,-0.20415,-0.10223,0.15862,0.021396,-0.32085,-0.068383,-0.021438,-0.10079,-0.1504,-0.10505,-0.010471,0.023779,0.024958,0.027397,-0.050524,-0.168,-0.12163,0.22368,0.40311,0.11317,-0.13477,-0.034667,0.030653,0.084055,0.031506,-0.013016,0.018864,0.04765,0.078727,0.10957,0.056083,-0.010686,-0.031359,-0.077077,-0.12918,-0.072975,0.0069894,-0.051605,-0.096994,-0.10522,-0.087634,-0.031247,0.039086,0.059477,0.044939,0.058488,0.081755,0.15918,0.19773,0.12466,0.065594,0.13718,0.22988,-0.49399,-1.8621,-1.4829,-0.46007,-0.36204,-0.096904,0.70206,0.021836,-0.71263,0.17009,0.35452,-0.0080778,0.22406,0.10273,0.1415,-0.036426,0.65679,0.027671,-0.67935,0.12588,-0.30597,-0.063572,0.08971,-0.10344,0.094555,0.15803,0.061959,0.069001,0.55816,0.22634,2.6754,1.0256,0.22655,-0.71702,-1.2663,-0.016158,0.31889,0.11055,0.29412,0.14861,-0.20794,0.20624,-0.13535,-0.075356,-0.3257,0.21762,-0.1736,-0.35232,-0.26064,-0.17098,-0.0048563,0.087299,0.10203,-0.63348,0.17164,-0.12424,-0.11011,-0.12228,0.27384,-0.19202,2.2489,0.52015,0.39983,-1.0003,-0.7575,-0.10467,-0.35929,-0.17762,0.34533,0.28568,0.029692,-0.23627,0.20015,0.052993,0.20041,0.27099,-0.29508,-0.084961,-0.23876,0.33927,-0.22133,0.36656,0.14546,-0.14972,0.21763,-0.013835,-0.31874,-0.20429,0.25788,0.37564,-0.24737,1.4937,-0.20362,0.8173,-0.052708,0.41682,0.75349,0.33674,-0.09716,0.17228,0.063736,-0.058303,-0.16595,0.12027,-0.24129,0.28603,-0.25795,0.060494,0.057967,-0.02961,-0.27141,0.32157,-0.12389,0.061631,0.45717,0.26355,0.25523,0.12797,0.030154,0.3021,3.0176,-0.87384,0.41042,0.39462,-0.26116,0.28674,0.1842,0.27075,-0.15097,0.036418,0.01493,-0.092596,0.15733,0.0076823,-0.3713,0.10122,0.20345,0.14235,0.096764,-0.27789,-0.11155,0.34614,0.18146,-0.23997,-0.16176,0.080669,-0.27723,0.019854,0.020114,0.11572,-0.10838,1.7045,-0.16818,0.24004,-0.29636,-0.53462,-0.0019342,0.031489,-0.026348,0.43118,-0.34788,0.091776,-0.27827,0.099575,-0.21754,0.19915,-0.56375,-0.13287,0.0029983,0.072595,-0.14987,-0.29887,0.019145,-0.099867,-0.080292,-0.042821,-0.27001,0.16696,-0.29147,0.21378
-0.43778,-0.37689,-0.06019,-0.012491,-0.063263,0.0084886,0.064524,0.035475,0.00046429,-0.011615,0.024355,0.061302,0.052365,0.036315,0.017354,0.0070739,0.036853,0.080523,0.086804,0.071903,0.034481,-0.011047,-0.020367,0.043384,0.10127,0.078495,0.21269,0.41883,0.24245,-0.1661,-0.39917,-0.27735,-0.11924,-0.14357,-0.10201,-0.060065,-0.070113,-0.092577,-0.067833,-0.049834,-0.068143,-0.080414,0.037796,0.13843,0.12827,0.10302,0.051322,-0.023334,-0.025147,-0.025581,-0.044708,0.0038434,-0.040712,-0.15414,-0.21825,-0.18802,-0.079205,-0.0071093,-0.03175,-0.065979,-0.059521,-0.071878,-0.09026,-0.084875,-0.045689,-0.026556,-0.01982,0.015187,0.072202,0.10807,0.083632,0.054601,0.010204,-0.071787,-0.10944,-0.0057953,0.10928,0.098051,0.02565,-0.023909,-0.0034555,0.050569,0.03388,0.011332,0.027831,0.039208,0.043805,0.044118,0.035166,0.042121,0.054544,0.05897,0.081029,0.071821,0.045282,0.053041,0.1205,0.16058,0.21916,0.29246,0.60688,0.38204,-0.065803,-0.11311,-0.08292,-0.13146,-0.11177,0.0098776,0.062092,0.053988,0.024881,0.017824,0.0082691,0.00069539,-0.011703,-0.012122,0.032993,0.073912,0.081153,0.075726,0.049152,0.0044202,0.038532,0.079193,0.04533,-0.0014777,0.014896,-0.0011105,0.043014,-0.0090599,-0.002636,0.41351,0.46587,0.22197,0.059633,0.057245,0.039604,0.057088,0.029475,0.0021381,0.024788,0.026091,-0.082782,-0.11177,0.029311,0.15442,-0.03433,-0.22012,-0.22413,-0.27735,-0.30686,-0.14823,0.04808,0.1596,0.20689,0.15251,0.024899,-0.027123,-0.014965,0.012013,0.018117,-0.01761,-0.064384,-0.082342,-0.0053253,0.085425,0.063631,0.015835,-0.0049,-0.030491,-0.04074,-0.02409,-0.0069217,0.016869,0.044757,-0.034884,-0.10569,-0.086012,-0.06772,-0.055775,-0.025588,-0.026081,-0.057462,-0.025157,-0.0022849,-0.039245,-0.072781,-0.10206,-0.11759,-0.097882,-0.071281,-0.064869,-0.053685,0.11243,0.19982,0.15912,0.14373,0.12357,0.19215,0.29476,-0.6718,-2.6828,-0.61887,-0.14099,0.4273,-0.20647,-0.038976,-0.1301,0.18786,-0.2278,0.98917,-0.87762,-0.079618,-0.1247,-0.78122,0.043218,0.87384,0.12477,-0.79242,0.10317,0.11834,0.23684,0.13609,-0.15775,-0.27713,0.06478,-0.01305,-0.10213,0.41348,-0.13111,2.5281,1.4371,1.4621,-0.037513,-1.3981,0.14679,0.41134,0.48432,0.040474,0.41629,0.068401,0.0022169,-0.28093,-0.22752,0.28811,0.2456,0.2524,-0.42281,-0.41015,0.21197,0.23664,0.19623,0.025728,-0.14231,0.22065,-0.24062,0.51577,0.08321,0.14884,-0.09249,2.0711,1.6134,0.35718,-0.25922,-0.49635,-0.32926,-0.82134,-0.014893,0.62591,-0.12551,0.53517,-0.25165,0.16289,0.57884,0.31742,0.33994,-0.067679,0.20555,0.11244,0.071955,-0.25385,-0.10623,0.12271,-0.11106,0.019122,0.12186,0.040632,-0.37203,0.18482,0.20653,-0.0026472,1.4466,-1.7485,-0.1356,-0.42448,0.71242,0.50948,-0.40931,0.43604,0.060519,-0.31635,-0.097347,-0.26974,0.23778,-0.0099625,0.69472,0.054229,-0.51287,0.099809,-0.17653,-0.15035,0.34516,0.019563,-0.023357,0.21485,-0.095664,0.30345,0.032068,0.05224,0.013689,2.8502,-1.5435,-0.74372,-0.00039783,-0.37569,0.014881,-0.67155,0.54058,0.034666,0.23364,-0.22246,-0.33966,0.14921,0.3911,-0.63179,0.001801,0.51588,0.20566,0.29254,0.10587,-0.39656,0.08289,0.082577,-0.24865,-0.27562,-0.21537,-0.19865,0.22887,-0.17012,-0.074275,-0.289,1.7957,1.0209,0.33579,0.51679,-0.7514,-0.029042,0.019341,0.56156,0.1038,-0.24113,0.13354,-0.35155,-0.22975,0.020111,0.22389,-0.62562,0.1831,-0.025484,0.44206,-0.065061,-0.22658,0.29402,0.068652,0.029488,-0.19063,0.0054482,0.25423,-0.24626,0.050693
-0.20362,-0.18429,-0.26982,-0.34519,-0.11278,0.17702,0.039742,-0.096353,-0.1159,-0.078535,0.011475,0.060558,0.053442,0.033818,0.018242,0.027372,0.090541,0.18506,0.24177,0.23566,0.16068,0.055993,-0.033453,-0.0197,0.17875,0.30334,0.23125,0.11279,0.037053,-0.099559,-0.082571,-0.019512,-0.10056,-0.088014,-0.055949,-0.011969,-0.017331,0.032269,0.068889,0.028437,-0.0080874,-0.030525,0.0092049,0.072861,0.038741,0.0046225,0.050791,0.083702,0.0005948,-0.12793,-0.15923,-0.20762,-0.17577,-0.17115,-0.19968,-0.1948,-0.12866,-0.075173,-0.066856,-0.066215,-0.062526,-0.057233,-0.0055138,0.041508,0.051688,0.026041,-0.0086991,0.017393,0.059779,0.076556,0.050137,0.063355,0.077574,0.047668,0.015682,-0.049802,-0.22029,-0.36326,-0.32423,-0.044829,0.24587,0.27737,0.21628,0.098313,0.015223,0.0084852,0.029068,0.045766,0.038329,0.02157,0.013851,0.015309,0.036983,0.10641,0.22207,0.17813,0.027526,0.090057,0.26262,0.32321,-0.034079,-0.057652,-0.030275,-0.0070754,-0.042105,-0.082172,-0.043107,0.047381,0.093292,0.1305,0.10324,0.065952,0.042301,0.0076103,-0.010142,0.018661,0.088902,0.14097,0.16508,0.17553,0.14841,0.075955,0.05119,0.054529,0.12959,0.16865,0.14176,0.13365,0.15688,0.23498,0.24613,-0.71651,-0.64179,0.034909,-0.11603,-0.13809,-0.13642,-0.11945,-0.11688,-0.089652,-0.035265,0.018159,0.017471,-0.12342,-0.25508,-0.18041,-0.0095338,0.028659,-0.097671,-0.22217,-0.059167,0.19656,0.014538,-0.049844,-0.029154,-0.010585,-0.051216,-0.11595,-0.12772,-0.10689,-0.066525,-0.024331,-0.017177,-0.049048,-0.058502,-0.0039233,0.022727,-0.0042235,0.013177,-0.013603,-0.042477,-0.031912,-0.012627,0.0079966,0.034523,0.019028,-0.032104,0.0077312,0.027767,0.039258,0.080289,0.025946,-0.02161,-0.0039204,0.089334,0.13453,0.097736,0.05226,0.01553,-0.024841,-0.07341,-0.097248,-0.083046,0.14618,0.31373,0.24306,0.090937,0.090051,0.22584,0.32647,-0.13811,-2.0766,-1.7416,-0.17938,0.55418,0.082778,-0.26389,0.16875,-0.85313,0.1013,0.59111,-0.12915,0.41628,-0.25323,-0.18682,0.29656,0.42071,0.10788,-0.14122,-0.054597,-0.49404,-0.18819,0.067323,0.18532,0.16815,0.38269,-0.16143,0.04859,0.2776,0.45843,2.4192,1.59,0.52678,-0.28033,-1.4411,-0.027674,-0.071648,-0.39199,0.53959,-0.050499,0.099877,0.11053,-0.66,-0.30037,0.27336,0.29612,-0.081445,0.084417,-0.42401,-0.017741,-0.32968,-0.15237,-0.015971,-0.063559,0.28434,0.079466,0.059874,0.14994,0.17474,0.065472,1.9194,0.75205,0.93589,-0.55279,-0.83433,0.22782,-0.16813,-0.52567,0.67205,0.2257,0.11536,0.022238,0.23484,-0.13123,0.65523,-0.27427,0.28528,0.58725,0.19336,0.48064,-0.12491,0.60273,0.09617,-0.052454,-0.16713,-0.020671,0.044848,-0.16375,-0.47285,0.044979,-0.48162,2.0696,-0.5406,0.65851,-0.24705,0.056736,0.22888,1.0239,-0.24212,-0.14331,0.15524,0.074808,-0.30903,0.088529,0.39181,0.26771,0.090765,-0.22087,0.12972,-0.060751,0.57731,-0.0097875,-0.2131,0.0056685,0.3577,0.26205,0.10636,0.30561,-0.021211,-0.096714,2.8081,-1.3613,0.20208,0.19028,-0.8413,-0.59182,0.041194,0.38986,-0.17556,-0.25933,-0.24112,-0.30725,0.38012,0.39949,-0.4848,0.35381,-0.010467,0.19246,-0.14098,0.00046339,0.026154,0.088956,-0.088408,-0.30341,-0.0018732,0.071459,0.13414,-0.53369,0.070448,-0.22075,-0.48449,2.0646,0.20105,0.24252,-0.2543,0.038061,0.16037,0.14741,-0.55951,0.20956,-0.29003,-0.095606,0.38185,-0.28695,0.29708,0.22967,-0.55739,0.33979,-0.16366,-0.10077,0.0049882,-0.081203,-0.22197,-0.11288,-0.070464,0.014456,-0.3959,0.14226,-0.1252,-0.0073229
-0.14285,-0.093276,-0.025783,-0.096537,-0.18972,-0.068767,0.048311,0.028776,-0.005207,-0.021305,-0.024671,0.017806,0.063376,0.049737,0.019263,-0.021308,-0.053235,-0.049079,-0.025532,-0.002834,-0.0008194,-0.036865,-0.075382,0.020041,0.18192,0.18562,0.071241,0.0783,0.14348,0.13633,0.10285,-0.13903,-0.24114,-0.022971,-0.021951,0.028707,0.078587,0.091445,0.041119,-0.0079095,-0.035777,-0.039853,0.040736,0.055589,-0.057284,-0.11677,-0.060546,-9.7037e-05,-0.057088,-0.1648,-0.14409,-0.0719,-0.081873,-0.015148,-0.019387,-0.055999,-0.05198,-0.05813,-0.080512,-0.07931,-0.078665,-0.079457,-0.08013,-0.073606,-0.057428,-0.052385,-0.03943,0.0044315,0.06655,0.12426,0.18513,0.22203,0.18885,0.13553,0.10815,0.10857,0.081779,-0.010862,-0.096195,-0.079534,0.047592,0.1496,0.13362,0.072921,0.025867,0.0088391,0.0080993,0.013954,0.018746,0.015645,0.0067629,0.0030353,-0.016048,-0.046929,-0.057702,-0.061545,-0.017787,0.11719,0.31059,0.40967,0.17973,0.054335,-0.053665,-0.027737,0.032181,-0.038725,-0.14283,-0.06688,0.097417,0.12603,0.092469,0.06482,0.062934,0.044014,-0.0008208,-0.048361,-0.057147,-0.025703,0.0054608,0.023571,0.021155,-0.022788,-0.072912,0.085261,0.20479,0.16895,0.13288,0.12138,0.13062,0.13595,0.020078,-0.35425,-0.37105,-0.096802,-0.01357,-0.12084,-0.10192,-0.06991,-0.030991,0.034006,0.083926,0.076236,-0.07606,-0.26387,-0.37249,-0.31623,-0.12602,-0.01485,-0.087124,-0.23313,-0.26742,-0.058904,0.01492,-0.081566,-0.080743,-0.024455,0.0041342,-0.038736,-0.10395,-0.10749,-0.085599,-0.058053,-0.051963,-0.032289,0.056879,0.11927,0.074667,0.0032003,-0.041732,-0.046917,-0.024691,-0.0098359,-0.0093294,0.0034943,0.02702,0.011949,-0.00017476,0.045172,0.089091,0.084266,0.070742,0.044462,-0.003823,-0.008119,0.017049,0.028031,0.028767,0.014283,-0.018579,-0.045962,-0.063931,-0.075495,-0.032136,0.072753,0.10279,0.053355,0.039827,0.095467,0.2326,0.34473,-0.031878,-2.1436,-1.487,-0.11054,0.86987,0.3056,-0.77302,0.29811,-0.075421,0.01448,0.63645,-0.16335,0.17363,-0.14435,-0.23748,0.016442,0.032257,0.070639,-0.057668,-0.075091,0.28643,0.21869,0.0067977,0.14949,0.0403,-0.19699,-0.24959,0.161,-0.022887,0.19667,2.6186,1.5425,0.8832,-0.40186,-1.4961,-0.26282,0.32786,-0.25023,0.72646,-0.20849,-0.16767,0.41039,-0.55593,-0.24561,0.082569,0.08269,-0.16248,-0.10823,-0.47161,0.032134,0.26126,-0.0076389,0.092693,0.15378,0.052293,0.28568,0.18716,0.138,0.089316,0.044215,2.0909,1.0339,0.58171,-0.53017,-0.73747,0.11127,0.019212,0.024707,1.148,0.49969,0.1165,-0.12482,0.2755,0.1321,0.17115,0.091665,0.057923,0.10253,0.26213,0.21935,-0.015442,-0.16769,0.0052507,0.21753,0.10084,0.057465,0.10036,-0.025595,-0.054115,0.056586,-0.43049,1.6065,-0.9902,0.31787,-0.231,0.1557,0.13971,0.80832,-0.58564,-0.65871,-0.13701,-0.054516,-0.35494,0.062063,0.081301,0.13969,0.31677,-0.37492,0.21134,0.10001,-0.04894,0.047647,0.080809,-0.057969,0.060612,0.047664,0.078211,-0.11997,-0.10041,-0.16715,2.9544,-1.3915,-0.024653,0.012577,-0.54413,-0.19909,0.57777,0.22929,-0.4557,-0.038802,-0.174,-0.12014,0.32969,0.1138,-0.21395,0.24847,0.29183,0.18757,0.029239,0.24718,-0.041594,-0.034093,0.13165,0.25685,-0.11721,-0.15816,0.14759,-0.10238,-0.021127,-0.16213,-0.43858,1.9113,0.3491,0.27459,-0.078863,-0.02152,0.040985,0.27961,-0.06842,0.72889,-0.38217,-0.25781,0.22,-0.33477,-0.0802,0.013072,-0.35129,0.3216,-0.17477,-0.017967,-0.055979,-0.29976,0.044025,-0.012155,-0.064284,0.22007,0.45419,0.017977,-0.092956,0.2087
0.2064,0.18119,0.24599,0.47213,0.3533,-0.035017,-0.19307,-0.15132,-0.098375,-0.10408,-0.13552,-0.035402,0.087651,0.071868,0.056154,0.066625,0.10361,0.13881,0.17088,0.17729,0.14306,0.11712,0.1055,0.088102,0.053433,0.0085476,-0.0040938,0.011639,0.075261,0.14627,0.098324,0.0094081,-0.090026,-0.12947,-0.14458,-0.11263,-0.031066,0.0067942,-0.015954,-0.044376,-0.058606,-0.069465,-0.083103,-0.10017,-0.09152,-0.06974,-0.031126,0.06802,0.0036025,-0.14287,-0.061052,-0.0632,-0.083205,-0.097418,-0.11302,-0.077937,-0.082363,-0.1027,-0.083234,-0.070544,-0.070665,-0.094791,-0.13267,-0.15913,-0.15468,-0.13941,-0.10475,0.0057909,0.10482,0.10746,0.11329,0.12896,0.11052,0.072445,0.041238,0.021905,0.013905,-0.017085,0.027157,0.21195,0.23048,0.023738,-0.10673,-0.075027,-0.022948,0.0019609,0.0046142,0.010398,0.012687,0.015398,0.013039,-0.030223,-0.044091,0.040759,0.12698,0.12414,0.10106,0.14953,-0.16553,-0.42839,-0.48449,-0.22577,-0.044221,-0.061642,-0.062124,0.020058,0.12123,0.057016,-0.065151,-0.097204,-0.09085,-0.094831,-0.078855,-0.073606,-0.059745,0.0053046,0.066603,0.08491,0.10519,0.11889,0.089576,0.046763,0.014276,-0.047877,0.053143,0.14581,0.12255,0.12027,0.13547,0.152,0.089199,-0.031806,-0.11177,-0.21534,-0.0014666,0.086324,0.034071,-0.044077,-0.037372,-0.0096353,-0.0082106,-0.011325,0.0075782,0.01371,-0.062586,-0.3356,-0.40321,-0.24395,-0.16194,-0.15222,0.042032,0.26885,0.19235,0.17036,0.21366,0.21314,0.10424,-0.034345,-0.019009,-0.023563,-0.05631,-0.10795,-0.16838,-0.16758,-0.05359,0.09517,0.15233,0.13725,0.04609,-0.03739,-0.04476,-0.043175,-0.037637,-0.020003,-0.041386,-0.052321,-0.017219,-0.043996,-0.098614,-0.12371,-0.12484,0.031756,0.23946,0.21199,0.15392,0.06454,0.0078962,0.017252,0.047719,0.066015,0.047389,0.023606,0.030438,0.11904,0.17907,0.13584,0.063098,0.045115,-0.093431,-0.23922,-0.3658,-3.1661,-1.2195,-0.64743,0.20086,0.28258,0.24686,0.066237,-0.48704,0.45927,0.58981,0.012998,-0.11155,-0.056076,-0.15934,0.042412,0.27876,0.064144,0.035519,-0.18775,-0.28941,-0.12317,-0.1499,0.23751,0.064602,0.095041,-0.26532,0.26927,-0.1076,0.0010157,2.4796,1.4121,1.553,-0.49415,-1.4029,0.18192,-0.18516,-0.25138,0.31421,0.077865,0.14602,-0.072976,-0.3557,0.26305,-0.02401,0.09836,-0.15336,-0.21389,-0.23017,-0.20536,-0.093198,-0.057918,0.15053,-0.19881,-0.10417,-0.091669,0.025652,0.28189,-0.053545,-0.095559,1.9528,1.6864,0.68419,-0.17598,-0.83995,-0.14101,-0.40684,-0.84645,0.65057,0.088862,-0.32029,-0.13003,0.11177,-0.26297,-0.0044447,0.35612,0.019652,-0.10578,-0.38246,0.041566,-0.45085,-0.015062,-0.17945,0.043312,-0.0051769,-0.17411,-0.071189,-0.021688,-0.11488,-0.016627,-0.01477,2.0159,-1.553,0.40031,-0.4144,0.38372,0.51405,0.57737,-0.53292,0.029751,0.25261,0.39699,-0.10464,0.36372,-0.096388,0.24276,0.037456,-0.050701,-0.041296,-0.23171,0.14143,0.18766,0.20051,0.17025,0.22912,0.057921,0.33719,0.1691,0.29374,0.044355,2.9326,-1.6856,-0.7618,0.19988,-0.249,0.16974,0.25658,0.43246,-0.27366,-0.63396,-0.39773,0.17301,-0.23275,0.14317,-0.10727,0.061422,0.18122,0.24397,0.051252,-0.18332,-0.15707,0.18606,0.032701,0.061855,-0.29551,-0.050747,0.012205,-0.21417,-0.054857,-0.14135,-0.037889,2.3253,0.93089,0.36887,0.061205,-0.19381,-0.060787,-0.15223,-0.42781,0.27614,-0.25182,0.28031,0.023254,-0.10556,-0.30923,0.076654,-0.16638,0.036527,-0.37897,-0.07761,-0.086131,-0.10784,0.10273,-0.13624,-0.31217,0.38709,-0.057733,0.13862,-0.24335,0.1254
0.28032,0.29986,0.16768,0.054114,0.019635,0.013142,-0.012986,-0.0061466,0.01418,0.051238,0.078365,0.066472,0.058611,0.056325,0.067387,0.099458,0.071596,-0.047857,-0.15014,-0.17213,-0.12574,-0.049485,0.034025,0.074843,0.016816,-0.045172,-0.037593,-0.024103,0.011717,0.10678,0.16214,0.057296,-0.081001,-0.054322,-0.032228,0.030738,0.071769,0.064092,0.026878,-0.011395,0.020696,0.061506,0.052461,0.035007,0.054889,0.050217,-0.019912,-0.06186,-0.11609,-0.17378,-0.21228,-0.2407,-0.23393,-0.22851,-0.25124,-0.19139,-0.11024,-0.055716,-0.0081114,0.018339,0.03189,0.050558,0.032038,-0.0026444,-0.013926,-0.039475,-0.064568,-0.016016,0.060413,0.02938,0.016113,0.048005,0.069064,0.064869,0.078037,0.094774,-0.053731,-0.19462,-0.13898,-0.013275,0.048673,0.056428,0.033678,0.020728,0.011604,0.00048391,-0.0030294,0.0048793,0.015792,0.020718,0.015639,0.009743,0.011296,-0.020359,-0.036232,-0.0056311,0.087824,0.16038,0.027515,-0.094558,-0.56883,-0.36513,-0.1177,-0.063087,-0.058476,-0.0020892,0.066796,0.049102,0.0025236,-0.015581,-0.020208,-0.034723,-0.015643,0.02628,0.065523,0.099061,0.066344,-0.043981,-0.15209,-0.1981,-0.15624,-0.0016253,0.11846,0.094618,0.077763,0.082743,0.067389,0.070932,0.029615,-0.016196,0.0070362,-0.63229,-0.58608,0.096212,-0.067814,-0.070245,-0.062832,-0.082976,-0.065912,-0.02494,0.0123,0.030134,0.023772,0.0030653,-0.028065,-0.051109,-0.095503,-0.11535,0.010087,0.15349,0.11276,-0.0018549,0.12135,0.22293,0.23425,0.22789,0.15724,0.067238,0.028235,-0.0090904,-0.011779,0.055549,0.14478,0.16219,0.13902,0.12456,0.1487,0.16482,0.032711,-0.073053,-0.061166,-0.043824,-0.030544,-0.010699,-0.029945,-0.030713,-0.018181,-0.00016687,-0.013378,-0.06242,-0.095217,-0.037174,0.037602,0.018361,0.026978,0.050086,0.075364,0.087569,0.074093,0.041461,-0.0024781,-0.054123,-0.092387,0.018689,0.10566,0.095916,0.10676,0.10355,0.018915,-0.058691,-0.016389,-2.2102,-1.7008,-0.20521,0.48764,0.26446,-0.56569,0.44201,0.019794,0.16895,0.59131,0.16102,-0.068358,0.044044,0.0038973,0.18943,0.70045,-0.060409,0.13319,0.17347,-0.42222,-0.15169,0.34099,0.12855,-0.10292,-0.39402,0.15305,0.098955,0.14766,0.061043,2.2438,1.4177,0.45207,-0.89292,-1.3064,-0.64344,0.58823,-0.25022,0.9298,-0.19785,-0.19673,0.25909,-0.14055,-0.029806,0.043547,-0.029704,-0.048041,-0.024249,-0.2442,0.20676,0.25296,0.26512,-0.20183,-0.11533,0.12967,0.28434,-0.32039,0.25107,0.17076,-0.35854,2.0473,1.0766,0.52427,-0.83949,-0.93575,-0.31975,0.13484,0.055842,0.94425,0.19438,0.060596,-0.53037,0.063239,-0.12158,-0.030534,0.68143,0.0043589,-0.48318,0.086495,-0.19575,-0.12825,-0.12621,0.040009,-0.047886,-0.056867,0.090358,0.098355,-0.25779,-0.28643,-0.080985,-0.29659,1.9706,-0.54498,0.79646,-0.31755,0.0018531,0.51171,0.67352,-0.57488,-0.11287,0.0911,0.10351,-0.10787,0.12908,0.40571,0.081324,0.21808,-0.2366,-0.10404,-0.10043,0.13245,0.16336,-0.4116,-0.28154,0.34809,0.14422,-0.098155,0.10053,-0.11003,-0.1427,2.9529,-1.4187,0.28657,0.35266,-0.25768,-0.14592,0.51931,0.13897,-0.44919,-0.19459,-0.26602,0.30487,0.2392,0.051421,-0.21123,0.069635,0.21572,0.18697,-0.055449,0.30671,0.04649,-0.46095,-0.047001,-0.12541,-0.031548,0.090584,0.19271,-0.54453,-0.042137,0.05075,-0.14766,1.8871,0.15439,0.3828,-0.27465,-0.26439,0.14138,0.30001,0.17583,0.9433,-0.50026,0.01937,0.22681,-0.29823,-0.14424,0.086313,-0.29573,0.11411,-0.0533,0.20737,0.076844,0.15637,0.20562,0.04008,-0.046641,-0.00090798,0.30212,-0.21758,-0.10052,0.21752
0.36665,0.31137,0.12511,0.14006,0.17854,-0.041649,-0.21581,-0.19289,-0.14329,-0.12408,-0.01517,0.097772,0.08078,0.055096,0.092331,0.13632,0.11767,0.11403,0.11639,0.034387,-0.045994,-0.034295,0.011291,0.1125,0.15992,0.1233,0.0032549,-0.013329,0.096308,0.11192,0.1191,0.040074,-0.44633,-0.48052,-0.072609,-0.10145,-0.081784,-0.074036,-0.079896,-0.11244,-0.089391,-0.063175,-0.07031,-0.083302,-0.039178,-0.047891,-0.031774,0.072596,-0.014741,-0.22242,-0.17838,-0.13806,-0.14784,0.023647,0.060867,-0.096601,-0.098078,-0.0038434,-0.022126,-0.054499,-0.060919,-0.077351,-0.085592,-0.070843,-0.038773,-0.054262,-0.055704,-0.00023193,0.04022,0.027092,-0.014988,0.0070228,0.071855,0.11715,0.14428,0.14306,0.017808,-0.079625,-0.018485,0.13815,0.19814,0.078699,-0.077591,-0.096865,-0.071346,-0.037707,-0.02025,-0.0095628,0.00045377,0.00070217,0.0061622,0.047859,0.11732,0.1353,0.0027979,-0.10496,0.018751,0.21046,0.23323,0.16166,-0.68301,-0.41623,-0.11891,-0.08548,-0.094022,-0.0091595,0.13631,0.14941,0.076902,-0.0074454,-0.067719,-0.097512,-0.1219,-0.11163,-0.070927,-0.065273,-0.08017,-0.079868,-0.083993,-0.11667,-0.15725,-0.13743,-0.081071,0.13564,0.23606,0.17943,0.21169,0.2716,0.28986,0.24303,0.13618,-0.14743,-0.58173,-0.81924,-0.30133,-0.039077,-0.025457,-0.0075631,-0.0024086,0.049855,0.068489,0.073249,0.082209,0.062327,-0.13434,-0.28226,-0.17252,0.0081874,-0.055059,-0.23926,-0.14819,0.27638,0.25715,0.050734,0.016322,0.18545,0.2543,0.12876,-0.0062394,-0.056843,-0.087507,-0.10858,-0.11432,-0.096047,0.043133,0.21279,0.17886,0.052663,-0.052593,-0.10235,-0.098358,-0.070033,-0.049181,-0.024724,0.0061291,0.038431,-0.023849,-0.071055,-0.079365,-0.12088,-0.14149,-0.028056,0.15859,0.18185,0.17425,0.13632,0.091224,0.033116,-0.028903,-0.047821,-0.0072994,0.077177,0.29179,0.3262,0.10692,-0.039515,0.051535,0.15018,0.13484,0.095111,-0.020705,-2.6388,-1.4347,-0.48016,0.74775,0.084034,-0.24321,0.033046,-0.78077,0.60721,0.11065,0.36994,0.26678,0.12047,-0.27029,0.066668,0.63758,-0.048178,0.024314,-0.33932,-0.27278,-0.13869,0.039691,0.17805,0.055991,-0.080407,-0.22401,0.20005,0.052895,0.0058938,2.185,1.5416,1.1283,-0.40867,-1.5665,-0.13644,-0.54353,-0.54691,0.72926,-0.37062,-0.12962,-0.050187,-0.47287,0.015832,-0.044115,-0.13103,-0.051352,-0.31591,-0.18122,0.15693,0.089745,0.049281,-0.19344,0.15037,0.23007,0.24272,0.040525,0.30029,-0.048887,0.095679,1.886,1.3756,0.60665,-0.61797,-1.0255,-0.054636,0.35493,-0.2482,0.88105,0.51936,-0.34589,-0.29269,0.45816,0.18576,0.38188,0.14794,0.030904,0.11247,0.024943,0.01611,-0.25078,-0.12389,0.095897,0.13884,0.24665,-0.34939,-0.029101,-0.02653,-0.62233,0.051226,-0.60209,1.9949,-1.0662,0.51461,-0.38586,-0.057929,0.52636,0.86318,-0.80714,-0.27273,0.4474,0.51351,0.11698,0.021008,0.08266,0.2573,0.067455,-0.34661,-0.3147,0.097388,0.52517,0.21088,-0.2184,0.056855,0.22166,0.50131,0.21876,0.33428,0.2737,-0.074584,1.9371,0.31846,-0.84394,0.31291,-2.4579,-0.34448,-0.33315,-0.14309,0.13073,-0.95725,-0.32485,-0.18854,0.37627,-0.053347,-0.11602,-0.12084,0.50817,-0.3876,0.2237,0.13589,-0.22445,-0.095806,-0.057892,0.31281,-0.20937,0.39532,0.40596,-0.45833,0.079247,0.017969,-0.45583,2.1851,0.78079,0.25164,-0.37918,0.21949,0.38383,0.053847,-0.65171,0.64698,-0.34834,0.062693,0.38572,0.10341,-0.19082,0.0024135,-0.46256,0.23106,-0.15628,-0.0052237,0.11361,-0.10292,0.043204,0.093238,0.12283,0.096774,-0.012792,-0.209,-0.23282,-0.028959
-0.071879,-0.01432,-0.017884,-0.0067744,0.030605,0.016806,-0.052902,-0.010563,0.079103,0.082609,0.071407,0.057632,0.041239,0.043657,0.080296,0.11668,0.12075,0.0865,-0.01975,-0.10345,-0.071419,0.012541,0.096736,0.057111,-0.06521,-0.089182,0.040104,0.17255,0.15486,0.14911,0.24601,0.18197,-0.1269,-0.060842,0.041842,0.035069,0.04253,0.0012,-0.066767,-0.046552,-0.0086967,-0.02782,-0.053817,-0.10017,-0.15957,-0.12721,-0.044581,-0.04808,-0.17709,-0.23558,-0.070957,0.005753,0.043776,0.11073,0.12648,0.029853,-0.054661,-0.060116,-0.034101,0.010154,0.028045,0.025737,0.0060332,-0.023353,-0.0831,-0.18186,-0.19067,-0.059742,0.029206,-0.039235,-0.026478,0.045574,0.098442,0.12693,0.15499,0.12428,0.01196,-0.059845,-0.055107,-0.038301,-0.029307,-0.016215,0.00064938,0.0090929,0.0076621,0.0027115,0.0015441,0.0071353,0.011545,0.0080874,-0.00042264,0.0041226,-0.014561,-0.0022181,-0.011956,-0.069509,-0.059307,0.017972,0.079351,0.074262,-0.17075,-0.13801,-0.08996,-0.090367,-0.09076,-0.08877,-0.063242,0.016565,0.070556,0.023039,-0.018502,-0.051417,-0.068907,-0.036592,0.0352,0.076988,0.076502,0.041445,-0.084239,-0.22528,-0.19618,-0.073463,0.020339,0.13171,0.15975,0.11558,0.11604,0.1109,0.12391,0.11646,-0.0026115,-0.16214,-0.44202,-0.40928,-0.10735,-0.18505,-0.22129,-0.19851,-0.13302,-0.051824,0.002668,0.0070268,-0.047274,-0.13844,-0.1758,-0.06514,0.09684,0.037189,-0.15232,-0.20779,-0.01816,0.13121,0.028975,-0.089459,-0.11139,0.015401,0.16617,0.18714,0.14009,0.086836,-0.013195,-0.047481,0.046123,0.22946,0.41889,0.48335,0.41268,0.28163,0.033181,-0.10275,-0.077485,-0.052194,-0.034745,-0.0083667,-0.074286,-0.13213,-0.098159,-0.063191,-0.056061,-0.010837,0.078628,0.096327,0.049084,0.018636,0.018606,0.025664,0.033812,0.031248,0.0073826,-0.031899,-0.074672,-0.084745,0.12105,0.23777,0.1491,0.024441,-0.043895,-0.019514,0.060282,0.11862,-0.39182,-2.0527,-1.4367,-0.24708,0.31907,0.043474,-0.27143,0.64264,-0.0014333,0.69223,0.59603,0.37412,-0.31341,-0.11213,0.23126,0.2663,0.79629,-0.17243,-0.030066,0.098587,-0.30048,-0.21186,0.13297,0.0058299,-0.054602,-0.12353,-0.34987,0.086048,-0.03098,-0.339,2.4732,0.86179,0.63408,-0.63835,-1.637,0.0073124,-0.23281,-0.49679,0.19188,-0.02972,-0.16791,-0.4293,-0.73859,0.18891,0.16245,0.093991,-0.046814,-0.061602,-0.19821,0.16295,0.20423,0.0027436,0.1641,0.27894,-0.084254,-0.0074203,0.066343,0.37743,-0.24681,-0.23091,2.0006,0.78875,0.58964,-0.87489,-0.23728,0.54628,0.28996,-0.20166,0.72598,0.4064,-0.0019107,-0.35974,0.12042,0.012636,0.18288,0.383,0.22966,0.20937,-0.26986,-0.3078,-0.12932,-0.18134,0.065319,0.37374,0.21463,-0.041094,-0.15771,0.10449,0.011098,-0.22082,-0.22413,1.5655,-0.61716,0.55202,-0.095221,-0.13733,0.022107,0.56517,-0.42248,-0.4301,-0.011604,0.55739,-0.064633,0.031163,0.56061,0.36506,-0.014889,-0.0067859,0.098288,0.049784,-0.64706,0.052422,-0.096268,0.062272,0.32462,0.1707,-0.1304,-0.42255,-0.052437,-0.062232,3.0046,-1.3915,0.32761,0.28232,0.11476,-0.33406,0.41806,-0.16714,-0.12392,-0.63753,-0.37808,0.42109,0.041735,0.057535,0.17814,-0.079129,0.13518,0.071018,0.41946,0.22462,-0.18594,-0.2888,0.04414,0.22282,-0.17055,-0.12604,0.16877,-0.042836,-0.0050025,-0.1187,0.0045797,1.6828,0.4107,0.25675,-0.42244,-0.013866,0.046978,-0.22594,-0.1499,0.4747,-0.4464,0.19302,0.68108,-0.11802,-0.10018,0.26351,-0.37368,-0.097691,-0.35188,-0.046136,0.38043,-0.287,0.45305,0.2621,0.12392,0.14994,-0.054176,-0.10796,-0.023973,-0.029359
0.3531,0.33319,0.080342,-0.21657,-0.29763,-0.098051,0.091386,0.074825,-0.0052667,-0.049457,-0.039484,-0.022273,-0.03334,-0.030346,0.0039368,0.024953,0.023135,0.059321,0.10933,0.1172,0.052161,-0.005065,-0.020092,-0.01087,0.051482,0.065627,-0.0065345,-0.086795,-0.051211,-0.036237,-0.057228,-0.068995,-0.10283,-0.0078884,0.094792,0.099268,0.073031,0.10731,0.13818,0.10887,0.078364,0.060746,0.041324,0.075525,0.1025,0.073095,0.046856,0.0050849,-0.06113,-0.090933,-0.056471,-0.079806,-0.17247,-0.22928,-0.24496,-0.1681,-0.11501,-0.092357,-0.083569,0.04966,0.14955,0.14115,0.060738,-0.027681,-0.024696,-0.043585,-0.04197,0.0055681,-0.018931,-0.053274,-0.001572,-0.017235,-0.034122,-0.009685,0.04454,0.071296,0.094483,-0.021049,-0.1373,-0.10322,0.024865,0.061467,0.017293,-0.0044236,0.015965,0.036039,0.043498,0.036843,0.030652,0.032846,0.027494,0.023832,0.022234,-0.025415,-0.0031334,0.08767,0.14176,0.21337,0.048347,-0.1715,-0.65599,-0.39731,-0.068037,0.079556,0.11389,-0.0085675,-0.16591,-0.19655,-0.14686,-0.13425,-0.086842,-0.016747,-0.0050403,0.056866,0.072125,0.026398,0.02254,0.05524,0.093254,0.10119,0.019076,-0.070069,-0.090461,-0.11851,0.013688,0.1109,0.08147,0.064289,0.033195,0.030472,0.035679,-0.15544,-0.24533,-0.33055,-0.23556,-0.097886,-0.034366,-0.029292,-0.044551,-0.03591,-0.019816,-0.061426,-0.089768,-0.043919,0.067687,0.14892,0.10907,0.025457,-0.058248,-0.11939,-0.067358,0.12695,0.20367,0.094102,-0.024633,-0.074993,-0.098256,-0.082584,-0.045697,-0.096217,-0.1775,-0.17916,-0.051392,0.11916,0.23188,0.23875,0.15979,0.070487,0.01166,0.051681,0.10929,0.11472,0.12568,0.093108,0.073833,0.10753,0.13786,0.059677,-0.0071783,-0.022658,-0.083382,-0.13207,-0.058872,0.044305,0.0070077,-0.043172,-0.079231,-0.080723,-0.03387,-0.0025811,-0.025488,-0.059151,-0.097935,0.0080386,0.14329,0.18338,0.23841,0.28676,0.15191,-0.032983,-0.21094,-1.9319,-1.6492,-0.29294,0.19414,0.43832,-0.47844,0.096904,-0.04573,-0.020685,0.3837,-0.56771,-0.027697,-0.22079,-0.39093,-0.11661,0.33298,0.071857,-0.1677,-0.14239,-0.20096,0.15467,-0.15138,-0.09926,-0.047813,0.13571,0.26706,-0.0030866,0.16619,0.23097,2.4203,0.88287,0.60457,-0.13548,-1.1991,0.75502,-0.91241,-0.47626,-0.50922,-0.080905,-0.28051,0.24345,0.074102,-0.075709,0.3742,0.48884,0.016937,0.093893,-0.1905,-0.1073,0.072139,0.4372,0.14978,-0.53603,-0.092048,0.095929,-0.40495,-0.15318,0.11991,-0.17724,2.1494,0.71119,0.46842,-0.56228,-1.153,-0.49139,-0.47947,-0.23864,0.74459,0.085657,0.23289,0.19239,-0.2198,-0.34717,0.43125,0.085982,0.068257,-0.2885,0.15037,0.088367,-0.63712,0.19762,0.093108,-0.0012152,-0.072359,0.05601,0.1022,-0.16894,-0.096329,0.148,-0.2837,1.6798,-0.657,0.50588,-0.24774,0.50606,0.1762,0.33422,-0.23323,-0.45661,-0.22359,-0.13553,-0.75156,0.32731,0.15729,0.5747,0.30549,-0.21369,0.18993,-0.32975,0.10427,-0.13207,-0.17693,0.2942,0.37812,-0.26944,0.2175,-0.24212,0.11249,0.046914,3.1587,-0.80019,0.26928,0.43658,0.21095,0.42999,0.55166,0.21979,-0.69451,-0.47598,0.16381,0.1711,0.23226,0.57269,-0.22942,0.020167,0.13393,0.31748,-0.052024,-0.30242,-0.03962,0.056706,0.13458,-0.17169,-0.41234,0.081414,0.089891,-0.33256,-0.28865,-0.11089,-0.11949,1.6524,0.10914,0.32789,-0.23027,-0.42397,-0.16885,-0.11915,-0.11997,0.42234,-0.22864,-0.16398,-0.13662,-0.61848,0.17997,0.14218,-0.55785,0.22012,-0.17867,0.15023,-0.069118,0.11209,0.029057,-0.070412,-0.073145,-0.264,0.16603,0.31654,-0.27935,0.042068
-0.025255,-0.019583,0.18862,0.37532,0.18984,-0.0078981,0.019629,0.072042,0.06579,0.075818,0.096299,0.073905,0.044639,0.019093,0.015312,0.070685,0.10962,0.08375,0.083672,0.071641,0.039049,0.016962,0.0069962,0.062567,0.10526,0.10975,0.09355,0.071081,0.050114,0.15169,0.2922,0.21339,-0.011466,-0.21701,-0.174,-0.096785,-0.056275,-0.054607,-0.092124,-0.11258,-0.12216,-0.14184,-0.11953,-0.10277,-0.13952,-0.18598,-0.1556,-0.1593,-0.19535,-0.082421,0.037104,0.076363,0.085376,0.0036025,-0.088735,-0.098219,-0.024476,-0.040841,-0.11075,-0.095304,-0.07864,-0.068468,-0.052143,-0.04091,-0.077647,-0.14115,-0.11786,-0.0021568,0.032537,-0.033211,-0.028072,-0.014649,0.04235,0.15336,0.23555,0.18907,0.08283,0.13058,0.27753,0.2379,0.053639,-0.064575,-0.058688,-0.024712,0.0045878,0.016623,-0.032505,-0.081421,-0.082871,-0.082185,-0.083023,-0.053919,0.011579,0.03513,-0.06341,-0.1407,-0.027888,0.15591,0.26882,0.29776,0.11835,0.12356,-0.11873,-0.28552,-0.28269,-0.11941,0.00040766,-0.082273,-0.11107,-0.11226,-0.14642,-0.18656,-0.17359,-0.11942,-0.044426,0.025708,0.039349,0.017237,0.020583,0.010395,-0.023815,-0.054347,-0.07547,0.096901,0.19895,0.15278,0.12255,0.11301,0.13058,0.1157,-0.054005,-0.14392,-0.036778,0.084714,-0.076006,-0.087822,-0.13442,-0.13651,-0.099463,-0.036504,0.029477,0.10326,0.12064,0.096023,0.067487,0.068247,-0.053014,-0.17265,-0.17885,-0.085592,0.07196,0.11315,0.060617,0.10379,0.18334,0.22215,0.21238,0.099935,-0.022924,-0.0039731,0.0188,0.035889,0.040845,0.13303,0.33505,0.41266,0.31222,0.14855,-0.0070396,-0.054123,-0.015813,0.00035424,-0.1259,-0.21555,-0.17426,-0.15409,-0.14184,-0.13255,-0.13926,-0.13187,-0.0034069,0.13053,0.09426,0.043973,0.0083937,-0.013758,-0.01263,0.011908,0.035467,0.022457,0.0086948,0.051202,0.20991,0.21755,0.021638,-0.10581,-0.019645,0.083938,0.14298,0.19399,-0.68613,-2.4917,-0.7468,-0.49216,0.17544,0.36959,0.2055,0.20943,-0.22726,0.91009,0.25077,0.51555,-0.41704,0.22719,0.1176,0.36589,0.33853,0.033212,-0.42756,0.017665,0.11816,0.087753,0.16985,0.11844,0.021298,-0.21685,-0.11335,0.0070295,0.042879,-0.15505,2.1733,1.0995,1.277,-0.13043,-1.1312,-0.42678,0.80272,0.043771,0.95398,-0.14211,-0.15911,-0.45152,-0.38948,0.34194,-0.12794,0.19738,0.19282,-0.13849,-0.63259,-0.18992,0.12588,0.16232,-0.27561,-0.12516,-0.033965,-0.19278,-0.048372,0.34519,0.1286,-0.3901,1.9463,1.4352,-0.35239,-0.39492,-0.65386,-0.78456,0.062059,-0.42874,0.8923,0.33665,-0.0030858,-0.23334,0.023167,0.44306,-0.27708,0.51593,0.12858,-0.27302,-0.50461,-0.32176,-0.090786,-0.03802,0.19068,0.037397,0.23461,-0.37161,0.056456,-0.20953,-0.0079997,-0.0048688,-0.31459,1.197,-1.3066,0.28185,-0.16408,0.37981,0.30695,0.63457,-0.58967,-0.27212,0.15904,0.72203,0.046898,0.30713,0.16441,0.25178,0.22472,-0.053019,-0.2001,0.10178,-0.32678,0.43606,-0.12251,-0.076597,0.26885,0.30022,0.074329,-0.14936,-0.02945,0.12947,3.1503,-1.1436,-0.56599,0.18175,-0.077856,-0.36908,-0.077603,0.34855,0.005803,-1.0379,-0.74728,0.19466,0.092991,0.061643,-0.023851,-0.25813,0.12036,0.34701,0.16795,0.12412,-0.0044385,0.20331,-0.24458,-0.12028,-0.04993,-0.20787,0.12539,-0.20025,-0.38029,-0.050734,-0.31676,1.4257,0.90429,0.19727,0.11583,-0.15097,0.048398,-0.21706,-0.48574,0.35694,-0.44566,0.48102,0.40142,-0.33081,-0.48433,0.023824,-0.29143,0.17834,-0.37832,0.2336,0.049413,-0.24726,0.39488,0.16173,-0.11282,-0.13518,-0.26814,-0.26307,-0.049805,0.37661
0.34714,0.20012,-0.050561,0.060182,0.21516,0.095798,-0.06379,-0.061102,-0.022126,-0.0039082,-0.0087961,-0.025244,-0.043664,-0.0072918,0.068026,0.11053,0.14038,0.15663,0.14549,0.068112,-0.0062756,-0.015213,0.0075052,0.0538,0.072639,0.033074,0.011823,0.0098964,-0.0043578,-0.03774,0.027171,0.1919,0.034041,-0.073739,-0.1098,-0.065165,-0.012792,0.08129,0.10481,0.036117,-0.025589,-0.052902,-0.05112,-0.0031188,-0.0018476,-0.023257,-0.015496,-0.031784,-0.098154,-0.13218,-0.036592,-0.030099,0.01073,0.015585,-0.091261,-0.077303,0.061153,0.12019,0.014697,-0.092437,-0.074245,-0.060848,-0.053407,-0.046269,-0.057832,-0.10692,-0.13522,-0.065934,0.003551,0.0050999,0.062978,0.029082,0.030023,0.089538,0.11577,0.12379,0.13144,0.053626,-0.010583,0.060489,0.17377,0.13321,-0.027983,-0.14032,-0.14864,-0.11894,-0.093278,-0.03517,0.017547,0.016441,0.0048881,-0.0019449,0.010573,0.011773,-0.019057,-0.072965,-0.079005,0.0015058,-0.039966,-0.13832,-0.68952,-0.35576,-0.011756,-0.029161,-0.078335,-0.011638,0.12991,0.14634,0.087955,0.0059388,-0.050278,-0.062742,-0.059052,-0.026096,0.05315,0.10021,0.11156,0.11093,0.10287,0.040312,-0.036621,-0.048566,-0.038145,-0.04667,0.039215,0.10148,0.075723,0.072557,0.087993,0.15614,0.24045,0.069988,-0.34039,-0.41941,-0.019561,-0.029236,-0.050115,-0.14821,-0.20161,-0.099127,0.051848,0.16028,0.19126,0.1391,0.03646,-0.12432,-0.18046,-0.15141,-0.15494,-0.15136,0.038052,0.21942,0.073338,0.0041614,0.094622,0.090903,-0.068201,-0.14551,-0.048256,0.040021,0.063658,0.066277,0.057899,0.092616,0.20496,0.2768,0.26948,0.23424,0.089689,0.028207,0.066907,0.012173,-0.02747,-0.0074666,0.018614,0.049219,0.076185,0.0099048,-0.0606,-0.084737,-0.12554,-0.15111,-0.067061,0.078526,0.12023,0.099278,0.056277,0.021673,-0.022462,-0.079594,-0.11458,-0.12529,-0.10889,0.024577,0.070538,-0.022683,-0.073523,0.029659,-0.0038577,-0.1557,-0.39396,-2.3579,-1.2354,-0.52027,0.034385,-0.061775,0.38489,0.4253,-0.6526,0.49294,0.35077,0.35734,-0.080972,0.0092294,0.24813,0.7606,0.37484,0.14487,-0.19341,-0.30262,-0.064157,-0.1478,0.30484,0.0067624,-0.12722,0.026591,-0.087115,0.085836,0.25997,-0.16255,2.4052,1.2209,0.88137,-0.15073,-1.2735,0.62353,-0.49153,-0.62099,-0.32455,-0.43496,0.0073101,0.067317,-0.56202,0.049935,0.44395,0.27219,0.29076,0.0089179,-0.58138,-0.20142,-0.17828,0.2297,0.041532,0.13586,0.15419,0.3513,-0.078472,0.039069,-0.19033,-0.077002,2.0891,1.1066,0.91216,-0.53456,-0.61551,-0.15881,0.11095,-0.46347,1.0053,0.0076644,-0.090082,0.10346,0.090091,0.0025543,0.036993,0.19537,0.060309,-0.07528,-0.4255,-0.078929,-0.27071,-0.060627,-0.12874,-0.11864,0.069233,-0.40768,0.035949,-0.073852,-0.61967,-0.037922,-0.17983,1.9403,-0.79475,0.4955,-0.30291,0.10294,0.14103,0.59889,-0.50519,0.0080667,0.19627,0.41588,-0.091591,0.54606,0.33707,0.23746,0.18894,-0.14189,-0.056918,-0.10355,0.1888,0.15486,0.2496,-0.0061693,0.28243,0.41033,-0.00064419,-0.091846,-0.020042,-0.045624,3.0468,-1.1458,-0.2031,0.25673,-0.44167,0.10039,0.49081,0.086186,-0.34781,-0.66558,-0.45663,0.043968,-0.18834,0.34241,-0.2178,-0.045037,0.2251,0.30736,0.0080489,0.057257,-0.08289,-0.14362,-0.068611,-0.01484,-0.22813,-0.04453,0.020761,-0.56052,0.2117,-0.007895,-0.32797,1.9104,0.24515,0.21293,-0.01128,-0.15607,-0.0352,0.10683,0.32094,0.74446,-0.54231,0.15258,0.42346,-0.44569,-0.099798,-0.041622,-0.38154,0.22932,-0.12216,-0.060103,0.30912,-0.20549,0.045991,-0.018567,-0.2175,-0.27081,-0.20893,0.031162,-0.49092,0.20202
-0.23813,-0.23661,-0.12979,-0.10635,-0.083311,0.039006,0.062019,0.016523,-0.010501,-0.032288,-0.04497,-0.00858,0.026813,0.0073498,-0.01253,-0.019254,0.0096655,0.10246,0.20477,0.25253,0.22112,0.10987,-0.01168,-0.028271,0.12407,0.26395,0.25173,0.12204,0.089763,0.22994,0.3377,-0.034345,-0.32894,-0.096397,-0.072942,-0.035484,-0.037619,-0.10009,-0.19113,-0.098077,0.0039683,-0.013794,-0.047187,-0.088815,-0.13608,-0.04455,0.1044,0.11643,0.0086587,-0.014263,0.061572,0.056827,0.13272,0.16978,0.08155,-0.046427,-0.10464,-0.090127,-0.075564,-0.059958,-0.044709,-0.04921,-0.061478,-0.056724,-0.060758,-0.1104,-0.15109,-0.1745,-0.17752,-0.13769,-0.17057,-0.16392,-0.14756,-0.12492,-0.033546,0.13619,0.34856,0.45412,0.33605,0.12729,-0.036849,-0.085123,-0.059296,-0.014975,-0.020939,-0.04154,-0.03105,-0.015449,-0.0070973,-0.010255,-0.065368,-0.11034,-0.059542,0.11855,0.18616,0.031219,0.02204,0.2286,0.4635,0.57938,0.38198,0.07133,-0.196,-0.16431,-0.10675,-0.16465,-0.12651,-0.015263,0.0099702,0.034159,0.031954,0.00031137,-0.027261,-0.038424,-0.040315,-0.030145,0.016,0.093562,0.15658,0.19238,0.18874,0.11436,0.0075341,-0.0048942,0.12321,0.17428,0.14362,0.17281,0.21793,0.21002,0.10624,-0.71796,-0.66547,0.072508,-0.23621,-0.31292,-0.34021,-0.28675,-0.17945,-0.057485,-0.020664,-0.095075,-0.16517,-0.20133,-0.17753,-0.039494,0.162,0.17635,-0.0019119,-0.036441,0.18631,0.1936,-0.076917,-0.16173,-0.044275,-0.015982,-0.066735,-0.054464,-0.045128,-0.015911,0.018701,-0.0074259,-0.049576,-0.0052953,0.12375,0.26561,0.31082,0.15927,0.080144,0.013989,-0.069901,-0.03246,-0.01629,-0.0019455,-0.094894,-0.15762,-0.11402,-0.10266,-0.12258,-0.010831,0.14666,0.14947,0.099566,0.043298,0.054353,0.091747,0.085437,0.04785,-0.0061073,-0.053884,-0.05692,-0.047209,-0.0036789,0.21667,0.29024,0.14312,0.078967,0.13553,0.22571,0.30582,-0.4483,-1.7525,-1.0218,-0.56415,0.053023,0.38259,-0.12377,0.237,-0.96362,0.88069,0.14292,0.46477,0.034703,0.016536,0.039385,0.37998,0.53255,-0.38426,0.14043,-0.22708,0.091317,-0.24774,0.16033,0.28993,-0.057951,-0.19751,-0.05198,0.2387,-0.057762,0.033279,2.4736,0.67347,0.67597,0.19982,-1.0016,0.41077,-0.75079,-1.0745,0.25115,-0.32771,0.054846,-0.3676,-0.62087,-0.23804,0.059357,0.19249,0.52898,-0.45707,0.078151,-0.30198,0.11403,0.18134,0.31603,-0.34208,0.047586,0.52683,-0.21255,0.47496,0.16961,-0.36616,2.1632,0.63659,0.33998,-0.35292,-0.8618,0.38039,0.20339,-0.61649,1.6382,-0.022703,-0.11646,-0.21486,0.25196,0.41764,0.20843,0.40263,-0.41128,-0.62638,0.051595,-0.1193,-0.20386,0.071259,-0.45509,-0.084181,0.51741,-0.16834,0.24465,0.031862,-0.1788,-0.031214,-0.015676,1.3056,-0.7207,0.39252,-0.50544,0.092951,0.14744,0.9952,-0.42065,-0.29787,0.38643,0.81666,-0.051241,0.11195,0.26225,0.71686,0.14532,-0.2161,-0.33115,0.32524,0.26087,-0.36119,-0.45466,0.0088792,0.27681,0.24367,0.26189,-0.30626,-0.043369,-0.0024648,3.179,-0.79819,-0.0016821,0.28447,0.085831,-0.37226,0.98121,0.46144,-0.14823,-0.84158,-0.41265,0.091237,0.25255,0.40216,-0.39132,-0.60111,-0.014847,-0.17224,-0.16542,-0.063192,-0.13884,-0.26932,-0.37124,0.24667,-0.26095,0.19728,-0.20891,0.017346,-0.31127,-0.37221,-0.40098,1.3863,0.32135,0.21888,-0.1485,0.22756,-0.018054,0.13711,-0.6741,0.48755,-0.53296,0.2083,0.64753,-0.31836,-0.35606,-0.015765,-0.54299,0.20349,-0.043098,-0.031219,-0.009237,0.0040224,-0.49175,0.5632,0.38464,0.028773,-0.1356,-0.11215,-0.12359,0.043576
0.51294,0.30769,-0.15303,-0.39082,-0.36433,-0.16699,-0.035747,-0.01869,-0.012721,0.023595,0.059982,0.055211,0.046862,0.036494,0.035387,0.060355,0.058449,-0.010924,-0.080912,-0.10419,-0.08598,-0.042863,0.03382,0.075934,0.020548,-0.032927,-0.034744,-0.017806,0.011088,0.066424,0.16653,-0.019174,-0.21247,0.02783,0.090904,0.037854,-0.010911,-0.034446,-0.030479,0.034301,0.081318,0.069716,0.046991,0.019028,0.048203,0.1001,0.13983,0.15088,0.037046,-0.12256,-0.16981,-0.10969,-0.13985,-0.041473,0.015333,0.022202,0.050543,0.090612,0.024549,-0.061093,-0.040602,-0.015544,0.0053575,0.013585,-0.016245,-0.045797,-0.036554,-0.0031461,0.015904,0.016373,0.072072,-0.0016849,-0.099444,-0.1448,-0.15837,-0.10168,0.030437,0.098046,-0.0060356,-0.13143,-0.12962,-0.022034,0.084119,0.094965,0.05645,0.027632,0.018143,0.019401,0.026243,0.031846,0.033198,0.052049,0.083714,-0.0024105,-0.11805,-0.052409,0.13034,0.18066,-0.18448,-0.41423,-0.77659,-0.41642,0.043566,0.18823,0.15272,0.092312,0.072916,0.064303,0.057668,0.083217,0.098461,0.042491,-0.0017711,2.8013e-05,0.028637,0.066767,0.064444,0.007084,-0.05351,-0.085561,-0.076274,0.02718,0.12981,0.10494,0.089021,0.09619,0.077065,0.078859,0.038358,0.00018226,-0.083666,-0.3459,-0.52418,-0.41672,-0.062532,0.0020789,0.046271,0.065399,0.058389,0.026747,-0.011268,-0.052107,-0.089406,-0.1123,-0.079206,0.073981,0.24105,0.21999,0.030361,-0.1859,-0.2937,-0.071264,0.13152,0.060226,0.015993,0.027341,0.022639,-0.030459,-0.080892,-0.02641,0.11534,0.22964,0.28416,0.27004,0.23133,0.14097,0.028687,0.025331,0.022105,0.023098,0.065355,0.020058,-0.004234,0.019272,0.043044,0.071047,-0.013859,-0.091734,-0.056225,-0.016132,-0.030939,-0.063711,-0.067125,-0.059605,-0.040198,-0.018738,-0.014682,-0.023055,-0.014495,-0.0019675,0.0027046,0.02031,0.028087,-0.00093785,-0.081281,-0.052884,0.060298,0.058874,-0.23521,-0.52295,-0.028854,-1.8976,-1.6862,-0.1519,0.29202,0.053394,-0.052397,0.61452,-0.28278,-0.26386,0.45962,-0.35889,0.16141,0.20192,-0.16851,-0.25075,0.69823,-0.1778,0.076685,-0.20434,-0.43256,-0.53848,0.41467,-0.13497,0.10666,0.060701,-0.071763,-0.1701,0.22416,0.3791,1.8803,2.1236,0.15065,0.11771,-0.50544,-0.069664,0.4881,-0.86327,-0.6438,-0.31003,-0.25405,0.83804,-0.66385,-0.23397,0.2074,0.011085,0.4438,-0.019333,-0.2972,0.1316,0.29116,0.0093025,-0.097923,-0.092988,0.051183,0.10794,0.14994,0.15542,0.33394,-0.055577,2.1804,0.56773,0.70033,-0.67976,-0.97103,-0.20295,0.1979,0.15989,0.83062,0.096111,0.038751,0.3845,-0.094706,-0.039453,0.0062275,0.49986,-0.38448,-0.45824,0.44217,0.16151,-0.34968,-0.29994,0.034375,0.10953,0.020813,0.21095,0.17382,0.21802,0.014919,-0.028746,-0.45805,1.8878,-0.32174,0.84638,-0.27028,-0.21138,-0.037248,0.37108,-0.25376,-0.0068542,0.060636,-0.32019,-0.26417,0.26055,-0.1516,0.48905,0.18491,-0.57941,-0.32494,-0.072195,0.28118,-0.10611,0.14677,-0.071408,0.2804,-0.67245,-0.071771,0.069385,-0.17088,-0.29373,3.0029,-1.1421,0.45548,0.15676,-1.2373,-0.49383,-0.24447,-0.13688,-0.040353,0.54645,-0.1881,-0.093988,0.35406,0.36276,-0.44782,-0.012426,0.28735,0.054193,-0.23647,0.06373,-0.020651,-0.35169,-0.074245,0.058281,0.087278,0.089346,-0.19,-0.19842,-0.11331,0.18948,-0.20227,1.9409,-0.17686,0.47747,-0.3311,0.13297,0.11866,-0.085416,0.54684,0.93043,-0.1417,-0.019204,-0.255,-0.26904,-0.015923,0.010821,-0.29383,0.24993,0.11144,0.37217,0.093228,0.1945,-0.2008,-0.34986,0.15433,0.066923,0.26189,0.11166,-0.048719,-0.052428
0.4739,0.3804,0.14893,-0.1077,-0.33073,-0.30825,-0.10517,-0.017905,-0.0766,-0.12136,-0.037988,0.072368,0.075345,0.054137,0.014734,-0.016635,-0.010596,-0.01962,-0.062314,-0.072535,-0.057526,-0.034249,0.0098783,0.075035,0.11139,0.1099,0.08582,0.063384,0.10156,0.21163,0.28943,-0.17651,-0.40302,0.05041,0.12325,0.13387,0.087107,0.045974,0.020118,-0.0050844,-0.018951,-0.029009,-0.043693,0.064816,0.14772,0.12289,0.095715,0.033038,-0.0065376,-0.093523,-0.18257,-0.19849,-0.14983,-0.10918,-0.065849,-0.023892,-0.0085945,0.003656,-0.034825,-0.070221,-0.054485,-0.037686,-0.019833,-0.0065356,0.12176,0.16003,0.075313,0.039393,-0.057806,0.036659,0.027516,-0.045077,-0.11512,-0.18024,-0.19826,-0.13835,-0.046233,-0.011368,-0.071583,-0.14759,-0.15677,-0.092146,-0.0029788,0.038224,0.03618,0.023765,0.017135,0.020359,0.025879,0.030084,0.034333,0.045845,0.014254,-0.019932,-0.0090344,0.032364,0.15174,0.20844,0.048364,-0.086161,-0.42022,-0.11916,0.19975,0.11851,0.066384,0.080614,-0.061755,-0.13966,-0.077827,-0.03028,0.0038188,0.097954,0.1272,0.090003,0.015604,-0.030289,-0.0043858,0.004482,-0.027121,-0.040408,-0.030785,-0.012689,0.066763,0.17061,0.17757,0.12633,0.09518,0.085802,0.088022,0.064177,-0.0055974,-0.73691,-0.7291,-0.13291,-0.15974,-0.12809,-0.065833,-0.023209,0.0024842,0.01637,-0.0014039,-0.044757,-0.067516,-0.081012,-0.053706,0.036355,0.03915,-0.053163,-0.10667,-0.025175,0.14896,0.079135,-0.081124,-0.14601,-0.11143,-0.075565,-0.07846,-0.057476,-0.016427,0.015957,0.052071,0.091097,0.1271,0.13969,0.17855,0.34044,0.44842,0.21896,-0.036056,0.051065,-0.0049817,-0.042183,-0.015994,0.010931,0.035194,0.059774,-0.012119,-0.072498,-0.037269,-0.007916,-0.014567,-0.021198,0.0055288,0.01692,0.014948,0.029353,0.038316,0.037637,0.034976,0.037225,0.043209,0.038289,0.044515,-0.0097472,-0.079204,0.0079,0.11398,0.099014,-0.037948,-0.17839,0.086171,-1.5201,-1.9864,-0.12092,0.35361,0.34033,-0.33842,0.79746,-0.12836,0.15251,0.31484,0.21159,0.063558,0.17496,-0.070767,-0.17188,0.56328,-0.070112,-0.060152,-0.10896,-0.2998,-0.27348,0.12698,0.085094,0.21978,-0.055395,-0.21404,0.3118,0.084486,0.25934,2.3981,1.1974,-0.037162,-0.62734,-1.2507,-0.05212,0.18817,-0.68303,0.14614,-0.41814,-0.24709,0.264,-0.17302,-0.15292,0.029125,0.11175,0.24582,-0.37894,-0.26416,0.13615,0.29662,0.1654,0.077326,0.084144,0.040124,0.3529,-0.13507,-0.090721,-0.028727,-0.13974,2.2345,0.41341,0.60213,-0.94024,-1.1023,-0.5851,0.44794,0.071831,1.0192,0.10688,-0.018208,0.090362,0.22446,0.030134,0.053633,0.48862,-0.19276,-0.46005,0.13214,0.09653,-0.41527,-0.27999,-0.0045001,-0.022362,0.19398,0.20685,-0.053625,-0.13013,0.024874,-0.16542,-0.29574,1.8142,-0.067955,0.87782,-0.42039,-0.13879,-0.1821,0.36898,-0.68601,-0.2065,-0.032541,0.15523,-0.040559,0.16277,0.26171,0.34919,0.11439,-0.25256,-0.24553,0.22487,0.10346,0.10363,-0.16269,-0.26789,0.52853,0.21814,0.014554,0.032652,-0.015065,-0.17436,3.1108,-0.68729,0.61768,0.44479,-0.5293,0.026896,0.85205,-0.36754,-0.34906,-0.16438,-0.21514,0.16777,0.16735,0.13901,-0.45551,-0.11091,0.46614,-0.045369,0.068301,-0.055942,-0.0043864,-0.10845,0.11449,0.21208,-0.092351,0.21998,0.025041,-0.1748,-0.2434,-0.028507,-0.17143,1.8133,-0.33798,0.58327,-0.59603,0.17568,0.24114,-0.44144,0.013447,0.67351,-0.035685,-0.059324,0.17185,-0.49253,-0.11078,-0.024693,-0.6882,0.17529,0.012726,0.30896,0.027179,-0.001897,0.13576,0.014121,0.35876,-0.21936,-0.14688,-0.24165,-0.11478,-0.41372
-0.1366,-0.24802,-0.10288,0.091877,0.21833,0.098023,-0.072519,-0.10198,-0.094235,0.0028971,0.097518,0.085598,0.076156,0.066534,0.090759,0.13676,0.13724,0.11278,0.087615,0.031794,-0.030752,-0.058356,-0.066761,-0.060179,-0.061602,-0.052433,0.0087662,0.064734,0.051727,-0.027302,-0.12038,-0.080136,0.012229,-0.052536,-0.021973,0.025638,0.022756,-0.026583,-0.046832,-0.037731,-0.041919,-0.047712,-0.059246,0.048249,0.12542,0.10128,0.090906,0.029529,-0.1021,-0.17277,-0.06911,0.050268,0.039999,-0.11875,-0.19968,-0.16963,-0.12701,-0.096528,-0.081908,-0.072756,-0.061951,0.056886,0.1747,0.18611,0.16417,0.039297,-0.089541,-0.0517,0.018436,-0.052364,-0.14107,-0.10713,-0.079686,-0.013027,0.023103,0.032487,0.03944,-0.035635,-0.081741,-0.0099998,0.10416,0.12763,0.087823,0.057686,0.051651,0.036655,0.019396,0.014733,0.01773,0.015772,0.0072131,0.0055432,0.016217,0.058219,0.080661,0.11672,0.072875,-0.09075,0.052971,0.25278,0.87588,0.3965,-0.10303,-0.18965,-0.22596,-0.16164,-0.035572,-0.014824,-0.05049,-0.049943,-0.00067363,-0.004635,-0.0043715,0.0072636,0.062699,0.10629,0.091982,0.069916,0.055579,0.025734,-0.022932,-0.05512,-0.065852,-0.08762,-0.12189,-0.027591,0.070796,0.077325,0.095962,-0.028085,-0.076552,0.38103,0.44403,0.15231,-0.034213,-0.040183,-0.05006,-0.0056965,0.025606,0.022796,0.016459,0.0096589,-0.0089945,-0.11125,-0.14756,-0.050237,0.050132,0.01687,-0.12557,-0.2416,-0.21099,-0.12217,-0.043869,0.10841,0.17757,0.068942,-0.073351,-0.077185,-0.072535,-0.056405,-0.019785,-0.0034065,0.029714,0.039352,-0.034316,-0.018257,0.077508,0.070093,0.082472,0.012563,0.032652,0.077742,0.045675,0.016423,0.037739,0.069707,0.10247,0.036435,-0.038602,-0.061716,-0.10911,-0.15913,-0.10818,-0.022099,-0.033935,-0.020506,0.011438,0.017496,-0.019588,-0.053466,-0.067173,-0.075714,-0.08341,-0.099271,0.098914,0.25316,0.17692,0.086304,0.2433,0.41696,-0.42268,-2.6616,-0.88927,-0.40859,-0.04084,-0.19638,0.17225,-0.42338,0.058762,0.050044,0.8511,-0.52899,-0.12417,-0.16592,-0.36569,0.21261,0.59809,0.062225,-0.23429,-0.30244,-0.15368,0.049756,0.013861,-0.2308,0.072526,0.074142,0.0091619,-0.058662,0.11524,-0.31346,2.6544,1.1441,1.2062,0.20218,-1.3166,0.13552,0.21616,0.80012,0.062747,0.32153,-0.22337,-0.086927,-0.39717,-0.20161,0.24023,0.21059,0.02559,-0.17202,-0.53802,-0.011619,0.042638,0.26397,-0.15963,0.020417,0.067343,-0.22389,0.098484,0.37497,0.33168,0.064061,1.9068,1.3654,-0.049393,-0.49025,-0.070055,-0.24671,-0.87755,-0.22421,0.22516,0.037213,0.048386,-0.27916,-0.17455,-0.10644,0.38187,0.3696,0.082454,0.14809,-0.14762,0.014308,-0.35574,0.16393,-0.030942,0.027575,-0.27377,0.15755,-0.10993,-0.22591,-0.12692,-0.13717,-0.41512,1.2352,-1.2908,0.21817,0.040825,0.75768,0.78378,-0.072384,0.086856,0.031778,-0.07856,-0.016731,-0.34279,0.23955,0.07484,0.74164,0.011396,-0.24692,-0.0063109,-0.29388,-0.093502,0.18609,-0.10667,-0.138,0.25036,0.11802,-0.068023,0.016267,-0.34944,0.12784,2.1824,0.64077,-0.89419,0.076482,-1.7788,0.44097,-1.3159,0.41759,0.22473,-0.29512,-0.063755,-0.38056,0.21105,0.7372,-0.13694,0.033969,0.39069,-0.22651,0.0068512,0.0064952,-0.29029,0.20703,-0.17484,0.061808,-0.086308,0.036081,-0.09536,-0.24356,0.00054459,0.059759,-0.38373,1.4103,0.84653,-0.090956,0.46889,-1.0156,0.18955,0.10197,0.30436,0.085357,-0.29141,-0.047391,-0.28372,-0.30545,0.12279,0.035759,-0.46209,0.22916,-0.23969,0.069949,0.32068,-0.06997,0.20294,-0.079943,0.03383,-0.19552,-0.070645,0.3714,-0.2015,0.21677
-0.19046,-0.12985,-0.13489,-0.20457,0.015629,0.31151,0.14443,-0.063068,-0.10366,-0.059731,0.020916,0.054916,0.043495,0.022198,-0.0073116,-0.033259,0.0090557,0.12247,0.21894,0.2818,0.26248,0.15276,0.047239,-0.00053459,-0.0069768,0.069806,0.1222,0.083454,0.0048134,-0.089259,-0.17588,-0.12989,-0.04845,-0.14412,-0.18824,-0.15442,-0.079483,-0.026266,0.0263,0.030439,-0.00048478,-0.01583,-0.024878,-0.035363,-0.026675,0.061793,0.027203,-0.054758,-0.11563,-0.31895,-0.31181,-0.12044,-0.17116,-0.1797,-0.17518,-0.18536,-0.10815,-0.074104,-0.10192,-0.089062,-0.08729,-0.091441,0.068622,0.21274,0.16681,0.0048347,-0.1363,-0.072456,0.021655,0.0089501,-0.074852,-0.10749,-0.13223,-0.10933,0.032952,0.13644,0.10157,-0.01093,0.0052179,0.15172,0.16826,0.094802,0.055719,0.084019,0.051946,0.019473,0.029206,0.042783,0.039472,0.028004,0.020277,0.018275,0.034359,0.11845,0.29292,0.23586,-0.061081,-0.093421,0.15267,0.29692,0.096571,-0.044455,-0.10738,-0.089066,-0.090441,-0.11605,-0.10903,-0.0016708,0.018956,-0.0093234,-0.019494,-0.0093462,-0.0053965,-0.016115,-0.041071,-0.054402,-0.0033073,0.075658,0.1342,0.18302,0.19219,0.10715,-0.0054589,-0.087468,-0.14131,-0.0047466,0.10754,0.10069,0.11845,-0.0015679,-0.042212,0.41553,0.51311,0.27831,0.13759,0.11476,0.037915,-0.010748,-0.045003,-0.027202,0.0065851,0.023757,0.038801,0.063355,0.057952,-0.12359,-0.32161,-0.34857,-0.25357,-0.30195,-0.35081,0.025882,0.23162,0.22149,0.22592,0.26881,0.27607,0.14577,-0.022723,-0.053522,-0.067311,-0.060364,-0.030146,-0.020225,-0.11383,-0.089338,0.089794,0.068613,0.0691,-0.029054,-0.054084,-0.01345,0.0072412,0.02118,-0.08334,-0.15983,-0.13041,-0.089852,-0.10518,-0.16286,-0.17848,-0.029571,0.14833,0.091699,0.093987,0.12153,0.12551,0.11036,0.095063,0.060876,0.0004374,-0.045765,-0.057324,0.16166,0.34047,0.23991,-0.013195,-0.040763,0.17522,0.32127,-0.44976,-3.3643,-0.57885,-0.77695,0.35883,0.027667,0.39415,-0.031135,0.53071,0.30629,0.4755,-0.65817,-0.70601,0.42577,0.0012178,-0.0084346,0.85939,0.28097,-0.30161,0.33888,-0.37339,-0.15596,-0.079033,0.023148,0.044267,-0.45333,-0.16634,-0.03681,0.16606,-0.098453,2.6452,1.5064,1.8831,-0.12546,-1.2986,0.27188,0.26764,0.47809,0.079062,0.47917,0.19126,-0.23996,-0.24131,-0.098249,0.27635,0.097746,0.3338,-0.31202,-0.84964,-0.069271,-0.21385,0.23048,-0.14846,-0.077582,0.21867,-0.043068,0.071835,0.10356,0.17447,0.13032,1.8886,1.9281,0.75885,-0.12757,0.0032128,0.44435,-0.9308,-0.61345,0.44423,-0.30473,-0.049444,0.070308,-0.17077,0.16252,0.26453,0.25068,0.083888,0.28876,-0.15353,-0.032508,-0.64542,0.22684,0.13409,-0.055659,-0.35482,-0.022809,-0.18558,-0.24133,-0.1876,-0.047479,-0.10149,1.7836,-1.8225,0.28429,-0.17986,0.82432,0.50835,0.042488,0.3643,0.21354,0.23585,0.2225,-0.30939,0.57576,-0.33268,0.77726,0.1378,-0.50596,-0.16756,-0.17972,0.21512,0.27603,0.085347,-0.021833,0.17542,0.039691,0.15179,0.19974,0.26503,-0.13709,3.0089,-1.3103,-0.83073,-0.011949,-0.20131,0.15666,-0.64012,0.77097,0.14273,-0.22532,-0.13631,-0.5619,0.02163,0.6773,-0.65747,-0.15944,0.36317,0.23534,-0.099474,-0.27278,-0.096229,0.30784,-0.10997,-0.15195,-0.078314,0.12242,-0.00070292,-0.15156,0.13241,0.050318,-0.14831,1.9861,1.4304,0.11875,0.43428,-0.65599,-0.26289,-0.14385,0.29423,-0.20977,-0.2904,0.096813,-0.12188,-0.23079,-0.23856,-0.12498,-0.30724,0.23855,-0.10325,0.33862,0.38179,-0.18326,0.082402,-0.13327,-0.16659,-0.2579,-0.15219,0.58428,-0.22833,-0.19689
0.084213,0.16388,0.42265,0.76322,0.58144,0.0074906,-0.19908,-0.13792,-0.09498,-0.10201,-0.076006,0.011728,0.056082,0.04112,0.012698,-0.017386,-0.009986,0.071453,0.10349,0.039264,-0.026446,-0.071876,-0.080828,-0.008828,0.055002,-0.017418,-0.17352,-0.22228,-0.12519,-0.019193,-0.08925,-0.049976,0.0067161,-0.15991,-0.26404,-0.21991,-0.088103,0.0098956,0.013392,-0.003651,-0.020219,0.024021,0.054952,0.068483,0.078532,0.026638,-0.042603,-0.088793,-0.092425,-0.061511,0.0054439,0.035129,0.025509,-0.019193,-0.036799,-0.057082,-0.069861,-0.06005,-0.069861,-0.088273,-0.10174,-0.1028,-0.091309,-0.082693,-0.072224,-0.037922,0.0037722,0.0038829,0.0011078,0.048641,0.075916,0.028747,-0.047177,-0.098667,-0.10769,0.0021856,0.088655,0.0067398,-0.1134,-0.074287,0.10169,0.21486,0.19764,0.15217,0.071893,0.029627,0.03494,0.046621,0.039081,0.022444,0.014189,0.014844,0.034445,0.055958,0.0082254,-0.13131,-0.10293,0.20991,0.33925,0.27139,-0.17724,-0.10867,-0.14086,-0.16157,-0.21202,-0.10998,0.11152,0.055318,-0.014546,-0.025095,0.036103,0.088568,0.069775,0.033019,-0.0095895,-0.04193,-0.016555,0.057568,0.078897,0.033853,-0.02051,-0.066109,-0.08267,0.043239,0.12303,0.073828,0.020733,0.021237,-0.094463,-0.28194,-0.20318,0.039784,0.22667,0.36961,0.25672,0.16972,0.075924,-0.0055246,-0.02541,-0.022612,-0.016736,-0.03284,-0.07359,-0.13107,-0.095711,-0.044601,-0.092081,-0.12422,-0.12078,-0.11287,-0.029018,0.060468,0.047316,0.14829,0.23952,0.076867,-0.1609,-0.19878,-0.23061,-0.23863,-0.21112,-0.15528,-0.10638,-0.10638,-0.15679,-0.21906,-0.16879,-0.10203,-0.075614,-0.022266,-0.005295,-0.0031341,0.011721,0.03623,0.060833,-0.037298,-0.11715,-0.074912,-0.029524,-0.045028,0.0024003,0.056047,-0.0052988,-0.037441,0.023548,0.094215,0.091678,0.056483,0.014585,-0.026949,-0.069037,-0.087886,-0.075316,0.20836,0.32209,0.16756,0.14628,0.27954,0.35295,0.38157,-0.33128,-2.6054,-1.1309,-0.11442,0.53866,0.22362,-0.42374,-1.1057,0.29429,-0.041834,0.61053,-0.073638,-0.0093039,0.34539,-0.028369,-0.19321,0.24024,0.026028,-0.11652,0.19289,-0.047935,0.11686,-0.18218,0.11425,-0.18526,0.047943,0.21259,0.28697,-0.29037,-0.16974,2.2865,0.93029,1.4261,0.45134,-1.1319,0.98211,-1.3722,0.6495,-0.70726,-0.069999,0.07905,0.34837,-1.0521,-0.2377,0.23011,0.33565,0.2661,0.014029,-0.33017,-0.17081,-0.2257,0.12243,0.010245,-0.20884,0.12819,0.092872,-0.18561,-0.35121,-0.1811,-0.1348,1.6848,1.4705,0.089348,-0.29311,-0.95077,-0.51319,-1.1832,-0.29753,0.23026,0.45872,-0.29143,-0.26778,-0.14362,-0.000675,0.21492,0.054744,-0.31069,0.083375,0.00023449,0.10449,-0.2348,0.46687,-0.13178,-0.28404,0.34993,-0.23824,-0.011534,0.25736,0.038346,0.18436,-0.33196,1.3048,-1.5652,0.093959,-0.068515,0.90075,1.0394,0.21428,-0.35961,-0.40029,-0.33829,0.046989,-0.58409,-0.18919,-0.55787,0.50666,0.066709,0.010104,0.1232,-0.25631,-0.10916,-0.04574,-0.25604,0.23318,0.070062,0.30956,0.034945,0.057157,0.41672,0.019043,2.9654,-1.356,-0.61751,0.044938,-0.12678,0.69181,0.067584,1.1982,-0.34704,0.042844,0.11576,-0.028773,0.21225,-0.078276,-0.19813,-0.23747,0.01026,0.3267,-0.073245,-0.05988,0.00075608,0.2186,-0.025855,-0.20395,-0.16727,0.057204,0.053878,-0.34443,-0.056603,0.074852,-0.62855,1.6651,1.0532,0.2131,0.47617,-1.0007,0.1399,0.12165,-0.5706,0.065212,-0.44465,-0.14325,-0.61029,0.24704,-0.31653,-0.023952,-0.14253,-0.018442,0.076763,0.094503,0.018266,-0.35404,-0.36937,0.078239,-0.41594,0.1098,-0.28547,0.39286,0.078255,0.10579
0.070553,0.074521,-0.019074,-0.15879,-0.2613,-0.19915,-0.063701,0.020614,0.031753,0.0084458,-0.010918,-0.025382,-0.03062,-0.037736,-0.063565,-0.074578,0.0052798,0.10478,0.09995,0.049005,-0.0238,-0.081265,-0.076854,-0.0053672,0.022014,-0.019521,-0.015949,0.020277,0.048329,0.03555,0.22242,0.20991,-0.19588,-0.11074,0.012596,0.06397,0.10081,0.104,0.058991,0.01411,-0.0212,0.012603,0.04702,0.018813,-0.026235,-0.014555,0.041946,0.086104,0.10618,0.042377,-0.070366,-0.1039,0.017671,0.17936,0.19102,0.14756,0.13205,0.07591,0.014411,0.010489,-0.01296,-0.027039,-0.0046272,-0.0028323,-0.015805,-0.01117,0.054174,0.041051,0.0017473,0.11271,0.021296,-0.18396,-0.30442,-0.35852,-0.32999,-0.19733,-0.031232,-0.07327,-0.23751,-0.25588,-0.14115,0.013434,0.10728,0.098049,0.066978,0.037433,0.022384,0.026789,0.034867,0.033767,0.030377,0.031287,-0.010113,-0.022369,0.0027492,-0.00024261,0.0091932,0.074077,0.22261,0.29684,-0.013518,0.035266,0.053223,0.041699,0.090181,0.068332,-0.034451,-0.05981,-0.01129,-0.018996,-0.042122,-0.041079,0.016848,0.068139,0.048445,0.039046,0.067846,0.090867,0.087626,0.049424,-0.019419,-0.082405,-0.016607,0.05658,0.078009,0.079397,0.060243,0.062734,0.081757,0.10058,0.12569,-0.1662,-0.6515,-0.59724,-0.1342,-0.19045,-0.15284,-0.13095,-0.11686,-0.082279,-0.034208,-0.0082348,-0.025741,-0.069325,-0.073246,-0.023393,0.05624,0.13336,0.14647,0.031432,-0.056446,0.015493,-0.060764,-0.21148,-0.22855,-0.17013,-0.15542,-0.15453,-0.15219,-0.099741,0.056914,0.25039,0.31834,0.24919,0.10111,-0.032375,-0.035222,-0.0084479,0.039801,0.13544,0.044231,0.0074424,0.049469,0.076985,0.085354,0.086394,0.052447,0.0084684,0.039468,0.043499,-0.03242,-0.031978,-0.0088601,-0.043806,-0.034051,-0.011671,0.0040298,0.021845,0.031303,0.018954,0.0026674,-0.020446,-0.019383,-0.029954,0.0059399,0.036323,-0.0047113,0.00098832,0.12128,0.2236,-0.047099,-1.5156,-1.6001,-0.38265,-0.041947,-0.14694,0.3857,0.6155,-0.41734,0.080645,0.34747,0.21583,-0.12205,0.25973,0.13726,0.0043747,0.13105,0.058709,0.23053,-0.33132,0.05722,-0.4069,0.34926,0.033982,0.42848,-0.084433,0.2008,0.35967,-0.13715,0.19332,2.3776,1.1721,-0.081426,-0.57974,-1.4823,-0.32859,0.54684,-0.45887,0.28862,-0.20305,-0.12295,0.56611,-0.02711,-0.077729,0.2079,-0.097646,0.25093,-0.092824,-0.080206,0.15167,0.13778,0.11807,-0.40267,0.24375,-0.055294,0.41252,-0.20152,0.14445,0.51203,-0.071873,2.3703,0.22171,0.51514,-0.83963,-0.63731,0.12469,0.3142,0.18521,0.63851,0.046976,0.06077,0.10882,0.11911,0.048389,-0.14227,0.37311,-0.39523,-0.44521,0.1303,0.29361,-0.011568,-0.34961,-0.19067,0.0773,-0.059991,-0.0099766,0.27396,-0.14034,-0.39093,-0.21048,-0.31321,1.7589,0.097833,0.73227,-0.32068,-0.24935,0.11366,0.30804,-0.32719,0.23663,0.1234,-0.080455,-0.0030443,0.28709,-0.044887,0.39907,-0.0032515,-0.21715,-0.37528,0.19436,0.18277,-0.089314,0.059498,0.2707,0.30867,-0.26226,0.0074959,0.18739,-0.3297,-0.54793,3.1185,-0.47322,0.58195,0.31146,-0.29627,0.13666,0.44026,-0.33476,-0.57108,-0.2523,0.006165,0.096527,-0.070839,0.14198,-0.26347,-0.1284,0.39414,-0.24479,-0.24391,-0.14339,0.24,-0.38979,-0.25263,0.061428,0.2633,0.09042,-0.12007,-0.50433,-0.13319,0.098203,0.026608,1.5674,-0.35834,0.33868,-0.37969,0.15086,0.27095,-0.33829,0.33774,0.70548,-0.11032,-0.019292,-0.037083,-0.1942,-0.047097,0.0039715,-0.060886,-0.046347,0.2336,-0.17495,0.24365,-0.050934,-0.28084,-0.21066,0.019271,0.5295,0.29295,-0.11888,-0.14999,0.044355
-0.1511,-0.11325,0.04923,-0.027309,-0.10331,-0.09862,-0.044665,-0.030592,-0.045531,-0.030443,0.027662,0.062186,0.0586,0.046596,0.030792,0.029035,0.088534,0.1465,0.11759,0.05265,-0.025892,-0.098255,-0.12895,-0.057262,0.081983,0.13661,0.10609,0.049295,0.041775,0.060918,0.11657,0.067998,-0.13898,-0.10856,-0.016737,0.048389,0.11258,0.13447,0.084695,0.029331,-0.010255,0.022929,0.054767,0.057084,0.045512,0.065363,0.11562,0.047554,-0.14607,-0.21506,-0.064094,0.0028184,0.022511,0.060326,0.052848,-0.054081,-0.16349,-0.17389,-0.059283,0.015184,0.01027,0.020539,0.015547,0.0042588,0.0086548,0.006668,0.017475,0.049784,0.02334,-0.041648,0.011059,0.0037094,-0.00034789,-0.00065998,-0.02176,-0.019852,-0.013896,-0.10787,-0.26516,-0.31478,-0.18532,0.0006525,0.14296,0.17458,0.10726,0.053969,0.038123,0.034979,0.032866,0.034345,0.030624,0.031361,0.032383,-0.044954,-0.085551,-0.018659,0.06997,0.14405,0.27739,0.3825,0.64297,0.24194,-0.065402,-0.046282,-0.024845,-0.028529,-0.081003,-0.11826,-0.13856,-0.089753,0.02117,0.062124,0.055709,0.047065,0.033192,0.033188,0.087095,0.12361,0.10519,0.061966,-0.0074504,-0.086063,-0.053503,0.025825,0.1052,0.1368,0.10917,0.099209,0.10475,0.12916,0.074963,-0.23345,-0.46533,-0.44617,-0.13476,-0.17112,-0.15565,-0.16476,-0.15123,-0.11271,-0.075131,-0.031332,-0.0090526,-0.14691,-0.18587,0.07234,0.24116,0.08829,-0.12265,-0.19307,0.0020488,0.1815,-0.10375,-0.41194,-0.39346,-0.19987,0.01507,0.11733,0.040843,-0.084786,-0.13372,-0.06993,0.069033,0.21709,0.27611,0.20706,0.10679,0.069269,0.024593,0.011403,0.059556,0.023051,-0.0058396,0.014631,0.03957,0.071236,0.052708,0.018979,0.068916,0.1073,0.028141,-0.096737,-0.13259,-0.10079,-0.079555,-0.052517,-0.058237,-0.075582,-0.051336,-0.0041091,0.0075496,-0.012092,-0.056797,0.0047655,0.08321,0.11344,0.13052,0.13528,0.2396,0.35412,0.014965,-1.6258,-1.5695,-0.2881,0.07732,0.036687,-0.14272,0.16012,-0.54046,0.044339,0.37472,0.069817,0.051785,-0.12667,-0.12401,0.22661,0.71198,0.30423,0.1631,-0.29197,-0.08861,-0.23474,-0.043463,-0.26724,0.081104,0.085038,-0.08379,0.067694,-0.037639,0.11683,2.3011,0.99749,0.19332,-0.072059,-1.335,-0.040089,0.12037,0.011075,0.55311,-0.1956,-0.28783,0.14764,-0.21769,-0.039464,0.19265,0.42473,-0.23009,-0.039927,-0.42474,0.13156,0.039883,0.14019,-0.074623,0.089262,0.068318,0.15396,-0.089988,0.019547,0.1959,-0.0079626,2.2377,0.42368,0.42064,-0.78404,-0.89588,0.035585,0.058714,0.16468,0.85479,0.24585,0.31626,-0.17394,0.12477,0.13273,0.37445,0.16708,0.052169,-0.13357,0.22441,0.037582,-0.0098632,-0.033848,0.19254,0.13561,0.12861,-0.31102,0.14634,-0.012551,-0.21632,0.073427,-0.35111,1.3627,-0.20084,0.60752,-0.1846,0.085296,0.56837,0.65493,-0.40537,-0.090097,-0.057294,-0.021312,-0.26346,0.032492,0.49315,0.56884,0.052494,-0.097032,-0.051799,0.037112,-0.039804,0.20252,-0.093103,-0.14445,0.37167,0.26577,-0.12835,0.14249,-0.15116,-0.11816,3.05,-0.60909,0.55692,0.24115,0.58649,0.47863,1.35,0.32146,-0.80792,-0.18296,-0.056458,0.38896,0.15217,0.38053,-0.49828,0.31771,0.1399,0.12969,0.13151,-0.14758,0.039284,0.076222,0.25803,-0.039135,-0.12731,-0.06275,-0.088631,-0.4529,-0.21974,-0.075683,-0.25402,1.2574,0.038916,0.37185,-0.39292,-0.11289,0.27345,-0.1542,-0.54968,0.43492,-0.095815,0.10026,0.09873,-0.30019,0.33955,0.36819,-0.43759,0.12906,-0.12481,0.13532,0.085863,-0.11421,0.32687,-0.069687,0.19918,0.17509,-0.24198,-0.20255,-0.0079728,-0.36191
-0.071051,-0.081983,0.0061712,0.22751,0.24648,0.057146,-0.073065,-0.10051,-0.089685,-0.081509,-0.0084095,0.064998,0.047746,0.031425,0.02222,0.027239,0.077929,0.14481,0.18438,0.21998,0.2189,0.15405,0.053552,0.035743,0.086841,0.072798,0.028347,0.0098747,0.026417,0.055396,0.1362,0.16001,-0.10053,-0.16911,-0.13765,-0.084171,-0.030945,0.0012879,-0.020118,-0.055636,-0.12676,-0.18871,-0.19514,-0.19811,-0.22513,-0.14533,-0.17516,-0.26733,-0.11216,0.069387,0.12696,0.19514,0.2942,0.17857,-0.0093701,-0.033736,0.011731,-0.012778,-0.07691,-0.071689,-0.066668,-0.068641,-0.085013,-0.11243,-0.11478,-0.099264,-0.10542,-0.049196,0.038674,0.018961,0.035183,0.12318,0.11673,0.080963,0.038663,0.0062527,-0.0017964,-0.058907,-0.04896,0.094195,0.2077,0.15658,0.06727,0.031266,0.031986,0.031841,0.032288,0.023664,0.015778,0.01548,0.011471,0.015441,0.034944,0.043575,0.081851,0.080227,-0.099291,-0.084713,0.095472,0.12063,0.10327,0.16795,-0.056007,-0.27061,-0.29511,-0.18125,-0.011026,0.025722,-0.005182,-0.080014,-0.10625,-0.091696,-0.087277,-0.052322,-0.015989,0.011578,0.063489,0.10842,0.13479,0.16827,0.18174,0.13686,0.1017,0.08129,0.037326,-0.0058294,-0.034055,-0.038544,0.031616,0.1213,0.11498,-0.070221,-0.39316,-0.40676,-0.02537,-0.056556,-0.034814,-0.041788,-0.026763,0.027739,0.080156,0.13745,0.20148,0.19024,0.16799,-0.077225,-0.30316,-0.31699,-0.18042,-0.014274,0.060208,-0.08706,-0.22533,-0.090315,0.074377,0.12488,0.11849,0.026662,-0.07739,-0.068691,-0.044116,-0.027755,-0.059686,-0.13156,-0.12007,0.019351,0.13912,0.15547,0.042822,-0.020612,0.0304,0.066225,0.033393,0.01298,0.038354,0.072643,0.1094,0.046521,-0.041208,-0.082302,-0.1252,-0.15512,-0.073164,0.039971,0.028839,0.017894,0.0051039,0.0080407,0.019328,0.015681,0.0001563,-0.016711,-0.025549,0.10854,0.22015,0.17447,0.06548,0.11737,0.26888,0.34578,-0.54495,-2.4871,-1.3165,-0.67512,0.36058,0.29181,0.030987,-0.21281,-0.69253,0.75979,0.35071,0.21971,-0.15295,0.00070865,0.17152,0.036184,-0.34058,0.17565,-0.3235,0.17421,0.15118,-0.1611,0.35402,0.065223,0.03,0.053458,-0.093239,0.19354,0.021862,-0.19615,2.5188,1.0706,1.2446,-0.53368,-1.2765,0.009493,0.1659,0.021049,0.74278,0.22777,0.15981,-0.17519,-0.33045,0.37176,-0.14053,0.032595,-0.11486,-0.10688,-0.14432,-0.47218,-0.12931,-0.2507,-0.094146,0.061603,-0.16171,0.051225,0.18834,0.16777,0.20868,-0.12342,2.0191,1.112,0.68311,-0.39338,-0.53611,0.71549,-0.46711,-0.81489,0.68323,0.25157,-0.3144,-0.16044,0.085244,-0.05785,-0.37471,0.067687,0.018054,-0.048108,-0.70911,0.34357,0.096315,-0.11519,-0.2261,7.0287e-05,0.22471,-0.10146,-0.21235,-0.086782,-0.18254,-0.25834,-0.15423,1.6251,-1.0297,0.56304,-0.24211,0.55209,0.79132,0.65339,-0.17536,0.28822,0.1889,0.55958,0.12654,0.019834,0.14972,0.24974,0.12891,0.4114,-0.41514,0.23546,-0.22075,0.4105,0.068024,0.55483,0.20154,0.41807,0.094819,0.10976,0.03225,0.15427,2.9453,-1.6272,-0.28207,0.39031,-0.13846,-0.23393,-0.053395,0.64666,-0.094044,-0.80973,-0.36428,0.00049072,0.019727,-0.01026,0.26095,0.23376,0.11671,0.12178,0.012256,-0.20498,-0.022686,0.1537,-0.32881,0.11029,0.23987,-0.15657,0.15746,-0.042494,0.25707,-0.14529,-0.0033285,1.883,0.66894,0.14345,-0.059285,-0.40526,-0.082132,0.27091,-0.29723,0.35654,-0.68336,0.23371,0.17574,0.017692,-0.42853,0.075068,-0.11181,-0.29181,-0.0030843,-0.39573,0.058488,-0.55394,0.087222,0.042297,-0.26079,-0.22565,-0.36196,-0.39656,-0.29334,0.13723
0.23026,0.24205,0.10662,-0.028482,-0.025722,0.036642,-0.012153,-0.08415,-0.10122,-0.0084134,0.089336,0.082837,0.073362,0.056313,0.074517,0.11512,0.10745,0.089015,0.034453,-0.011983,-0.0090498,-0.0088233,-0.016816,-0.00047545,0.069509,0.097154,0.066047,-0.0067192,-0.063671,-0.12273,-0.098828,-0.039104,0.06003,0.034382,0.048334,0.044125,0.01367,-0.022066,0.00082047,0.025629,-0.0080208,-0.036055,-0.053976,-0.06302,-0.0060316,0.013047,0.0052456,0.022124,-0.047151,-0.11717,-0.039845,-0.0064795,-0.1366,-0.22398,-0.090926,-0.0047723,-0.032634,0.00021404,-0.030184,-0.084429,-0.052312,-0.026465,-0.011018,-0.011353,0.082709,0.12472,-0.065934,-0.0043355,0.13902,-0.039063,-0.068489,-0.066607,-0.046844,-0.0034557,0.07757,0.15686,0.15802,0.10574,0.070988,0.054209,0.015991,-0.023294,-0.038155,-0.00031998,0.048362,0.054298,0.044644,0.034409,0.024383,0.038486,0.063918,0.083306,0.11817,0.057659,-0.066848,-0.088736,-0.004665,0.014721,-0.29121,-0.50401,-0.61564,-0.37699,-0.10884,-0.056581,-0.058306,-0.075248,-0.058648,0.0075596,0.036051,0.048717,0.059957,0.027316,0.0038001,-0.014226,0.0051173,0.035531,0.026299,0.014846,0.007568,0.0022879,0.0069511,0.0034732,-0.018328,-0.05423,0.058948,0.14644,0.12034,-0.01331,-0.16248,-0.18161,-0.21584,-0.082229,0.055308,-0.024638,-0.18014,-0.15443,-0.1179,-0.10016,-0.085727,-0.072622,-0.0075292,0.10088,0.20033,0.21999,0.048753,-0.07747,-0.032611,0.022433,-0.05438,-0.15163,-0.076897,0.078963,0.16725,0.17896,0.10092,0.084818,0.18126,0.22338,0.17622,0.13152,0.17103,0.19955,0.19236,0.12844,-0.00038619,0.080695,0.50695,0.60948,0.30205,-0.007493,-0.0009679,0.0092504,-0.05347,-0.10141,-0.12162,-0.13286,-0.1082,-0.091482,-0.085242,-0.035423,0.019639,0.0064961,-0.029256,-0.041588,-0.044194,-0.070043,-0.076,-0.075972,-0.073973,-0.045751,-0.0073317,0.0079482,0.015109,0.096673,0.075256,0.0081543,0.087928,0.11785,-0.066076,-0.21662,-0.95329,-2.2977,-1.2729,-0.64047,-0.32572,0.10286,0.79859,0.42454,-0.26855,0.75454,0.33734,0.16007,-0.47238,-0.10048,0.33251,0.29609,0.65991,-0.2061,-0.38346,-0.078419,-0.15536,-0.091859,-0.15934,-0.074067,-0.040029,-0.095418,-0.21378,-0.18444,-0.12754,-0.034883,2.568,1.0178,0.85422,-0.71225,-1.4376,0.066646,0.27024,-0.072136,0.021154,0.17337,-0.075253,-0.47157,-0.44486,-0.13698,0.31822,0.15844,0.28997,-0.059394,-0.60227,-0.080165,-0.088607,0.21325,0.11683,-0.013109,-0.088797,-0.22683,-0.0061436,0.16773,0.0075988,-0.069564,2.2496,1.0317,0.57664,-0.72393,-0.61837,-0.16829,-0.21043,-0.1727,1.0331,-0.20692,0.31541,-0.10839,0.16146,0.63422,-0.084194,-0.011003,0.17112,-0.045116,-0.24005,-0.2382,-0.34284,0.19214,0.31543,-0.17527,0.14873,0.016435,-0.072847,-0.23161,-0.11221,0.19183,0.060934,1.6255,-0.70155,0.57893,-0.41001,0.46466,0.067537,0.11852,0.11998,-0.23273,0.18642,0.29979,-0.21171,0.48264,0.21322,0.56124,0.10602,-0.12027,0.14078,-0.088352,-0.38698,0.22706,-0.25729,0.10358,0.29747,0.32973,0.079208,-0.38091,0.12574,-0.12554,3.206,-1.2466,0.034294,0.57778,0.34414,-0.13505,-0.273,-0.1604,-0.058978,-0.75688,-0.1729,-0.0051546,0.015999,0.29334,0.12974,-0.32727,0.19755,0.45883,0.35528,0.085205,-0.27265,0.038436,-0.16477,-0.24568,-0.19666,-0.060825,-0.061338,0.039603,0.035494,0.01897,-0.17807,1.6837,0.36255,0.26834,-0.088649,-0.34454,-0.18943,-0.015877,0.56235,0.37643,-0.31245,0.24753,0.13525,-0.45263,-0.324,0.072174,-0.27917,0.042599,-0.44552,0.081629,0.0042683,-0.21561,0.37026,0.31305,-0.14367,-0.016782,-0.018668,0.30397,-0.35695,0.053083
0.42405,0.33493,0.11184,-0.11323,-0.22357,-0.10918,-0.003698,-0.016178,-0.045836,-0.066561,-0.08811,-0.06556,-0.040554,-0.062393,-0.067727,-0.017388,0.025233,0.0011372,-0.015787,-0.013868,-0.015041,-0.050441,-0.037438,0.072871,0.15789,0.14913,0.10025,0.084858,0.11972,0.11993,0.1855,-0.067008,-0.21323,0.030064,0.11217,0.12101,0.10095,0.057562,0.029844,0.010233,-0.015086,-0.03055,-0.040447,-0.052908,-0.044928,0.017582,0.091694,0.1107,0.053556,-0.036522,-0.11764,-0.10824,-0.11211,0.027098,0.17354,0.16532,0.11863,0.11936,0.12578,0.13862,0.059505,-0.03218,-0.017937,-0.015375,-0.019552,-0.017943,-0.076772,-0.12646,-0.05263,0.013198,0.062482,-0.063626,-0.22173,-0.23299,-0.17944,-0.088996,-0.026328,0.0014047,-0.033945,-0.12275,-0.15378,-0.068906,0.024339,0.037394,0.031305,0.030532,0.03475,0.040056,0.042286,0.041717,0.038443,0.041762,0.014465,-0.055002,-0.10097,-0.085767,0.048315,0.17505,0.046125,-0.096348,-0.3639,-0.072234,0.2287,0.11866,-0.013814,-0.074182,-0.12695,-0.098717,-0.087542,-0.11014,-0.14015,-0.13458,-0.10752,-0.078613,-0.014657,0.021776,0.018684,0.0045463,-0.0032364,-0.00035435,-0.0027798,0.020786,0.068837,0.078128,0.092894,0.09132,0.058194,0.044917,0.050758,0.024464,-0.19092,-0.46002,-0.54722,-0.41981,-0.13372,-0.1279,-0.10026,-0.067354,-0.045354,-0.027255,0.00051164,0.034883,0.068991,0.07928,0.041347,0.070181,0.1823,0.19655,0.074125,-0.09376,-0.18892,0.0047199,0.11677,-0.035699,-0.21658,-0.19955,-0.090756,-0.042845,-0.0092494,0.050414,0.11452,0.15088,0.16024,0.14159,0.11223,0.082342,0.0021271,-0.0269,0.065492,0.10801,0.13286,0.074391,0.042502,0.054765,0.05957,0.077156,-0.0020724,-0.073912,-0.048836,-0.012384,-0.0071064,-0.026102,-0.0011405,0.035683,0.038874,0.03292,0.014109,0.0015661,0.0032907,0.0023151,-0.0073661,-0.027585,-0.0028054,0.050463,0.038506,0.01618,0.073055,0.10541,0.00058751,-0.12066,-0.12839,-1.6853,-1.6409,-0.044852,0.49645,0.092829,-0.30346,0.60597,0.11344,-0.036709,0.46116,-0.1733,0.11852,0.12765,-0.20061,-0.11814,0.012919,-0.12373,0.19162,-0.25907,-0.053388,-0.065775,0.25942,-0.0055884,0.44862,-0.15882,0.30081,0.32227,0.056738,0.10965,2.4429,1.0045,0.14067,-0.5421,-1.5427,0.12269,0.029292,-0.52918,0.03701,-0.38508,-0.060775,0.55522,-0.15023,-0.23894,0.27216,0.15236,0.40814,-0.018383,-0.077714,-0.07739,0.095319,0.2088,-0.14791,0.069518,0.054936,0.28631,-0.1495,0.14073,0.30904,-0.14719,2.3221,0.4237,0.62909,-0.57406,-1.0309,-0.60435,0.23438,0.004225,0.9014,-0.18971,0.11136,0.078455,0.1588,-0.1845,-0.062017,0.32855,-0.57822,-0.52252,0.17186,0.1166,-0.14493,-0.081296,-0.13842,-0.13535,-0.0025411,0.035361,-0.0090421,0.029674,-0.27933,0.072732,-0.15044,1.8714,-0.072743,0.59721,-0.3721,-0.19313,-0.018912,0.34076,-0.60307,-0.31183,-0.033034,0.044517,-0.30519,0.14122,-0.033462,0.2521,0.31876,-0.090961,-0.12716,-0.047584,0.061293,-0.37561,-0.18753,0.2358,0.36055,0.16949,-0.10648,0.16146,-0.25979,-0.26789,3.1695,-0.93345,0.46888,0.18938,-0.68723,-0.43234,-0.22818,-0.34557,-0.15152,-0.090654,-0.16228,-0.13805,0.52866,0.17164,0.19175,-0.1492,0.47374,0.033282,-0.11284,-0.12904,-0.054519,-0.3006,-0.27515,-0.028619,0.099547,0.1749,-0.17316,-0.10209,-0.10716,0.08685,-0.10525,1.7792,-0.2366,0.39417,-0.3203,0.12839,0.21461,-0.38844,0.05897,0.63273,-0.14545,-0.20165,0.06423,-0.38207,-0.10771,-0.04506,-0.22469,0.2222,0.11713,0.022194,0.018709,-0.11527,-0.21744,0.14039,0.12822,0.11295,0.066091,0.025439,-0.035173,-0.11405
0.50778,0.38822,0.040313,-0.1811,-0.1496,0.041843,0.10848,0.053302,0.025436,0.011782,-0.0094731,0.016631,0.051917,0.036052,0.0097514,-0.02065,-0.021467,0.062928,0.11473,0.040779,-0.04894,-0.082102,-0.023681,0.10015,0.17129,0.19093,0.06953,-0.091902,-0.1233,0.036897,0.19359,0.069188,0.067362,0.063133,-0.072907,-0.049925,-0.055704,-0.08655,-0.050487,-0.0051128,-0.020984,-0.03137,-0.040334,-0.054338,-0.053427,-0.018533,0.045868,0.12102,0.056978,-0.058511,-0.020408,-0.0046307,-0.015904,-0.078618,-0.1673,-0.089442,-0.044974,-0.090344,-0.086283,-0.08302,-0.074563,-0.060309,-0.041939,-0.025755,-0.021289,-0.03107,-0.039977,-0.01331,-0.06078,-0.10312,0.010407,0.091614,0.15733,0.18301,0.16445,0.12863,0.043002,0.0038508,0.031034,0.078351,0.081226,0.063895,0.043031,0.031133,0.029188,0.028732,0.026358,0.028934,0.038246,0.044721,0.053215,0.073007,0.0050029,-0.10064,-0.14622,-0.11775,-0.016759,0.044768,-0.13373,-0.32038,-0.76653,-0.44612,-0.063149,0.047725,0.021651,-0.028005,-0.040142,-0.018982,-0.013506,-0.038063,-0.038907,-0.028064,-0.021907,-0.023954,-0.039933,-0.062707,-0.042263,0.040058,0.072941,0.0042022,-0.094327,-0.13443,-0.071424,0.12766,0.20716,0.15555,0.15562,0.17459,0.12949,0.052294,-0.17303,-0.35349,-0.31079,-0.14373,-0.039025,-0.12223,-0.11091,-0.088324,-0.031036,0.0042146,0.01098,0.019008,0.029402,0.036643,0.0036103,-0.096905,-0.057502,0.083176,0.034356,-0.081721,-0.0058876,0.12549,0.089095,0.12923,0.21863,0.18308,0.029332,-0.10235,-0.11308,-0.11745,-0.079998,-0.013877,0.040746,0.081038,0.12325,0.12447,0.09908,0.039221,-0.079521,-0.058506,0.027708,0.014319,-0.0027303,0.02461,0.050646,0.076224,-0.0061393,-0.077551,-0.074926,-0.088536,-0.10246,-0.041342,0.029147,0.0074889,-0.0016941,-0.015133,-0.021685,0.018221,0.066338,0.073028,0.070177,0.065617,0.12872,0.061427,-0.090997,-0.087937,0.09541,0.19309,-0.046892,-0.35277,0.0058072,-2.3057,-1.4812,-0.18236,0.41206,0.21423,-0.15094,0.43697,-0.53259,0.44355,0.42103,-0.12314,0.27552,-0.1115,-0.076401,0.2766,-0.093663,0.29961,0.26853,-0.30144,-0.058011,0.1367,-0.1606,0.045488,0.17108,-0.1274,0.092594,0.10293,-0.19048,0.071403,2.5459,1.3412,0.77806,-0.40882,-1.6802,-0.12334,0.090999,-0.34945,0.43173,-0.13343,-0.28551,0.0089786,-0.50705,-0.18499,-0.062357,0.085169,-0.18559,0.20873,-0.50842,-0.11998,-0.11761,0.081487,0.081879,0.0047399,-0.0044421,0.10259,0.086164,0.31817,0.092808,0.09692,2.0542,0.95067,0.68744,-0.5634,-0.83311,0.072583,0.045244,-0.10282,1.041,0.2449,-0.0049686,-0.093522,0.3151,0.13927,0.11189,-0.42458,0.28926,0.050909,0.21166,-0.010917,-0.06278,0.11717,0.19377,0.12981,0.082901,0.025155,0.111,-0.40288,-0.15763,0.098197,-0.41393,1.7776,-0.75736,0.4148,-0.42009,0.12711,0.14642,0.61475,-0.29065,-0.23206,0.30405,-0.0020313,-0.23465,0.35542,0.20424,0.38744,0.21145,-0.096672,0.26174,0.061841,0.23664,0.1467,0.020122,0.083084,0.20976,-0.19843,-0.12647,-0.085405,0.24529,-0.044507,2.9571,-1.2863,-0.076251,0.077424,-0.30566,-0.092898,0.45913,0.10601,-0.15195,-0.49442,-0.26298,0.014071,0.20566,0.34438,-0.22285,0.1449,-0.14365,0.33592,-0.25889,0.1238,-0.030026,-0.0081577,0.08068,-0.022733,-0.0035743,0.0024442,-0.10909,-0.098647,-0.19926,-0.044885,-0.53737,1.8575,0.28248,0.25978,-0.050265,0.045528,-0.079683,0.25245,0.29955,0.86708,-0.25212,-0.052272,0.13809,-0.18579,-0.15229,0.0066874,-0.18072,0.26539,-0.33478,-0.14711,-0.25514,-0.097667,-0.09293,0.010209,-0.15,-0.23013,0.17539,0.12255,-0.095246,0.048472
-0.15493,-0.1281,0.054792,0.39731,0.46233,0.1553,-0.10791,-0.10777,-0.065639,-0.031405,-0.0081992,-0.02472,0.0022,0.030442,0.023609,0.034239,0.052599,0.069506,0.071606,0.11376,0.21207,0.28401,0.27106,0.17656,0.09562,0.04012,-0.013723,-0.016325,0.042862,0.072385,0.025944,0.064039,0.11482,-0.011071,-0.097338,-0.064427,-0.032687,-0.024622,-0.066841,-0.048883,-0.028413,-0.04782,-0.063243,-0.081137,-0.067637,-0.06607,-0.0512,-0.11883,-0.14237,-0.068324,0.024126,0.051943,0.0021374,-0.063944,-0.16074,-0.16653,-0.078308,-0.033825,-0.021163,0.0099219,0.01819,-0.039224,-0.11133,-0.12791,-0.11125,-0.079538,-0.055541,-0.043348,-0.086298,-0.058436,-0.030326,-0.026052,0.015325,0.070482,0.11021,0.13165,0.094157,0.059159,0.11353,0.16517,0.1249,0.05839,-0.0014762,-0.032717,-0.029834,-0.014401,-0.000398,0.010443,0.016219,0.014152,-0.032807,-0.053542,0.00567,0.072957,0.11233,0.10978,0.066057,-0.071444,-0.26565,-0.34913,-0.034126,0.06104,0.024737,-0.060583,-0.082406,-0.069536,0.023234,-0.0038897,-0.085348,-0.062556,-0.026745,-0.059537,-0.070326,-0.05446,-0.028555,0.0056843,0.036001,0.052207,0.042758,0.063943,0.13363,0.16459,0.12336,0.072333,0.090078,0.095049,0.067437,0.065803,0.022883,-0.088236,-0.074454,0.29159,0.27934,0.11568,0.024304,-0.054474,-0.078822,-0.10492,-0.071733,-0.059421,-0.058459,-0.037768,-0.012593,0.0030665,-0.01682,-0.013568,-0.18146,-0.37511,-0.37651,-0.17916,0.12103,0.19749,0.16481,0.13694,0.17625,0.21077,0.20571,0.14131,0.052624,0.02962,-0.0083746,-0.057357,-0.10607,-0.11913,-0.056945,0.045025,0.08605,-0.052019,-0.15228,-0.073704,-0.023686,-0.06905,-0.11848,-0.14494,-0.1615,-0.12779,-0.1022,-0.081394,0.0040412,0.089486,0.088514,0.083444,0.07928,0.083147,0.087446,0.082228,0.077014,0.06682,0.034684,-0.015823,-0.02502,0.024519,0.087127,0.1639,0.18837,0.14047,0.055606,-0.021099,-0.14959,-0.25575,-0.72019,-3.0781,-0.82895,-0.97916,0.18525,0.007472,0.72147,0.22047,-0.18225,0.77198,0.36435,0.079216,-0.59248,0.36254,0.27412,0.2611,-0.13133,0.36774,-0.2101,0.46456,0.38183,-0.065381,-0.41535,0.0078411,-0.21166,-0.10514,0.18877,0.41471,-0.039281,-0.23491,2.3508,1.059,1.8588,-0.36788,-1.427,0.22631,0.032524,-0.045974,-0.31145,0.25273,-0.085853,-0.054403,-0.613,0.12538,0.17528,0.060894,0.16689,0.15582,-0.38326,-0.18709,-0.12846,0.29881,-0.053061,-0.50854,0.046562,-0.10332,-0.013396,0.04864,-0.20239,-0.27989,2.2508,1.8816,0.4569,-0.28668,0.21211,0.34057,-0.20535,-0.55965,0.011733,0.34253,0.090146,-0.28736,-0.049331,0.082171,-0.29059,0.19347,0.0071651,0.23882,-0.36978,-0.36305,-0.37331,0.30541,-0.094415,-0.13679,0.34112,-0.0094286,-0.18031,-0.15352,0.23156,-0.029759,0.30611,1.8432,-1.8047,0.085305,-0.40545,0.35454,0.34315,0.034521,-0.25744,-0.23776,0.2168,0.34023,-0.33021,0.21863,-0.11296,-0.064993,0.060453,0.059616,-0.21843,-0.071203,-0.46679,0.22384,-0.27292,0.24883,0.029089,-0.014819,0.29168,0.016006,0.25368,0.10242,2.9982,-1.5237,-0.97841,0.1356,0.48145,0.1548,0.25481,-0.040591,-0.093418,-0.53783,-0.051332,0.33345,-0.46621,0.014084,0.30569,-0.21904,0.15226,0.25225,0.2101,0.12687,-0.25647,0.18542,0.0036314,-0.08281,-0.14156,0.0055295,-0.058083,-0.061384,0.032496,-0.16653,0.12901,2.0504,1.2983,0.44346,0.32721,-0.3146,0.054166,-0.24757,-0.1399,-0.080097,-0.29598,0.11733,0.10013,-0.047863,-0.30547,0.14959,-0.053072,-0.42172,-0.16697,-0.070719,-0.30007,-0.2083,0.26288,0.38312,-0.21638,-0.14604,-0.30426,-0.047436,-0.1842,0.18916
-0.027675,0.064756,0.021557,-0.026039,0.12179,0.17414,0.083456,0.029799,0.016528,-0.0015834,-0.020473,-0.026585,-0.029182,-0.00024586,0.025477,0.017314,0.033897,0.073788,0.099131,0.064096,0.021635,0.0095213,0.0021637,0.014461,0.022532,0.01391,0.049832,0.090662,0.10293,0.14546,0.15354,0.017953,-0.087729,-0.15445,-0.099828,0.043008,0.13765,0.12178,0.060791,0.0027831,-0.028042,-0.032501,-0.043265,-0.086859,-0.18035,-0.26577,-0.23402,-0.047345,0.023731,-0.07132,-0.05294,-0.00093774,0.048278,0.12305,0.094872,0.023693,-0.055947,-0.11412,-0.096703,-0.074485,-0.052208,-0.036316,-0.07135,-0.11372,-0.11315,0.029187,0.13894,0.072234,-0.065074,0.042335,0.095246,0.12068,0.13197,0.1017,0.060662,-0.013758,-0.10528,-0.10065,-0.010139,0.12028,0.2085,0.14601,0.022576,-0.0092333,-0.0081443,-0.0018639,0.015177,0.027363,0.025064,-0.031129,-0.076495,-0.0537,-0.019079,0.013679,0.054832,0.020359,-0.075033,-0.054482,0.13928,0.26348,-0.10979,-0.1502,-0.09572,-0.082219,-0.1337,-0.17442,-0.11164,-0.00031217,0.0048129,0.023289,0.062869,0.072195,0.063314,0.034925,-0.0021101,-0.0092991,0.01775,0.055433,0.075322,0.043819,0.0037596,-0.009252,-0.029982,-0.064095,-0.045019,0.024938,0.0556,0.050328,0.056514,0.067456,0.0082758,-0.45069,-0.29847,0.33344,0.061886,-0.052168,-0.11272,-0.12497,-0.071479,0.0051632,0.057263,0.043091,-0.0037836,-0.074463,-0.16901,-0.1774,-0.037841,0.081014,0.024834,-0.098565,-0.061724,0.083192,0.0079171,-0.11766,-0.080073,0.038637,0.031909,-0.025546,0.0025209,0.03614,0.080775,0.11316,0.12914,0.13773,0.086846,0.27154,0.40222,0.19795,-0.067244,0.042623,0.012407,-0.022374,-0.0086955,0.0099061,0.034601,0.014083,-0.039747,-0.055566,-0.066797,-0.098192,-0.12834,-0.10914,-0.065976,-0.015829,0.067522,0.060221,0.010316,-0.041479,-0.069815,-0.05005,0.0010054,0.053079,0.063679,0.090176,0.12093,0.082855,-0.012422,-0.02572,0.13345,0.26569,-0.46407,-2.0929,-1.3677,-0.59934,-0.048211,0.21907,0.2444,0.21559,-0.67854,0.39499,0.43091,0.27473,-0.099496,-0.021729,-0.0065349,0.29469,0.31897,0.1214,-0.46159,0.0026051,-0.19855,-0.21218,0.22123,0.050607,0.15194,0.14692,-0.53395,0.19035,-0.069943,-0.079902,2.3019,0.93636,0.68327,-0.24402,-1.3648,0.25051,-0.35332,-0.22106,0.25461,-0.14394,0.18191,-0.018407,-0.54358,0.13636,0.4471,0.31329,0.10373,-0.23573,-0.4604,-0.12853,-0.057055,-0.13868,-0.092282,0.39934,0.085319,0.17461,-0.15969,0.19091,-0.1911,-0.06822,2.0204,0.88578,0.21469,-0.74753,-0.21968,0.46989,-0.19905,-0.34294,0.74074,0.39352,0.014833,-0.088775,0.073242,0.16974,-0.083243,0.65807,0.19145,-0.18554,-0.43196,0.30454,-0.0091459,-0.11576,-0.18449,0.28191,-0.16325,-0.020157,-0.11817,0.18933,-0.12498,-0.024881,-0.22566,1.4477,-0.75912,0.41569,-0.026217,0.34706,0.003344,0.57801,-0.40932,-0.49559,-0.24533,0.40566,-0.076333,0.060307,0.57094,0.10903,0.12234,0.14955,0.0055875,0.25371,-0.13499,0.17342,0.045576,0.0099167,0.60891,0.20086,-0.0012808,0.096555,-0.14119,-0.085549,3.241,-1.2486,0.16428,0.31829,0.11723,-0.13777,0.34724,0.18797,-0.42111,-0.58416,-0.39584,0.14904,0.0054157,0.072084,0.018395,0.21995,0.49528,0.24348,0.28731,-0.016656,-0.095149,-0.031692,0.077008,0.17082,0.022705,-0.19076,0.13983,-0.17917,0.020187,-0.12818,-0.20678,1.6097,0.28452,0.16883,-0.065596,-0.34152,-0.026737,0.071434,-0.29999,0.39555,-0.42488,0.1932,0.45584,-0.3454,-0.09374,-0.038039,-0.45832,0.042804,-0.027248,-0.23294,0.14092,-0.5839,0.12032,-0.036867,-0.16966,0.2361,-0.15207,-0.06145,-0.13852,0.085019
0.40103,0.27312,-0.08595,-0.30363,-0.31882,-0.16706,-0.022041,0.0048527,-0.003667,-0.012155,-0.021075,-0.02568,-0.027097,0.0013732,0.032725,0.033928,0.039552,0.035044,0.01174,-0.051019,-0.071324,-0.032718,-0.010117,0.031137,0.17559,0.28044,0.24136,0.12257,0.033971,-0.09357,-0.23964,-0.10307,0.040677,0.12897,0.14723,0.15963,0.12922,0.07182,0.030583,0.00047589,-0.030436,-0.043167,-0.044841,-0.053364,0.0046238,0.047502,0.046329,0.097127,0.13134,0.087787,0.034967,0.026469,0.018376,0.068228,0.13369,0.1398,0.10383,0.093609,0.10875,0.0745,0.00074868,-0.019371,0.0016338,0.0081398,-0.0031271,-0.015991,0.020145,-0.034916,-0.1078,-0.077777,-0.087342,-0.060581,-0.01699,0.028441,0.03805,0.034993,-0.05127,-0.16493,-0.26697,-0.30368,-0.22321,-0.07934,0.026754,0.058795,0.05739,0.046881,0.037612,0.034048,0.034103,0.033786,0.033957,0.046613,0.018492,-0.088846,-0.16198,-0.097558,0.031788,0.038999,-0.32176,-0.54395,-0.72248,-0.39796,-0.0024072,0.11474,0.11364,0.089396,0.05212,0.033601,0.046548,0.028885,0.017496,0.052923,0.07793,0.052423,0.022615,0.017696,0.028272,0.035021,0.025321,0.033526,0.073232,0.10465,0.10646,0.071769,0.12358,0.1554,0.12462,-0.020177,-0.17077,-0.11871,0.064399,-0.76053,-0.67909,-0.02878,-0.1078,-0.12684,-0.095578,-0.047564,-0.022125,0.0072251,0.06717,0.099883,0.085327,0.047536,-0.0006195,-0.0034693,0.046016,0.13329,0.17452,0.084935,-0.015987,-0.0013358,0.019213,-0.046419,-0.13037,-0.14085,-0.069902,-0.023367,-0.045873,-0.039601,0.076524,0.24622,0.34525,0.31831,0.15979,-0.030759,0.0056572,0.087647,0.094194,0.11071,0.096214,0.11251,0.068852,0.038926,0.063064,0.093659,0.016043,-0.023163,0.054611,0.085489,0.027937,-0.02863,-0.016858,-0.0049014,-0.013208,-0.0082007,-0.0025194,9.9198e-05,-0.0076234,-0.014267,-0.0047421,0.0078416,0.02852,-0.046543,-0.15675,-0.10732,-0.008212,-0.025902,-0.25151,-0.40732,-0.17743,-1.6258,-2.0624,-0.016196,0.49888,0.18368,-0.23472,0.8406,-0.11176,-0.014446,0.38505,-0.40169,0.10935,-0.033549,0.031799,-0.032949,0.049515,-0.18938,0.041128,0.10023,0.2466,-0.13117,0.57891,-0.427,-0.075592,-0.001694,0.23085,0.080128,-0.032856,0.24238,2.7035,1.1799,-0.0023114,-0.88545,-1.4208,0.082749,0.29526,-0.68007,0.038204,-0.10791,-0.17868,0.46807,-0.36801,-0.39428,0.30292,0.35993,0.39759,0.40587,-0.0035196,-0.24862,0.3225,0.1334,-0.01329,0.17328,-0.060245,0.30726,0.015694,0.018261,0.49166,0.27929,2.2942,0.29872,0.72979,-0.89811,-1.0412,-0.47893,0.37923,0.15817,0.65328,0.2431,0.36368,0.27926,0.17452,0.24921,0.088173,-0.84027,-0.28377,0.39849,0.21123,0.14552,0.23987,-0.043041,0.0092817,-0.068887,-0.045577,0.4055,-0.06557,-0.1128,-0.41755,0.13678,-0.13485,2.0311,0.13419,0.8404,-0.39446,-0.1536,-0.15458,0.5459,-0.34275,-0.33936,0.090031,-0.097286,-0.32676,0.15109,0.27586,0.030364,0.23571,-0.12421,-6.8957e-05,0.0013401,0.15406,-0.20343,0.0691,0.21162,-0.018495,0.16287,0.025663,0.33092,-0.50384,-0.3945,3.0356,-0.90238,0.58949,0.41959,-0.94912,-0.28037,-0.020907,-0.49243,-0.22599,-0.21197,0.17283,-0.31204,0.31033,0.49072,0.035065,-0.03024,0.30835,-0.092932,-0.11653,0.351,-0.15591,-0.2485,-0.20861,-0.22759,0.31753,-0.14256,-0.35484,-0.0059839,-0.025256,0.3546,0.023625,2.0121,-0.60144,0.67581,-0.55055,0.16247,0.20334,-0.29825,0.07209,0.36974,-0.019812,-0.26622,0.15094,-0.45998,0.0097417,0.26249,-0.12487,0.076015,0.0089548,-0.17395,0.032913,-0.20315,-0.1157,0.17299,-0.014068,0.099189,0.20678,-0.19759,0.15431,-0.17842
0.0082831,-0.015016,-0.084825,-0.073657,-0.090972,-0.081455,-0.049566,-0.055121,-0.075079,-0.086285,-0.0032856,0.092123,0.083316,0.063713,0.038279,0.053241,0.065378,0.024531,0.0030888,-0.0090499,-0.0021676,0.0089133,-0.0075043,-0.030949,-0.054363,-0.011279,0.083898,0.097176,-0.0015103,-0.048976,0.036921,-0.0024202,0.14462,0.16112,0.040184,0.069228,0.065144,0.064634,0.051807,0.0060667,-0.032206,-0.049848,-0.05462,-0.022262,-0.020674,-0.051504,0.025674,0.091268,0.054632,0.057032,0.064824,0.019852,0.03603,0.098671,0.12936,0.11317,0.12195,0.14755,0.1553,0.045728,-0.072187,-0.048289,-0.029859,-0.026226,-0.04656,-0.061285,-0.053602,-0.022381,-0.001649,-0.16231,-0.34113,-0.34561,-0.27237,-0.19784,-0.084855,0.11407,0.20053,0.056327,-0.12262,-0.1406,-0.025558,0.051459,0.050602,0.027848,0.0079648,0.002332,0.0066719,0.014225,-0.026488,-0.066652,-0.064084,-0.051224,-0.042707,-0.048661,-0.061444,0.015689,0.12689,0.050554,-0.072786,-0.10867,-0.10989,-0.043218,0.0072345,-0.027715,-0.031014,-0.019573,-0.030417,-0.019958,0.0023396,-0.019533,-0.015922,0.027763,0.012368,-0.016549,-0.049331,-0.036062,-0.022277,-0.046452,-0.056906,-0.034039,0.0053753,0.010838,-0.017366,-0.074338,-0.12926,-0.012557,0.09972,0.10256,0.097517,0.084875,-0.098459,-0.3467,-0.20104,-0.017374,0.0012687,-0.098408,-0.10863,-0.10031,-0.082623,-0.028405,0.047968,0.094063,0.083245,0.017317,-0.026451,0.038083,0.16579,0.17869,0.091992,0.10765,0.227,0.18773,0.017794,-0.099252,-0.13926,-0.11943,-0.069715,-0.024903,-0.0003609,0.041901,0.12792,0.22651,0.25417,0.20154,0.1397,0.070901,-0.0017442,0.025213,-0.014823,-0.079546,0.010807,0.073682,0.061623,0.039212,-0.0065373,-0.072087,-0.089212,-0.053566,0.0013407,0.0026159,-0.0072678,-0.022497,-0.023912,0.023594,0.049737,0.062736,0.062899,0.058555,0.05231,0.032819,0.023255,0.032512,0.010048,-0.089858,-0.10358,0.0096207,0.053794,-0.035491,-0.10629,-0.095544,-0.45987,-1.7384,-1.5374,-0.15223,0.38824,0.039452,-0.10803,0.76713,0.41778,0.11734,0.59948,-0.22917,-0.24072,0.36328,0.31495,-0.011936,0.046053,-0.50119,0.016902,0.032117,0.016814,-0.24036,0.35319,-0.19958,0.23365,-0.12087,0.31158,0.12798,-0.25811,0.00028193,2.6521,0.7729,0.39221,-0.64267,-1.5888,0.1048,0.20214,-0.38911,-0.2387,0.050113,-0.13142,0.2855,-0.43327,-0.2323,0.20435,0.1484,0.68228,0.13504,-0.082102,-0.12388,-0.025848,0.14638,-0.047252,0.11192,-0.2011,0.060241,-0.15432,0.23969,0.37192,-0.013082,2.4639,0.50154,0.63495,-0.72881,-0.29801,0.38613,0.22693,0.37413,0.75372,-0.0039769,0.37938,-0.061218,0.16299,0.67969,-0.36355,-0.3697,-0.4131,-0.06981,0.068536,-0.14607,0.14213,0.031023,-0.1331,0.0097629,0.057117,-0.035829,-0.20278,-0.013607,-0.27514,0.088855,0.21199,1.5887,-0.24866,0.39889,-0.39414,0.021434,-0.11805,0.05951,-0.17551,-0.41516,0.064463,0.095695,-0.26026,0.17269,-0.13566,0.30003,0.20858,-0.15391,-0.2736,0.071422,-0.25796,-0.15698,-0.062382,0.24925,-0.04494,-0.025031,0.022803,0.071797,-0.49463,-0.26341,3.1976,-0.71472,0.23586,0.33428,0.085166,0.16599,0.28112,-0.44798,-0.28824,-0.44119,0.16294,-0.24884,-0.099019,0.33359,0.13651,-0.5014,0.29276,-0.1013,-0.087529,-0.022819,0.0010917,-0.076401,-0.22619,-0.21149,0.050221,-0.022447,-0.35836,-0.29305,-0.18293,0.25057,0.071528,1.5807,-0.16055,0.61188,-0.19676,-0.049013,0.17063,-0.41835,0.18059,0.19053,-0.08549,-0.16088,0.12544,-0.39805,-0.31546,0.21321,-0.012596,-0.16434,-0.0091823,-0.098768,-0.098768,-0.21658,-0.17695,0.38186,0.14059,0.27165,-0.015694,0.15531,0.064378,0.053286
-0.23837,-0.18336,-0.1272,-0.22892,-0.32355,-0.21124,-0.025252,0.04808,0.030607,0.0037341,0.033306,0.067581,0.055042,0.037907,0.022429,0.013858,0.038217,0.063173,0.035014,-0.0053493,-0.038498,-0.06139,-0.064624,-0.043108,-0.076794,-0.14649,-0.13951,-0.049004,0.028148,-0.054646,0.10258,0.1462,0.26703,0.22483,0.080215,0.076439,0.03773,0.017114,0.0073408,-0.01996,-0.035723,-0.040784,-0.048327,-0.026592,0.0088442,0.013852,0.051574,0.087283,0.026363,-0.054241,-0.060586,-0.019155,0.014371,0.08231,0.017203,-0.081832,-0.053408,-0.0097446,0.0051468,0.057132,0.10591,0.11871,0.14715,0.15902,0.04553,-0.074169,-0.065675,-0.035766,-0.023191,-0.029998,0.016766,-0.063478,-0.13847,-0.13964,-0.12959,-0.099026,-0.081886,-0.1267,-0.22591,-0.31644,-0.29417,-0.16101,-0.0077996,0.073112,0.082608,0.073332,0.05878,0.037438,0.026526,0.041932,0.077601,0.12886,0.16266,0.1057,-0.046931,-0.11484,-0.028204,0.11366,0.23394,0.27193,0.24656,0.070659,0.0023266,0.094964,0.14737,0.088173,-0.05688,-0.073756,0.010853,0.020851,0.0017634,-0.029346,-0.052731,-0.042411,-0.025262,-0.010253,0.030431,0.054337,0.032476,-0.0012937,-0.033864,-0.059706,-0.0075894,0.029044,0.029633,0.030264,0.023032,0.037501,0.068338,0.069503,-0.23567,-0.38299,-0.26543,-0.16513,-0.069367,-0.10443,-0.067385,-0.023415,0.0093711,0.039808,0.058991,0.048005,0.013137,-0.042857,-0.10286,-0.062094,0.092094,0.16029,0.053881,-0.089746,-0.14365,-0.04563,-0.012971,-0.081401,-0.074104,-0.023707,-0.02647,-0.061909,-0.07342,-0.087145,-0.083406,-0.024034,0.070217,0.083017,0.050939,0.024075,-0.037535,-0.011197,0.0013489,0.0195,0.074913,0.044047,0.022347,0.037505,0.056479,0.087674,0.074619,0.029823,0.053208,0.11902,0.10425,-0.0054743,-0.034427,0.00066226,-0.026294,-0.031671,-0.020864,0.0099321,0.051325,0.10816,0.17433,0.20877,0.17557,0.06258,-0.068078,-0.11522,-0.063623,0.014965,0.12352,0.20891,-0.29972,-1.8917,-1.8324,-0.3112,-0.15843,-0.18725,0.81335,0.40402,-0.4403,-0.016043,0.32788,0.039353,-0.156,0.069755,0.36541,0.026302,0.16117,0.27992,0.43274,-0.29653,0.037719,-0.25341,0.14378,-0.2221,-0.10144,-0.24783,0.25298,0.037077,0.0025051,-0.098971,2.6471,1.2244,0.1444,-0.76994,-1.3547,-0.16349,0.52703,0.091198,-0.042082,0.085946,-0.34194,0.436,-0.27228,-0.13455,0.079981,0.023574,-0.030597,0.4705,-0.36914,-0.022372,0.19751,0.12096,-0.045526,0.12552,-0.066733,0.18545,0.027469,0.16446,0.32156,0.027526,2.2928,0.5637,0.53157,-0.99478,-0.65583,-0.33822,-0.12116,0.40424,0.3008,0.028668,0.090911,-0.030753,-0.14849,0.16786,-0.11099,-0.46971,0.26345,0.19406,0.51012,-0.0037541,0.2472,0.021532,0.04026,0.02856,-0.0065603,0.18158,0.047013,-0.017357,0.12471,-0.12004,-0.34845,1.7412,-0.15499,0.90106,-0.21813,0.17375,0.24248,-0.0042022,-0.08645,0.050957,0.066415,-0.39518,-0.24423,0.19194,0.17644,0.16143,0.072374,-0.023711,-0.21082,-0.19629,-0.1109,-0.18638,0.082349,-0.21874,-0.034633,-0.13505,-0.26039,0.0072747,-0.091861,-0.25593,2.9975,-0.90314,0.39322,0.34859,-0.81452,0.11111,-0.52533,-0.17912,-0.089285,0.26253,0.11142,0.059959,0.10635,0.42942,-0.029985,-0.0056959,-0.12656,0.068888,-0.26075,0.30579,-0.025625,-0.10958,-0.027284,-0.10187,0.11858,-0.079836,-0.21209,0.052665,-0.24742,0.014805,-0.27429,1.6948,-0.18513,0.25512,-0.51908,-0.25394,0.12913,-0.20667,0.53134,0.6039,0.11541,-0.10963,-0.20183,-0.17559,0.062647,0.060512,0.0096886,-0.087928,-0.05239,-0.20333,-0.0080202,0.19703,0.11471,0.10155,-0.067063,0.083387,0.40099,-0.099169,-0.029302,0.16381
0.15942,0.1743,0.038386,-0.066011,0.0092123,0.12022,0.03624,-0.065467,-0.097085,-0.021913,0.066194,0.064296,0.057626,0.043376,0.031901,0.029202,0.087044,0.14455,0.093027,0.01799,-0.058113,-0.1166,-0.09397,0.074112,0.192,0.18079,0.16157,0.11948,0.0031063,-0.07923,-0.023187,-0.013911,-0.019652,-0.033046,0.045716,-0.028809,-0.063546,-0.051247,-0.063638,-0.060828,-0.059881,-0.062836,-0.055398,-0.057977,-0.098587,-0.043543,0.072535,0.10938,0.061117,-0.07474,-0.12033,-0.032532,-0.076471,-0.062525,-0.067019,-0.077557,-0.064714,-0.036911,-0.0067719,0.012959,0.02413,0.03128,-0.0069471,-0.074104,-0.094153,-0.10024,-0.083862,-0.00055885,0.052329,0.0037889,-0.024723,-0.036932,-0.041891,0.010539,0.051064,-0.026517,-0.18914,-0.18769,0.0369,0.25776,0.21616,0.049002,-0.038483,-0.028197,-0.0047905,0.011012,0.0085586,0.0083477,0.016202,0.016734,0.015045,0.036209,0.090934,0.16447,0.11648,-0.01329,0.001002,0.036874,-0.05232,-0.12657,-0.36026,-0.26292,-0.11387,-0.078607,-0.083149,-0.1,-0.085792,-0.01189,0.038349,0.076209,0.096124,0.052066,0.012596,-0.0058666,-0.0033206,0.078311,0.1277,0.1028,0.065723,0.0081518,-0.07073,-0.14477,-0.065671,0.11531,0.15097,0.097006,0.059319,0.046285,0.016038,-0.052283,-0.15705,-0.10211,-0.17355,-0.41158,-0.27003,-0.030644,0.011409,-0.0040949,0.015515,0.072988,0.1447,0.17967,0.17695,0.13695,0.060562,-0.14157,-0.16354,0.011858,0.040131,-0.15513,-0.28158,-0.048531,0.13205,0.081174,0.077964,0.1139,0.085214,0.020219,0.016244,0.010864,-0.010754,-0.00041121,0.027664,0.02564,0.071978,0.15167,0.17266,0.12959,0.0021713,-0.067122,-0.042221,-0.020933,-0.0052248,-0.040709,-0.067156,-0.030329,-0.00973,-0.013214,-0.05969,-0.1069,-0.11574,-0.0033003,0.1286,0.10581,0.086166,0.07048,0.06605,0.05504,0.032261,0.0056862,-0.018156,-0.0052611,0.21168,0.31746,0.18612,0.030712,0.020723,0.033665,-0.030271,-0.071261,-0.42176,-2.4981,-1.5923,-0.48055,0.23748,-0.10331,0.11962,0.071201,-0.53652,0.40527,0.67004,-0.1763,0.27674,-0.046608,-0.22117,0.39375,0.24342,-0.13033,-0.17527,-0.29994,-0.15976,-0.12628,-0.03329,0.078797,0.16909,0.12029,-0.20481,-0.11807,-0.021293,-0.005888,2.1234,1.3588,0.72379,-0.69032,-1.5989,-0.20774,0.65522,0.099748,0.63742,0.019845,0.20388,0.013761,-0.21095,-0.12952,-0.1433,0.077336,0.05141,-0.061336,-0.59599,-0.14384,-0.17454,0.17934,-0.13744,-0.013102,0.21627,-0.048587,-0.14024,0.31842,0.23798,-0.27705,2.0334,0.998,0.75502,-0.61327,-0.057263,0.71185,-0.23265,-0.24938,0.51235,0.43137,-0.015981,-0.067121,0.29032,0.22001,-0.17516,0.25049,0.20072,-0.25463,0.046345,0.12736,-0.049647,0.10496,0.13288,0.14555,-0.42931,-0.093908,-0.25926,-0.21622,-0.093291,0.048045,-0.4354,1.9373,-0.6651,0.33241,-0.21607,0.4659,0.24682,0.45833,-0.050673,-0.4721,0.038874,0.2868,-0.14624,0.20611,0.091216,0.058743,0.075897,-0.038807,0.20665,0.31056,0.14366,0.15216,-0.20231,0.093344,0.41412,0.051599,0.054971,0.060265,0.061685,-0.035557,2.9018,-1.405,-0.0059955,0.20552,0.024592,0.11347,0.094436,0.2122,-0.2791,-0.60054,-0.2857,-0.18743,-0.060889,0.10477,-0.058153,0.09928,0.15133,0.28618,0.091869,-0.12689,0.062584,0.040126,0.15513,-0.19549,-0.18698,-0.10231,-0.083974,-0.4756,0.079692,-0.052516,-0.35579,2.0566,0.26688,0.14577,0.068329,-0.33318,0.1866,-0.070706,-0.30076,0.016753,-0.29929,0.046846,0.38562,-0.26799,-0.096148,0.00057017,-0.18372,0.22305,-0.39747,-0.056055,0.031599,-0.38712,-0.12373,-0.042745,-0.070149,0.41107,-0.19098,0.28843,-0.28841,0.10097
0.25907,0.30313,0.19636,0.076336,0.063674,0.053722,-0.020176,-0.037899,-0.013982,0.0034579,0.036483,0.059263,0.041485,0.019104,-0.0060728,-0.024582,0.0049696,0.074883,0.098771,0.058928,-0.016009,-0.05498,-0.00088657,0.078791,0.10618,0.11098,0.1294,0.10519,0.039021,0.026624,0.12525,-0.0037592,-0.069856,-0.04602,-0.19656,-0.13837,-0.051121,0.003893,-0.023291,-0.054843,-0.067772,-0.073661,-0.083848,-0.1008,-0.080188,-0.15659,-0.24616,-0.13185,-0.017655,-0.053095,-0.078931,-0.0025503,-0.011891,-0.024444,-0.046903,-0.056732,-0.023241,-0.012983,0.0084181,0.024857,0.041159,0.0021188,-0.053031,-0.072287,-0.093335,-0.12708,-0.15331,-0.15522,-0.17291,-0.20437,-0.20295,-0.12961,-0.0055324,0.19214,0.36109,0.35531,0.21708,0.063271,0.061916,0.18309,0.16259,0.043203,-0.025171,-0.01882,0.0016187,0.016048,0.0061671,-0.00089807,0.0068841,0.011763,0.016861,0.035437,0.047284,0.070216,0.10207,0.065153,0.00036834,-0.051418,-0.18289,-0.27982,-0.58623,-0.37131,-0.11855,-0.070734,-0.075885,-0.023877,0.069911,0.093326,0.047021,-0.0507,-0.09418,-0.073523,-0.06499,-0.061021,-0.063051,-0.055006,0.0033646,0.067799,0.079152,0.040246,-0.03414,-0.07093,0.038655,0.097872,0.10891,0.12079,0.093047,0.082434,0.088476,0.087424,-0.096352,-0.37198,-0.33684,-0.011237,0.13567,0.01954,-0.015469,-0.043122,-0.027834,0.0086435,0.023012,0.032607,0.049744,0.035257,-0.15488,-0.34833,-0.33452,-0.15833,-0.040124,-0.037293,-0.030319,0.064691,0.13716,0.12113,0.1897,0.27496,0.14648,-0.018157,0.002017,0.029703,0.034953,0.03022,-0.0030807,-0.018411,0.045044,0.18661,0.30563,0.2377,0.099488,0.087689,0.090476,0.11043,-0.064805,-0.17873,-0.11745,-0.095655,-0.10496,-0.09996,-0.1054,-0.13133,-0.14397,-0.033872,0.10054,0.077846,0.053282,0.030313,0.040683,0.055059,0.046947,0.043195,0.046651,0.055354,0.10605,0.18673,0.19893,0.12076,0.016928,0.0035934,-0.063515,-0.16977,-0.35693,-2.6505,-1.5408,-0.44796,0.28222,0.21156,-0.14664,0.22779,-0.092365,0.96248,0.72995,0.21558,-0.25066,0.23961,0.30978,0.46885,0.33473,-0.33981,0.24961,-0.086784,0.33214,-0.20749,-0.17067,-0.12443,0.1909,-0.062318,0.26957,0.20077,0.18327,-0.0051053,2.1608,1.4067,1.0863,-0.53352,-1.4714,0.085646,-0.15808,-0.35027,0.48351,0.022166,0.18763,-0.49273,-0.41819,-0.016835,-0.15915,-0.12759,0.57935,0.083428,-0.3371,0.0042916,-0.28764,0.12168,-0.056519,0.09917,0.087603,0.069599,0.10704,0.2725,0.086966,-0.07388,1.9982,1.3602,0.57435,-0.6736,-0.62764,-0.093427,0.054428,-0.85271,0.905,0.41925,-0.28289,-0.42728,-0.055388,-0.016806,0.25957,-0.07466,-0.12585,0.28263,-0.55485,-0.11939,-0.2502,0.060152,0.10146,0.024558,-0.020467,-0.0013069,-0.15386,-0.41856,-0.10397,-0.30885,-0.14012,2.0074,-1.0286,0.39018,-0.3476,0.31029,0.30685,0.65062,-0.10779,-0.37761,0.53983,0.54579,-0.017155,0.32537,-0.024841,0.40789,-0.024988,-0.28518,-0.065571,0.049975,-0.25401,-0.068826,0.089572,0.54946,-0.097159,0.34999,0.11871,-0.26361,0.0061089,0.037863,2.8302,-1.6083,-0.33824,0.14284,-0.79479,-0.52051,-0.16007,0.30683,0.36288,-0.70844,-0.45381,-0.23808,0.16443,0.27828,0.1891,-0.30595,0.11099,0.061469,0.21444,0.04787,-0.13,-0.058582,-0.11904,-0.19746,0.086147,-0.15568,0.11228,-0.19679,0.15236,0.073908,-0.051071,2.2222,0.46931,0.36663,-0.092251,-0.033985,0.11886,-0.0033179,-0.51622,0.1039,-0.33489,0.27889,0.51145,-0.13593,-0.36404,-0.012585,0.089229,0.054582,-0.51225,0.11021,-0.13248,-0.18043,-0.061437,0.53673,-0.040959,0.11717,-0.11431,0.11522,-0.12076,0.0056077
0.01121,-0.000289,-0.10275,-0.12569,-0.011818,0.13476,0.089287,-0.023244,-0.068907,-0.0028712,0.073891,0.065136,0.051568,0.02707,-0.0020087,0.025522,0.079245,0.071338,0.047972,-0.026261,-0.074556,-0.058605,-0.02072,0.12392,0.1814,0.083305,-0.019304,-0.023929,0.0076054,0.044461,0.20003,0.089984,-0.19201,-0.11707,-0.098327,-0.036221,0.022917,0.039562,-0.0062136,-0.048214,-0.051741,-0.048473,-0.066876,-0.096116,-0.15097,-0.094373,0.042418,0.11114,0.089616,0.017189,-0.038953,-0.049897,-0.00096625,0.042101,0.015871,-0.030272,-0.069042,-0.068114,-0.069556,-0.081027,-0.061138,-0.046879,-0.03872,-0.039231,-0.062305,-0.12792,-0.11212,-0.015462,0.079292,0.12243,0.093225,0.10182,0.14199,0.15561,0.16555,0.18967,0.17102,0.092234,0.025103,0.056545,0.072003,0.00035525,-0.041752,-0.017231,0.010449,0.027225,0.033263,0.032191,-0.020018,-0.067788,-0.077714,-0.13268,-0.13913,-0.026719,0.026191,-0.001471,0.032467,0.16321,0.23632,0.20991,-0.062951,-0.07795,-0.039742,-0.05063,-0.076698,-0.11164,-0.12553,-0.066068,-0.031926,0.0019506,0.037211,-0.0019371,-0.047142,-0.079216,-0.091542,-0.054557,-0.0089391,-0.0090746,-0.023173,-0.098977,-0.16834,-0.16022,-0.12908,0.09747,0.20551,0.14667,0.10865,0.10693,0.12869,0.1005,-0.06554,-0.29143,-0.48755,-0.34705,-0.0086982,-0.090588,-0.094905,-0.094084,-0.059831,-0.0097501,0.0030318,-0.011436,-0.027955,-0.061003,-0.088679,-0.082496,0.051215,0.18246,0.12504,-0.012057,-0.060246,-0.042,-0.0073079,0.01626,0.04098,0.10791,0.12366,0.09538,0.067095,0.022738,0.041251,0.06904,0.080004,0.085385,0.20979,0.34139,0.25252,0.10813,0.029105,-0.015781,-0.046601,-0.040836,-0.022024,0.0030303,0.033524,0.065091,-0.014171,-0.083101,-0.065453,-0.075542,-0.089136,-0.042788,0.045108,0.05959,0.023437,-0.010092,-0.02716,-0.016037,0.028961,0.030945,-0.030857,-0.061883,0.0054247,0.096173,0.085007,0.018624,0.030433,0.10143,0.16692,0.21028,-0.096802,-2.169,-1.2792,-0.54057,0.30198,-0.010382,-0.078616,0.46027,-0.73494,0.4111,0.28767,0.091818,0.22513,-0.15419,-0.2186,0.15429,0.22764,0.27863,0.1648,-0.2464,0.024456,-0.041594,-0.059538,0.18014,0.078351,-0.21316,-0.14137,0.50645,-0.13529,-0.058233,2.5199,0.92937,0.83894,-0.44692,-1.7106,0.1772,-0.17814,-0.53039,0.42491,-0.15316,-0.17551,-0.11918,-0.76658,-0.17133,0.18461,0.41777,0.011276,-0.20992,-0.25342,0.073493,-0.044939,0.0085015,0.1995,0.42139,-0.16243,0.14312,-0.18877,0.40859,0.10707,-0.18228,2.0319,1.0769,0.20827,-0.62189,-0.58049,-0.50961,0.2833,-0.33553,1.078,0.048278,-0.084929,-0.69951,0.040385,-0.29245,0.3076,0.35483,-0.040879,-0.32532,-0.29826,0.067889,-0.29196,-0.052457,-0.26035,0.014176,0.041911,-0.014303,0.27867,0.15924,0.069466,-0.12698,-0.19682,1.653,-0.79012,0.34864,-0.34138,0.048698,-0.10992,0.71326,-0.56259,-0.54966,0.15711,0.27813,-0.41922,0.21745,0.32704,0.50783,0.09053,-0.18927,0.075567,0.46237,-0.096409,-0.11887,-0.32456,0.06407,0.21329,-0.094545,0.041293,-0.10037,0.027042,-0.21354,3.0061,-1.519,0.14503,0.17959,0.064148,-0.45843,0.56258,-0.0015448,-0.32865,-0.33079,-0.29044,0.16642,0.42269,0.1654,-0.08655,0.021585,0.10626,0.064329,0.08611,-0.027988,-0.036697,-0.075813,-0.13392,0.14642,-0.20132,-0.043323,-0.040679,-0.25103,-0.095489,-0.2892,-0.36198,1.8212,0.33525,0.37813,-0.16377,0.054164,0.30814,0.13108,-0.30865,0.46523,-0.46103,-0.077232,0.42503,-0.44995,-0.096097,0.21211,-0.49374,-0.065281,-0.33869,0.0053286,0.114,-0.043287,-0.090527,0.15972,0.16878,0.29138,-0.061286,-0.25587,0.03322,0.20745
-0.15003,-0.169,-0.22181,-0.24081,-0.21371,-0.094263,0.004649,-0.033051,-0.099432,-0.11822,-0.1223,-0.12534,-0.042789,0.043375,0.025877,0.010597,-0.0014817,-0.00073345,0.017136,0.054413,0.069118,0.020362,-0.060344,-0.087442,0.051449,0.15952,0.12993,0.0021492,-0.11044,-0.13967,0.15451,0.026063,0.23138,0.26015,0.073552,0.12374,0.10921,0.040295,0.073665,0.12076,0.091066,0.06726,0.044036,0.08422,0.11738,0.09519,0.096759,0.051,-0.067072,-0.11029,-0.033536,0.0021928,0.023693,0.04124,0.052222,-0.0032382,-0.0821,-0.00012708,0.11484,0.13827,0.16151,0.086693,-0.0012918,0.009028,0.0086566,0.015079,0.028979,-0.029865,-0.094346,-0.035958,-0.090507,-0.20431,-0.27483,-0.28154,-0.22767,-0.13068,-0.02326,0.03033,0.00047162,-0.065097,-0.10596,-0.083946,-0.04347,0.036831,0.10261,0.084341,0.051152,0.032118,0.024398,-0.028701,-0.079104,-0.082176,-0.083404,-0.065377,-0.067526,-0.061573,0.0068058,0.10306,0.20836,0.24722,0.17814,0.17728,0.13549,0.08702,0.057026,0.051719,0.038864,0.017407,0.060669,0.11371,0.097062,0.063333,0.03847,0.026953,0.0098898,-0.0012391,0.0028921,0.017543,0.037705,0.070209,0.084664,0.034832,-0.05322,-0.11616,0.044752,0.15739,0.13283,0.15844,0.22222,0.17609,-0.37795,-0.66053,-0.46203,-0.24401,-0.22001,-0.34692,-0.33188,-0.26679,-0.14283,-0.062251,-0.067736,-0.081636,-0.084786,-0.066251,0.0027606,0.099029,0.14361,0.079833,-0.054079,-0.10998,0.052388,0.15964,-0.1289,-0.38311,-0.39621,-0.30655,-0.15373,-0.0064664,0.042112,0.02438,0.07277,0.16566,0.23241,0.23563,0.15982,0.0061994,-0.093219,-0.11068,-0.064982,0.027551,-0.0025827,0.0013226,0.047118,0.055832,0.054117,0.067876,0.09469,0.12203,0.14632,0.17291,0.18646,0.15206,0.032129,-0.070683,-0.095576,-0.096016,-0.061636,-0.035294,-0.03482,-0.016987,-0.0032612,-0.02842,-0.063835,-0.10334,-0.085224,-0.03405,-0.012482,0.020109,0.11712,0.20159,-0.22409,-1.3608,-1.6627,-0.31401,0.25436,0.017214,-0.025873,0.9396,-0.20006,-0.24836,0.20119,-0.38779,0.064981,0.20406,0.12438,0.21369,0.2897,-0.21993,0.059189,-0.097379,-0.20444,-0.27818,0.16279,-0.099749,-0.017288,0.082038,0.17474,-0.041398,-0.02784,0.11621,2.751,1.1391,-0.054954,-0.68839,-1.4651,-0.24694,0.78265,-0.56404,0.083714,-0.30254,-0.31593,0.54944,-0.30758,-0.4375,0.15745,0.19569,0.41378,0.34483,-0.25062,-0.29832,-0.014016,0.20639,0.02915,-0.092805,-0.22184,0.12787,-0.10315,-0.070183,0.40347,-0.13179,2.4622,0.072863,0.73408,-0.71305,-0.70898,-0.2047,0.33036,0.20485,1.0204,-0.0029962,0.23562,0.26766,0.13964,-0.059376,-0.11048,-0.20017,-0.43038,0.10522,0.0087535,0.12337,-0.091344,0.54715,-0.055066,-0.16484,0.22755,0.061975,0.24409,0.14111,-0.2744,0.19091,-0.15948,1.7069,0.19728,0.72846,-0.52708,-0.35491,-0.088284,0.31999,-0.47544,0.28222,0.22675,-0.3104,-0.35958,0.51846,0.027413,-0.003691,0.29402,0.038579,-0.22234,-0.029059,0.096801,-0.12281,-0.15071,0.18819,0.23963,0.23255,0.14198,0.090104,-0.21077,-0.27845,3.1437,-0.74145,0.6784,0.084531,-0.65242,-0.21044,0.2071,-0.51262,-0.20066,0.24788,-0.049195,-0.28044,0.28065,0.412,0.30649,-0.098101,0.16089,0.28317,-0.16733,0.044681,-0.046001,-0.099906,-0.35917,-0.30555,0.030367,0.26409,-0.44186,-0.029974,-0.13739,0.10736,0.081874,1.613,-0.50501,0.43926,-0.30932,0.15721,0.069998,-0.33468,0.46857,0.79128,-0.22559,-0.45585,0.19821,-0.47099,-0.16212,-0.014227,-0.16614,0.049681,0.28575,-0.22041,-0.13646,-0.1877,-0.12464,0.23573,0.024659,-0.084792,-0.21333,0.16363,-0.0008322,0.086227
0.38151,0.58315,0.61846,0.46879,0.31379,0.14637,0.078619,0.10202,0.093118,0.071905,0.053548,-0.07812,-0.17766,-0.18433,-0.23531,-0.22284,-0.20554,-0.26325,-0.26316,-0.20461,-0.13127,-0.062462,-0.0083044,0.024502,0.057471,0.10812,0.18038,0.25446,0.17187,-0.026597,0.13286,0.17116,0.12759,0.2897,0.25961,0.25078,0.168,0.065528,0.0098863,0.065025,0.16712,0.20221,0.1847,0.17372,0.1609,-0.0055032,-0.15141,-0.075459,-0.033208,-0.074298,-0.048512,-0.061157,-0.067463,0.02867,0.042243,-0.0040736,-0.014691,-0.011965,-0.040982,-0.047898,-0.038977,-0.014261,0.014285,0.0085728,-0.033069,-0.041385,0.016574,0.026206,0.0028892,0.057567,-0.11522,-0.36885,-0.51451,-0.57313,-0.53991,-0.42394,-0.24549,-0.037961,0.11661,0.15429,0.084063,-0.02248,-0.062281,0.0060817,0.078731,0.076647,0.047978,0.017986,0.014874,0.033652,0.046234,0.066387,-0.028199,-0.12293,-0.092896,-0.013593,0.070671,0.067635,0.32908,0.62438,-0.63123,-0.56603,-0.39875,-0.35375,-0.36972,-0.37801,-0.21576,0.015931,0.010998,-0.001602,-0.030129,0.040647,0.14518,0.1593,0.065536,-0.096145,-0.22198,-0.25119,-0.23025,-0.1619,-0.076171,-0.033301,-0.029122,-0.053717,-0.088719,0.016336,0.1022,0.075657,0.096142,0.20936,0.19526,-0.35009,-0.57098,-0.43585,-0.27431,-0.23163,-0.10312,0.012557,0.069198,0.05537,0.041177,0.098232,0.22282,0.32097,0.29049,0.26403,0.35523,0.49382,0.5478,0.461,0.18007,-0.23252,-0.5734,-0.72043,-0.70754,-0.62436,-0.48006,-0.34345,-0.24212,-0.14542,-0.050829,0.03533,0.17625,0.3914,0.51432,0.40772,0.18733,0.015096,-0.0011628,0.066918,-0.0081224,0.021027,0.11881,0.15778,0.14182,0.11377,0.046999,-0.018897,-0.044244,-0.054372,-0.047636,-0.042588,-0.070983,-0.098884,-0.11704,-0.14156,-0.12181,-0.077921,-0.0039761,0.064205,0.085077,0.087113,0.17742,0.17802,0.12271,0.20057,0.25272,0.39334,0.67674,0.81838,0.1255,0.66009,-0.72943,0.07091,-0.14168,0.23914,-0.22891,-0.51501,-0.015126,0.081283,-0.29851,0.58546,0.16894,0.62265,-0.30425,-0.19337,0.079824,-0.38149,-0.19261,0.27525,-0.14865,-0.08929,-0.035722,-0.22121,0.34209,-0.14725,0.0063979,0.49147,-0.18671,-0.027439,2.5606,-0.51919,-1.0992,0.92997,-1.1261,-0.073259,-0.77016,0.68482,0.29508,-0.82215,-0.20244,0.64437,-1.0857,-0.25308,-0.12411,0.15856,-0.047801,-0.79719,-0.28888,-0.39664,0.4308,0.19806,0.086441,-0.099494,-0.28088,-0.13799,-0.17042,0.1248,0.2218,0.15475,2.5723,-1.4185,-0.98191,-0.79334,-1.2318,0.13958,-0.66366,0.62434,0.1625,0.75777,-0.55521,-0.13221,0.74016,0.16424,0.087745,0.24076,-0.33237,0.43848,0.075436,0.1417,-0.18354,0.21314,-0.27866,-0.23904,-0.10039,-0.10718,0.02616,-0.0528,-0.055849,-0.010038,-0.012773,-0.89271,0.66188,0.44953,0.26526,0.28847,1.3785,0.31733,-1.1999,-0.052383,0.2889,0.084848,-0.26518,0.024035,-0.61167,0.36338,-0.084057,-0.15139,0.06273,0.29669,-0.19706,0.17724,-0.090396,0.32965,0.50446,-0.29642,0.27375,0.077994,0.10076,-0.11518,2.6362,1.9393,0.84406,0.47579,-0.34993,0.83106,0.70642,0.40951,0.0048371,-0.014662,-0.38272,-0.12351,0.83516,-0.76194,-0.23874,0.060489,0.62443,0.12041,0.11049,-0.21322,0.10774,0.11779,-0.3734,-0.23164,-0.03112,-0.096748,-0.11488,-0.12049,-0.20346,-0.16463,-0.22648,-0.87776,-0.75714,-0.012093,-0.24525,-1.0203,0.58526,0.11132,-0.36803,0.96279,-0.76868,-0.31007,-0.13988,0.10753,-0.5976,-0.2331,-0.49685,-0.041213,0.20002,0.3068,-0.10184,-0.36501,-0.20502,-0.17932,0.19884,0.018307,-0.32757,-0.067623,-0.15194,-0.0050677
1.059,0.90325,0.47213,0.12245,-0.0091434,-0.0083212,0.055812,0.075201,0.036235,-0.072818,-0.1433,-0.10476,-0.091395,-0.14125,-0.13891,-0.13346,-0.21739,-0.27287,-0.26974,-0.21191,-0.11393,-0.037792,-0.024057,-0.025493,-0.0067166,0.019184,0.025469,0.0054659,-0.025618,-0.04075,0.3504,0.59,0.67138,0.55583,0.47888,0.50341,0.46823,0.37316,0.26233,0.053915,-0.13245,-0.14631,-0.11384,-0.059749,-0.048459,-0.13277,-0.16543,-0.087022,-0.041079,-0.079332,-0.043063,-0.05327,-0.068084,0.020108,0.028892,-0.016096,-0.084176,-0.13775,-0.16403,-0.16349,-0.14413,-0.046032,0.033446,0.019632,-0.0070118,-0.015344,0.007856,-0.062279,-0.11184,-0.032831,-0.079568,-0.13358,-0.16356,-0.075592,0.058085,0.14194,0.1681,0.15485,0.10573,0.033138,-0.0077572,-0.0097588,0.0044512,-0.024652,-0.057581,-0.063065,-0.059105,-0.04546,-0.030933,-0.063541,-0.097343,-0.092635,-0.14413,-0.19196,-0.17395,-0.11558,-0.0086167,0.20184,0.13512,-0.063277,-0.90609,-0.60175,-0.26858,-0.27072,-0.32887,-0.35029,-0.27763,-0.14371,-0.13862,-0.033198,0.19701,0.37439,0.35832,0.21634,0.0036317,-0.17296,-0.24569,-0.26638,-0.23619,-0.16525,-0.085071,-0.035029,-0.029552,-0.065953,-0.072625,-0.068006,-0.083086,-0.087064,-0.076202,-0.030523,-0.19462,-0.053333,0.010908,-0.11912,-0.2021,-0.21835,-0.16231,0.07191,0.31282,0.36389,0.38083,0.47447,0.47523,0.35226,0.16407,0.13091,0.27403,0.42531,0.49795,0.42662,0.2091,-0.14343,-0.46001,-0.5938,-0.58951,-0.53228,-0.4545,-0.35176,-0.20924,-0.048755,0.12744,0.30832,0.47068,0.57148,0.56306,0.40519,0.19159,-0.009737,0.0046006,0.011498,-0.051107,-0.010209,0.0065597,-0.12232,-0.22077,-0.18685,-0.16141,-0.14871,-0.03892,0.089562,0.094309,0.066879,0.01764,0.0085277,0.04521,0.083599,0.11934,0.13847,0.13312,0.14289,0.14489,0.10097,0.077041,0.022917,-0.026604,0.011225,0.13012,0.25737,0.34646,0.39007,0.11426,0.98555,-0.32104,0.28121,-0.011591,0.2043,-0.48973,-0.064614,0.24495,-0.27948,0.036473,-0.15078,-0.30796,-0.076001,-0.18693,0.55785,0.10111,0.09243,0.23025,-0.11307,-0.34649,0.11847,-0.036217,0.19326,-0.23389,-0.15894,-0.12675,0.17627,0.14574,-0.056966,0.95934,-2.3698,-0.44333,-0.49995,-1.7094,0.44249,-0.95802,0.037679,-0.26284,-0.72549,-0.16298,0.57061,-0.00017148,0.34708,0.27705,-0.16097,0.092839,0.51113,-1.0926,-0.51862,0.17603,0.080983,-0.17351,0.20257,-0.0094853,-0.21281,0.041131,0.48219,-0.18713,-0.255,2.5438,-1.4094,-0.89582,-0.56354,-1.1241,0.34494,-0.67875,0.38259,0.86459,0.17653,-0.41502,-0.11213,-0.018735,-0.42804,-0.45658,-0.1621,0.18598,0.71559,-0.15554,-0.29343,-0.14077,-0.28404,-0.19533,0.083724,-0.48613,-0.18529,0.0083294,-0.00073566,-0.084531,-0.059886,-0.12516,-0.95469,0.47765,0.20012,0.26297,0.28368,0.61762,0.39943,-1.0963,-0.39133,-0.25201,0.017226,-0.47769,0.33531,0.027085,-0.17931,0.77707,0.064169,-0.35885,-0.10753,-0.017124,0.30798,0.48204,0.087486,0.093207,-0.087345,-0.14598,-0.20449,0.062024,0.096287,2.5307,1.857,0.68609,0.14089,-0.14879,1.3036,1.1922,0.3939,0.15278,0.68548,-0.60259,-0.093696,-0.27739,0.42462,0.48115,0.1257,0.037888,0.2793,0.13281,0.36793,-0.037416,0.38074,0.019939,0.21822,-0.14276,-0.40024,-0.19762,-0.34116,-0.024007,-0.019442,-0.21631,-1.1119,-0.54515,0.10244,-0.060385,-0.57342,0.34791,-0.24152,-0.43595,0.92653,-0.50545,-0.29603,-0.10009,-0.59859,-0.24765,-0.16831,0.57379,0.11857,-0.16092,-0.17724,0.060536,-0.26102,0.46206,-0.039387,-0.17703,0.026324,0.1555,0.051576,-0.2641,0.19492
0.54453,0.5679,0.43548,0.2356,0.04678,0.0059437,-0.010711,-0.013721,0.019622,0.025631,0.043359,0.038493,0.044963,0.055648,0.056313,-0.076812,-0.28241,-0.40724,-0.41226,-0.30909,-0.14785,-0.021382,5.5558e-05,-0.0098207,-0.039977,-0.051622,-0.0014664,0.030647,0.016724,0.058251,0.17994,0.46505,0.79761,0.57969,0.24654,0.29319,0.28299,0.21766,0.12922,0.14016,0.16057,0.12091,0.12081,0.14684,0.047989,-0.088344,-0.078823,-0.024935,0.016833,-0.0027176,-0.019513,-0.14144,-0.23882,-0.14673,-0.14103,-0.19134,-0.13508,-0.082259,-0.11301,-0.1142,-0.083811,-0.048867,-0.024626,-0.015546,-0.025153,-0.032837,-0.026812,-0.0014888,-0.044537,-0.073243,-0.12827,-0.31333,-0.37612,-0.31141,-0.17278,-0.026006,0.082457,0.1326,0.094124,-0.0095244,-0.088886,-0.081085,-0.0053194,0.049574,0.064695,0.065086,0.051519,0.025624,0.027308,0.053444,0.073354,0.083902,-0.020554,-0.11447,-0.10896,-0.092598,-0.084094,-0.019574,0.37939,0.72612,-0.68442,-0.48777,-0.23953,-0.31066,-0.35804,-0.31577,-0.3539,-0.22625,-0.055259,-0.0090931,0.043527,0.05785,0.086048,0.12466,0.13111,0.1129,0.0031367,-0.14868,-0.14275,-0.0048004,0.04467,0.027169,0.034037,-0.010371,-0.069496,-0.10089,-0.056641,-0.0063924,0.0094654,0.0077576,-0.10881,-0.37598,-0.32258,-0.22823,-0.20337,-0.31042,-0.31054,-0.2501,-0.14889,0.020138,0.20631,0.34611,0.39493,0.31497,0.18817,0.11642,0.16655,0.25213,0.30743,0.27337,0.12463,-0.17268,-0.4623,-0.62354,-0.5994,-0.5078,-0.4213,-0.37114,-0.32861,-0.21715,-0.010878,0.21294,0.34852,0.3937,0.35788,0.2371,0.11503,0.10727,0.10008,0.12867,0.066851,0.023113,0.065379,0.047721,0.023596,0.031385,0.0099443,-0.017634,-0.005512,0.021377,0.041411,0.0074843,-0.019585,-0.026562,-0.064366,-0.091426,-0.089226,0.010401,0.15384,0.22292,0.22788,0.1807,0.20558,0.18277,0.10077,0.12838,0.14064,0.348,0.6889,0.82213,0.053102,0.86562,-0.63646,0.29214,0.082755,0.18455,-0.43092,-0.35002,0.13852,-0.12055,0.0024462,-0.030507,-0.058841,0.15855,-0.28824,0.017828,0.051266,0.035268,0.16597,-0.11119,-0.22461,-0.06034,0.14928,-0.062389,-0.21768,-0.18464,0.091283,-0.039423,0.13384,-0.10746,1.2816,-1.9982,-0.44919,-0.54566,-1.5363,-0.10273,-0.31117,0.44173,0.35054,-0.4721,-0.27801,0.41076,-0.3057,0.094627,0.18678,-0.099086,0.47566,0.63718,-0.80616,-0.2949,0.21477,0.31553,-0.1241,0.037329,-0.25271,-0.072182,-0.034245,0.025243,-0.087534,-0.07048,2.5106,-1.3121,-1.1825,-0.81366,-1.1219,-0.19645,-0.52854,0.20894,0.24746,0.76189,-0.3838,0.043054,-0.043374,-0.33461,-0.32457,0.12131,0.11333,0.64179,0.047832,-0.33779,-0.2936,0.082945,-0.06978,-0.21463,-0.21502,-0.083223,0.061499,-0.32583,-0.15589,-0.14512,-0.0054504,-0.83913,0.55324,0.44627,0.12391,0.32674,0.9479,0.32894,-0.87494,0.17058,0.28357,-0.019438,-0.28615,0.38838,0.1431,-0.052638,0.51679,-0.02357,-0.51443,-0.083113,0.043832,0.29413,0.16698,0.10541,-0.010122,0.17697,-0.10045,0.010728,0.029508,-0.089612,2.6974,2.1849,1.064,0.26823,-0.56012,0.65414,0.44169,0.27334,0.16308,0.39023,-0.23768,-0.15569,0.22892,0.29838,0.67572,-0.064602,0.081788,0.21737,0.18593,0.11996,-0.16049,0.17534,-0.19858,-0.11599,-0.0077291,-0.017988,0.020596,-0.26577,-0.13882,0.0072201,-0.18237,-0.80865,-0.6429,-0.044649,-0.29864,-0.63574,0.37687,-0.10398,-0.41801,0.91753,-0.47155,-0.30226,-0.13307,-0.20542,-0.1945,-0.24927,0.32674,0.088675,-0.00099404,0.0092592,0.077519,-0.10774,0.27288,0.05295,-0.39491,-0.040497,0.14969,0.20005,-0.20479,0.14689
0.13191,0.31539,0.48756,0.35652,0.031171,-0.11979,-0.069293,0.046435,0.058636,0.030615,0.053571,0.062388,0.082332,0.085239,0.048074,-0.091477,-0.30377,-0.45214,-0.51619,-0.50846,-0.42272,-0.20307,-0.011862,0.019309,0.092887,0.19265,0.24277,0.17774,0.056102,0.03,0.20724,0.39708,0.4892,0.34893,0.28035,0.30752,0.24757,0.12731,0.016766,-0.016819,-0.0067993,-0.0035688,-0.0047141,-0.0099323,-0.03158,-0.044585,-0.0010569,0.071111,0.10711,0.064916,-0.028775,-0.041255,0.074759,0.16964,0.18002,0.131,0.055791,0.04665,0.065008,0.063422,0.074503,0.036574,0.00072312,0.018964,0.032349,0.049869,0.071769,0.042326,0.048128,0.1656,0.091629,-0.14478,-0.33447,-0.43311,-0.43383,-0.33612,-0.11817,0.10803,0.15912,0.046571,-0.001742,0.029249,0.069524,0.09663,0.11122,0.12766,0.12842,0.12409,0.12974,-0.030195,-0.12152,-0.067102,-0.082186,-0.20277,-0.27028,-0.21287,-0.10951,0.011492,0.19919,0.33123,0.57712,-0.13649,-0.33832,-0.29874,-0.22792,-0.12986,-0.12809,-0.27821,-0.3321,-0.13335,0.14455,0.21255,0.23061,0.21077,0.1292,-0.0033232,-0.11812,-0.22933,-0.38816,-0.48705,-0.33207,-0.078605,0.025665,-0.00053854,-0.039418,-0.067625,-0.090093,-0.048495,0.068011,0.13761,0.084158,0.22872,0.23718,-0.059094,-0.33128,-0.36329,-0.23699,-0.068576,0.072776,0.12131,0.10784,0.1202,0.15886,0.20512,0.25811,0.35593,0.48007,0.55549,0.55621,0.46629,0.25002,-0.14647,-0.56485,-0.79161,-0.85389,-0.80247,-0.62855,-0.39076,-0.1823,-0.028923,0.03451,0.036275,0.055719,0.086089,0.052063,-0.071212,-0.14783,-0.10147,0.023408,0.12552,0.019416,-0.032038,0.029409,0.073247,0.085646,0.085162,-0.039705,-0.15109,-0.15452,-0.13664,-0.0089533,0.093416,0.021857,-0.041497,-0.0088466,0.037796,0.02828,0.053056,0.041625,0.18465,0.35354,0.3882,0.28103,0.15279,0.1188,0.13149,0.14456,0.21075,0.37857,0.50605,0.052993,0.35996,-0.018956,0.1418,-0.0099189,-0.62161,0.52204,-0.40366,0.26979,-0.17087,-0.0081936,-0.11978,0.21294,0.44776,0.091333,-0.05476,-0.20227,-0.042207,0.16498,0.068959,0.12646,0.10311,0.024652,-0.10756,0.016499,0.020654,-0.1826,0.10152,0.0017865,-0.11978,0.85817,-2.3937,-0.055234,-0.44337,-2.1358,0.033696,0.30412,0.87723,-0.31388,-0.13688,-0.18884,0.63605,-0.65495,-0.19831,-0.52747,-0.031686,0.071342,0.11445,-0.11536,-0.20807,-0.11854,0.24809,0.12407,0.14877,0.20199,-0.15003,0.50682,0.21934,0.14395,-0.19912,2.3896,-1.3975,-0.77801,-0.035862,0.23659,0.74246,-0.7983,1.0099,0.28563,0.15598,-0.17563,-0.29823,0.47545,-0.26037,-0.30676,-0.17153,-0.32131,-0.15331,0.0090186,0.094441,-0.035201,-0.14823,-0.31078,0.22549,-0.13557,-0.19439,-0.075921,-0.31478,0.05962,0.13206,-0.16404,-0.92995,0.34593,-0.32511,0.35263,-0.10505,0.7277,-0.44841,-0.76871,-0.56924,-0.33451,-0.25714,-0.38153,-0.40541,-0.44299,-0.14391,0.1013,0.20316,-0.0049117,0.17386,0.12038,0.013095,0.16839,-0.19042,0.095004,-0.14319,-0.29618,0.015214,-0.25498,0.39079,2.7985,1.869,0.49129,-0.37184,0.37069,1.1188,0.13058,0.050452,0.017962,0.31219,-0.035954,-0.2509,0.47084,-0.43532,0.51702,0.23404,0.22832,0.025287,-0.16525,0.05945,0.2732,-0.051845,0.37679,0.059162,-0.267,-0.36385,0.084587,0.019246,-0.12446,-0.073191,-0.16574,-0.98374,-0.34783,0.11975,0.14341,-0.69304,0.9441,-0.49277,-0.070665,0.37659,-0.28649,-0.75878,-0.57266,0.37089,-0.53898,0.27553,-0.041479,-0.11313,-0.22232,-0.049603,-0.068892,-0.050679,-0.098123,-0.15376,0.058164,0.2288,-0.20192,-0.079911,0.053322,0.29029
0.42933,0.49917,0.37718,0.1015,-0.044827,0.021178,0.075242,0.098807,0.076713,-0.0022995,-0.093491,-0.13478,-0.11316,-0.11482,-0.14766,-0.15367,-0.14033,-0.11908,-0.071485,-0.041778,-0.035407,-0.07146,-0.10846,-0.066574,0.024694,0.067773,0.080504,0.081499,0.06589,0.14143,0.31536,0.34978,0.39311,0.40698,0.35426,0.28968,0.28363,0.22669,0.1523,0.086494,0.1293,0.17084,0.13624,0.13361,0.13138,0.033587,-0.029805,0.04127,0.081979,0.042414,-0.050222,-0.1262,-0.081152,0.014659,0.02651,-0.022558,-0.055686,-0.071518,-0.096522,-0.098167,-0.11382,-0.12504,-0.10642,-0.11732,-0.13622,-0.12482,-0.11961,-0.10232,-0.093352,-0.23843,-0.36245,-0.32817,-0.2144,0.029589,0.27718,0.43178,0.35483,0.14306,-0.0052907,-0.054402,-0.088129,-0.073953,-0.033285,0.0067425,0.037557,0.047536,0.025368,0.007968,0.015677,0.031309,0.054795,0.0097806,-0.029924,-0.032316,-0.075451,-0.12334,-0.10591,0.029169,0.36235,0.63465,-0.64722,-0.47053,-0.23249,-0.28942,-0.33651,-0.32324,-0.41342,-0.33874,-0.14488,-0.055803,0.061761,0.1726,0.23452,0.22703,0.16573,0.070549,0.030029,0.011739,-0.00085857,0.020978,0.021531,-0.020871,-0.064775,-0.012352,0.038491,0.019057,-0.0048308,-0.014178,-0.010278,-0.045065,-0.25299,-0.15124,-0.070689,-0.10121,-0.21376,-0.29924,-0.31831,-0.2918,-0.2572,-0.21533,-0.084244,0.14868,0.34663,0.39837,0.34303,0.31119,0.36163,0.46348,0.50664,0.42827,0.19108,-0.20039,-0.56493,-0.72584,-0.71263,-0.61561,-0.42485,-0.23851,-0.12944,-0.062562,-0.017247,0.048144,0.10666,0.11547,0.042737,-0.12632,-0.26276,-0.19406,-0.1129,-0.10474,-0.013542,0.032853,0.022675,-0.10776,-0.16357,-0.093723,-0.096288,-0.0036886,0.13858,0.15762,0.16596,0.13577,0.095347,0.062479,0.028591,0.0091146,0.021411,0.048699,0.081256,0.12671,0.1637,0.27915,0.33233,0.21701,0.078685,0.072298,0.11603,0.38459,0.6958,0.79916,-0.27937,0.23069,-0.071309,0.37291,-0.15345,0.086899,-0.39713,-0.28189,-0.19495,-0.12305,0.18554,-0.3342,-0.012165,0.048019,0.12191,0.24499,-0.10172,-0.34124,0.71019,0.066597,0.18361,-0.050978,0.2661,0.14995,-0.26782,-0.080977,0.3063,0.17686,-0.085397,0.050083,0.94592,-2.5185,0.35818,-0.68083,-1.5256,-0.027802,0.035662,0.18693,0.3185,-0.15151,-0.16267,0.47412,-0.25114,-0.18727,0.27944,0.24351,0.50717,1.0016,0.06556,-0.081365,-0.10377,0.32058,0.63849,-0.15348,0.12507,0.14918,-0.12323,0.083909,-0.017656,-0.097647,2.5823,-1.0509,-1.1682,0.10874,-0.84337,0.016301,-0.72176,-0.29955,0.90808,0.36272,0.077944,0.22886,-0.23084,-0.21627,-0.20756,-0.28173,-0.41782,-0.24067,0.33121,-0.36189,-0.0090317,0.30858,-0.43385,-0.46709,0.086821,-0.15684,0.091421,-0.25537,0.1072,0.20409,-0.034414,-0.93391,0.10241,-0.050322,-0.13447,0.28611,0.84568,0.39032,-0.46532,0.11625,0.22498,-0.20315,-0.4427,0.41297,0.098115,0.14751,0.3372,-0.22044,-0.49075,0.1807,0.35301,-0.59565,0.057719,0.37607,-0.23716,0.02751,0.10926,-0.23983,0.097331,0.08934,2.6263,2.1342,0.29949,-0.026863,-0.31179,0.50312,0.59097,0.43813,-0.25672,0.12171,-0.008133,-0.4087,0.073564,0.66595,0.76571,-0.34489,-0.041508,-0.20427,-0.21079,0.02405,-0.32299,-0.24425,-0.16497,-0.2413,-0.24822,0.32911,0.06594,-0.089592,0.066245,-0.099183,-0.18698,-0.91066,-0.14641,-0.14375,0.26282,-0.29,0.21423,0.056703,-0.21585,0.65968,-0.45847,-0.26175,-0.17258,-0.30722,0.045154,-0.14663,0.37261,0.27347,0.064188,-0.1829,-0.24648,0.19212,-0.39122,0.49619,0.058002,-0.15754,0.15231,0.12452,-0.083074,0.15848
0.33673,0.47275,0.4322,0.29036,0.05167,-0.090606,0.001413,0.079097,0.0031334,-0.10157,-0.10241,-0.049333,-0.02962,-0.031975,-0.07366,-0.095263,-0.12589,-0.19074,-0.2111,-0.18036,-0.13335,-0.10682,-0.052554,0.025849,0.044607,0.082405,0.16126,0.19514,0.16521,0.2373,0.36821,0.43726,0.46035,0.33811,0.10584,0.15265,0.1431,0.085842,0.13843,0.18624,0.13955,0.1109,0.090192,0.065906,0.0014082,-0.046479,-0.0012781,0.062131,0.075908,0.009694,-0.02841,-0.1394,-0.22092,-0.12487,-0.10973,-0.15468,-0.15805,-0.15779,-0.20111,-0.21455,-0.19645,-0.091715,-0.0059553,-0.037419,-0.087196,-0.072895,-0.042643,-0.079685,-0.044737,0.017848,0.095724,0.16146,0.13047,0.026683,-0.081777,-0.12178,-0.077451,0.043378,0.12018,0.04739,-0.079135,-0.12985,-0.048073,0.05317,0.066315,0.045709,0.018675,0.0046595,0.016605,0.044379,0.072338,0.093353,0.046151,-0.053683,-0.081804,-0.025416,0.052024,0.085496,0.35038,0.63319,-0.23665,-0.29172,-0.21621,-0.25551,-0.29472,-0.27576,-0.28509,-0.28625,-0.25566,-0.13746,-0.0064445,0.12106,0.19769,0.19206,0.10771,-0.001305,-0.085711,-0.13353,-0.14858,-0.12447,-0.077656,0.019963,0.11591,0.12071,0.072262,0.19774,0.31761,0.30891,0.24652,0.14541,0.078889,-0.32186,-0.6387,-0.56164,-0.23314,-0.33538,-0.32245,-0.28193,-0.20608,-0.13057,-0.06304,-0.0098429,-0.01735,-0.027567,0.090161,0.30616,0.46489,0.51185,0.4384,0.26305,0.028421,-0.28023,-0.56326,-0.73702,-0.73889,-0.66039,-0.58117,-0.484,-0.38681,-0.27295,-0.12213,0.072092,0.33019,0.56781,0.62568,0.4287,0.049092,-0.18426,-0.095702,-0.055967,-0.038817,-0.0075677,-0.00021098,0.014966,0.042985,0.082613,0.1182,0.0031131,-0.11462,-0.10047,-0.072285,-0.080051,-0.060327,-0.037393,-0.066591,-0.056416,-0.019649,0.055989,0.14043,0.19461,0.22155,0.20251,0.16027,0.11045,0.078745,0.093864,0.10799,0.38466,0.74511,0.87869,0.24917,0.58828,-0.32477,-0.10281,0.09307,0.34292,-0.37742,0.002954,-0.68252,-0.077344,-0.1007,0.62159,0.047463,-0.085407,-0.37726,-0.13855,-0.076503,0.41199,0.10345,0.014522,0.14747,0.053114,-0.086722,0.068021,0.18602,-0.22577,-0.33457,0.30648,0.063372,0.16709,2.6415,-0.4226,-0.6813,0.89406,-1.2642,-0.69925,0.03458,0.04522,1.0588,-0.98149,-0.47449,0.29157,-0.55985,0.0508,-0.029739,0.17905,-0.24111,-0.26239,-0.25004,0.046444,0.16743,0.025108,0.39893,-0.099595,-0.1672,0.056373,0.028253,-0.034353,-0.017048,-0.045308,2.4868,-1.3092,-0.70918,-0.52415,-1.0443,1.1306,-0.14508,0.3226,0.82529,0.69778,-0.2009,-0.09356,0.26232,-0.476,0.5039,0.30769,0.36439,0.32931,0.25127,0.0089115,-0.25112,-0.10768,-0.23368,0.09832,0.017016,-0.11451,0.10303,-0.17773,0.17799,-0.062348,-0.14642,-0.77731,0.34173,0.31606,-0.082067,-0.27796,0.86214,0.96059,-1.1116,0.18187,0.0081079,-0.043306,-0.24453,-0.15406,0.43631,0.39372,0.076757,-0.060318,-0.11398,0.33017,0.18727,0.45859,-0.063095,-0.092263,0.23264,-0.2112,-0.070819,0.011006,-0.059381,0.015515,2.624,1.8803,0.84102,0.15568,-0.25279,0.15032,1.394,0.31117,-0.41119,0.13922,-0.40173,0.31481,0.51615,-0.066023,-0.13581,0.51309,0.042745,-0.19871,0.10669,0.17087,0.010089,0.23544,-0.16616,0.26912,-0.27798,-0.13506,0.1665,-0.11454,-0.05984,-0.070751,-0.12931,-0.71102,-0.50087,0.071512,-0.2149,-0.019776,0.36209,0.16608,-0.52104,1.4374,-0.78762,-0.080618,0.02419,0.019922,0.14169,0.35041,-0.32623,0.084319,-0.16303,0.043893,0.19353,0.029611,0.075179,-0.51044,-0.21238,0.32285,-0.056184,0.029883,0.11693,0.089599
-0.2064,0.063355,0.499,0.37123,0.10865,-0.032736,0.014295,0.072154,0.02737,0.017679,0.056539,0.055773,0.075008,0.074821,0.036071,-0.039691,-0.13177,-0.19294,-0.19391,-0.14814,-0.098531,-0.064998,0.01027,0.11619,0.13197,0.086084,0.047324,0.019036,-0.0044116,0.044668,0.10902,0.15426,0.23702,0.12697,0.096488,0.13967,0.1203,0.051385,-0.0058765,-0.047078,-0.090454,-0.069269,-0.038716,-0.045039,-0.070419,-0.10346,-0.14642,-0.13804,-0.075705,-0.099581,-0.19471,-0.13835,0.050265,0.15058,0.16378,0.12025,0.04412,0.02389,0.042498,0.04074,0.026128,0.065679,0.1483,0.19296,0.21083,0.21364,0.11896,0.0096279,0.036285,0.050077,-0.24139,-0.41678,-0.20288,0.1751,0.31698,0.27408,0.25661,0.28293,0.23238,0.12293,0.034747,-0.019381,-0.043685,-0.018011,0.0051225,-0.0065786,-0.017809,-0.01831,-0.010574,-0.077173,-0.1172,-0.073273,-0.067734,-0.097141,-0.14422,-0.12196,-0.0069727,0.18463,0.48596,0.64024,0.59427,-0.052496,-0.35218,-0.33122,-0.28132,-0.23467,-0.27849,-0.34457,-0.36224,-0.21081,0.010314,0.11399,0.17911,0.17498,0.097389,-0.017656,-0.11537,-0.15929,-0.14656,-0.10089,-0.053196,0.03874,0.13368,0.22235,0.239,0.15397,0.073466,0.086606,0.13579,0.0054182,-0.11207,0.37035,0.44611,0.11365,-0.21318,-0.33552,-0.31405,-0.2428,-0.15704,-0.073364,0.013089,0.088699,0.15815,0.19283,0.18058,0.16752,0.24164,0.3958,0.53766,0.57633,0.40281,0.0025821,-0.46215,-0.76991,-0.85172,-0.74913,-0.49406,-0.21092,-0.066983,-0.079807,-0.1406,-0.15086,-0.051664,0.085956,0.1682,0.16126,0.030836,-0.092806,-0.035877,0.0031489,-0.11903,-0.14968,-0.17585,-0.18407,-0.15042,-0.048045,0.058743,0.063561,0.061759,0.072357,0.079772,0.016922,-0.063589,-0.060681,-0.024896,-0.0064465,0.022619,0.049859,0.085578,0.21276,0.31457,0.3207,0.24167,0.08885,0.054146,0.13727,0.22292,0.30708,0.4412,0.55024,-0.26701,-0.28778,0.36972,0.23383,-0.13326,-0.0033689,0.21882,-0.33431,0.019041,0.1747,0.24493,-0.17457,-0.0049192,-0.14763,0.36513,-0.21607,0.27955,-0.18786,-0.06252,-0.052794,0.25046,0.059249,-0.26997,0.085165,-0.19107,-0.26008,-0.038843,0.2395,0.31729,-0.10263,2.5688,-0.84545,0.27992,1.6752,-1.3517,0.11502,-0.24655,0.42028,-0.09653,-0.091854,-0.62898,0.077958,-0.59692,-0.61404,-0.051067,0.19396,0.2699,-0.19671,-0.12989,-0.033188,0.0031286,0.019709,0.33391,-0.23579,-0.37909,-0.003176,0.30254,0.2623,0.033215,0.056244,2.5593,-0.46627,-1.284,0.16062,-0.33396,0.75502,-0.69355,0.62635,0.58511,-0.12293,-0.0053179,-0.4795,-0.10491,0.16778,0.21606,-0.37972,-0.34971,-0.14167,-0.34372,-0.4385,-0.34042,-0.06313,-0.023133,0.31783,0.47006,-0.2627,-0.15071,0.11222,-0.05322,-0.29832,-0.11962,-1.1593,-0.50538,-0.47639,0.11143,0.1444,0.30903,0.1374,-0.70538,-0.82144,-0.19451,-0.056858,-0.54193,-0.052445,-0.19948,0.2276,-0.11351,0.10527,-0.11428,-0.094261,0.076051,-0.18458,0.24626,-0.32107,-0.10037,0.19852,0.1886,-0.29545,0.025381,0.072138,2.4421,2.3206,-0.6634,0.14501,0.21022,0.61797,0.022471,0.12009,-0.21937,-0.47868,0.24429,-0.20205,0.12063,0.051596,-0.22846,-0.42411,-0.10816,0.18305,-0.032507,0.12218,-0.31156,0.069072,-0.072986,0.092149,-0.1204,-0.15977,0.18727,-0.07604,0.031803,-0.091974,-0.11036,-0.92163,0.40673,0.22048,0.4673,-0.43405,0.39232,0.087417,0.11885,0.2849,-0.46041,-0.35145,-0.56915,-0.20767,-0.69164,0.1355,-0.31523,-0.36939,-0.46496,-0.033843,0.15906,-0.027541,-0.11441,0.25597,-0.0018156,-0.19202,-0.15547,-0.22608,-0.2538,0.36035
0.14284,0.23891,0.43193,0.45892,0.30104,0.20816,0.17934,0.070633,0.0014644,-0.027368,-0.11252,-0.14978,-0.11052,-0.10272,-0.14956,-0.14608,-0.13969,-0.1831,-0.14744,-0.064511,-0.0049928,0.025969,0.043316,0.040609,0.018366,0.057922,0.29912,0.43622,0.30319,0.094431,0.12564,0.13786,0.12504,0.15592,0.23438,0.26798,0.21727,0.13332,0.067883,0.024547,-0.0057184,0.11735,0.2261,0.21303,0.18298,0.062706,-0.0011334,0.073103,0.10029,0.043205,-0.050391,-0.17923,-0.21256,-0.11685,-0.10182,-0.14663,-0.078429,-0.024632,-0.068154,-0.081692,-0.070389,-0.044836,-0.011651,0.0086877,0.00057303,-0.0052145,-0.031103,-0.053142,0.024083,0.064275,0.050603,-0.1534,-0.42003,-0.55094,-0.56517,-0.47197,-0.30864,-0.15044,-0.042542,0.022135,0.039835,0.0050347,-0.0045647,0.028234,0.045226,0.037641,0.020239,0.0027021,-0.0041061,0.010223,0.033623,0.062454,0.085626,0.041146,0.013144,0.068725,0.12021,0.069823,0.29796,0.59791,0.66849,-0.14165,-0.37915,-0.35679,-0.28459,-0.22934,-0.29655,-0.29354,-0.18616,-0.061448,0.03914,0.17442,0.28618,0.29005,0.19469,0.016697,-0.13462,-0.15893,-0.10625,-0.021727,0.015119,0.017794,0.017402,-0.025094,0.087401,0.20539,0.24275,0.2571,0.28706,0.21534,-0.019393,-0.71143,-0.68489,-0.32047,-0.42077,-0.33157,-0.19394,-0.1195,-0.09878,-0.068189,-0.036471,-0.031065,-0.00023349,0.038375,0.042474,0.13,0.33751,0.47717,0.46859,0.32336,0.077671,-0.25598,-0.56728,-0.74955,-0.76916,-0.69969,-0.62794,-0.54546,-0.44059,-0.31944,-0.18946,-0.063932,0.077465,0.24366,0.34863,0.2973,0.11231,0.034739,0.13282,0.13361,0.11356,0.04747,0.066039,0.14464,0.15934,0.14302,0.1266,0.067201,0.00090402,-0.02247,-0.041455,-0.062631,-0.059428,-0.067204,-0.1041,-0.12054,-0.12182,-0.11305,-0.050325,0.058114,0.12846,0.14743,0.11641,0.1471,0.18222,0.17934,0.1577,0.38428,0.71925,0.84634,0.044983,0.52379,-0.65268,0.071634,-0.12521,0.24752,-0.25105,-0.53335,-0.086022,0.10798,-0.24806,0.6602,0.15027,0.44712,-0.20101,-0.20211,-0.027045,-0.31345,-0.22022,0.21613,-0.11295,-0.079982,-0.094374,-0.24546,0.30804,0.089265,-0.13276,0.24476,-0.058051,0.058125,2.631,-0.49493,-0.88648,0.92348,-1.1773,-0.31096,-0.40198,0.65911,0.52169,-0.9542,-0.15605,0.35804,-1.1262,-0.2343,-0.0091155,-0.012365,0.076982,-0.61855,-0.16254,-0.31212,0.11041,0.037783,-0.022283,-0.18802,-0.18342,-0.083497,-0.020695,0.14251,0.29863,0.40006,2.4687,-1.3332,-0.62156,-0.79493,-1.1068,0.85449,-0.43994,0.49279,0.12024,0.43152,-0.71363,-0.53024,0.64752,-0.32394,0.26132,0.51829,-0.088956,0.20957,-0.041464,0.16182,-0.4165,0.14754,-0.3851,-0.14003,-0.099825,-0.0069803,-0.4806,-0.16718,-0.23131,0.047844,-0.044262,-0.75625,0.66037,0.29773,0.31714,0.10505,0.87808,0.5429,-1.1922,-0.53556,-0.0034298,0.36915,-0.22241,-0.58109,-0.30947,0.35216,0.23663,0.097149,-0.23983,0.49616,0.22675,0.28976,-0.45018,0.12253,0.32556,-0.13165,0.30477,0.1351,0.044828,-0.1173,2.6785,1.7554,0.83381,0.40163,-0.13723,0.68547,0.80736,0.47926,-0.038484,-0.016458,-0.33212,0.049286,0.67243,-0.67722,-0.08031,-0.016192,0.33598,0.12754,0.23243,-0.27521,0.028165,0.16152,-0.19152,-0.20374,6.4339e-05,-0.3356,-0.12902,-0.21251,-0.21278,-0.07493,-0.17669,-0.76103,-0.63115,-0.0042645,-0.31072,-0.72928,0.56016,0.025252,-0.78708,0.93593,-0.74659,-0.3014,0.0064786,0.16239,-0.57794,-0.18089,-0.50816,-0.11409,0.13699,-0.12834,0.081673,-0.30749,-0.28116,-0.23936,-0.027474,0.29268,-0.24244,0.035131,-0.074834,0.024065
0.1801,0.34087,0.38142,0.18409,-0.11076,-0.16262,-0.0083316,0.040519,-0.055834,-0.025366,0.063028,0.061852,0.070685,0.07215,0.049666,-0.0065283,-0.09244,-0.16322,-0.17157,-0.11948,-0.058341,-0.071465,-0.17566,-0.26063,-0.24249,-0.11176,0.036593,0.08248,0.055847,0.056416,0.18916,0.3418,0.33032,0.20978,0.26452,0.31191,0.27417,0.18055,0.13959,0.13768,0.16123,0.18047,0.16383,0.15225,0.11941,-0.0028289,-0.067499,0.0085532,0.051036,0.014627,-0.07045,-0.13999,-0.095666,-0.001263,0.0098405,-0.037581,-0.049915,-0.04669,-0.072569,-0.077663,-0.06887,-0.046475,-0.016951,0.0031337,0.0055107,-0.0083688,-0.012338,-0.022076,-0.042716,-0.036082,-0.24699,-0.35819,-0.28028,-0.16928,-0.044434,0.091562,0.22101,0.27348,0.19294,0.075774,-0.0026563,-0.034208,0.028992,0.097474,0.10661,0.088574,0.040839,0.017075,0.028366,0.040641,0.047913,-0.072611,-0.18862,-0.19814,-0.19993,-0.12509,0.018617,0.13178,0.34303,0.49843,-0.075221,-0.20544,-0.17504,-0.20797,-0.21477,-0.21109,-0.26513,-0.25315,-0.1763,-0.055493,0.040671,0.071058,0.1118,0.12954,0.094376,0.015412,-0.072291,-0.13018,-0.13006,-0.07962,-0.018827,0.032195,0.059597,0.025403,0.0066458,0.046325,0.072597,0.077686,0.096259,0.12109,0.058676,0.090051,0.061122,-0.19916,-0.45727,-0.46421,-0.34067,-0.19859,-0.093993,-0.076157,-0.13085,-0.11585,0.0069621,0.13879,0.13432,0.12872,0.24603,0.38163,0.43345,0.36158,0.15186,-0.17921,-0.49271,-0.63549,-0.62197,-0.54339,-0.40031,-0.26835,-0.18469,-0.1136,-0.038982,0.034473,0.099392,0.16932,0.23039,0.23288,0.21712,0.14938,0.088357,0.10678,0.055919,0.066598,0.059923,0.03912,0.039762,-0.040084,-0.10876,-0.099407,-0.098134,-0.082988,-0.021968,0.0098429,0.0015242,0.0031234,-0.023863,-0.022548,0.032065,0.095687,0.12501,0.13405,0.1173,0.14753,0.13666,0.025593,0.0069264,0.11095,0.22606,0.29024,0.4137,0.53266,-0.15506,-0.16075,-0.36891,0.040787,-0.17255,0.12678,0.028787,-0.01867,-0.012928,0.20592,0.20791,-0.34348,-0.15565,0.014665,-0.16559,0.13907,0.10616,-0.11043,0.20589,-0.30302,0.11647,0.15009,-0.063481,0.019764,-0.16183,0.028832,0.037439,-0.045466,0.056226,-0.16061,2.6589,-0.71803,-0.23278,0.86603,-1.3245,-0.022101,-0.1751,0.24709,0.049984,-0.31749,-0.44444,0.018301,-0.23498,-0.16156,0.067844,0.14087,0.27048,0.28379,-0.21431,-0.057324,-0.064744,0.33862,0.36569,-0.03043,-0.41687,-0.24907,-0.29056,0.37004,0.17511,0.022332,2.5503,-0.75778,-1.2911,-0.37755,-1.0608,-0.49257,-0.16625,0.029749,0.33219,0.27659,-0.1283,0.036959,-0.23614,-0.14113,-0.21441,-0.19359,0.15187,-0.038636,0.27863,-0.3656,-0.50999,-0.21065,-0.35745,0.11352,-0.08905,0.038115,-0.18508,-0.07837,0.14254,0.11295,0.0088922,-0.63462,0.017324,0.20697,-0.20699,0.30598,0.52878,0.099711,-0.50335,0.15892,0.28036,-0.012183,-0.24321,0.56528,0.17783,0.44672,0.12685,0.078028,-0.16885,0.068399,-0.036742,-0.080806,0.079785,-0.056597,-0.086297,-0.070268,0.051038,-0.20355,-0.04108,0.18215,2.796,1.7239,0.23365,0.098308,-0.28162,0.56504,0.50283,0.17469,0.15665,0.053258,-0.18788,-0.13536,0.074467,0.59356,0.089129,-0.18696,-0.019963,-0.16209,-0.18494,0.074852,-0.52036,0.31678,-0.16417,0.017946,-0.29354,-0.083482,-0.00092124,-0.05643,-0.19736,0.35168,-0.0076295,-0.52559,-0.18312,0.13884,0.13578,-0.31597,0.21453,-0.21894,-0.088733,0.72125,-0.26675,-0.057984,-0.28064,-0.18681,-0.31878,0.01632,-0.041056,0.05251,-0.35437,-0.16933,-0.03884,0.1738,0.048595,0.19699,0.071036,-0.10925,-0.028127,0.23639,0.11536,-0.022755
0.098774,0.19833,0.518,0.60422,0.39892,0.12691,0.01192,0.014835,0.067838,0.058908,0.046033,0.042111,0.041603,-0.056183,-0.17288,-0.27209,-0.35485,-0.1515,0.26351,0.43983,0.48345,0.40116,0.22334,0.0053856,-0.15785,-0.2267,-0.23694,-0.21957,-0.1668,-0.057264,-0.056245,-0.0063077,0.11011,0.063267,0.15147,0.24023,0.2202,0.1583,0.083931,0.026854,-0.013773,-0.036007,-0.036436,-0.031458,-0.044329,-0.054043,-0.0091292,0.068695,0.11156,0.068465,-0.035693,-0.065246,0.032297,0.12059,0.13411,0.089735,0.014823,-0.059295,-0.097747,-0.09117,-0.070505,-0.033195,0.001286,0.011661,0.012524,0.020215,0.035159,0.048729,0.055695,-0.010322,-0.086118,0.13171,0.46941,0.57616,0.44932,0.24435,0.096085,0.045421,0.020347,0.0042302,0.012723,0.0047004,-0.020552,-0.022071,-0.010382,-0.0087853,-0.014622,-0.01675,-0.10422,-0.16978,-0.1422,-0.1117,-0.087406,-0.12849,-0.17152,-0.16391,-0.060616,0.073057,0.20353,0.29541,0.044909,-0.036379,-0.38024,-0.61216,-0.49444,-0.35932,-0.37436,-0.19894,0.041308,0.032057,0.053848,0.081927,0.087575,0.1504,0.15165,-0.00807,-0.12345,-0.031803,0.1419,0.23969,0.28389,0.25457,0.15051,-0.012184,-0.14396,-0.18787,-0.18386,-0.16221,-0.13039,-0.15868,-0.041989,0.49527,0.55696,0.17327,-0.16462,-0.24737,-0.23689,-0.18218,-0.1063,-0.0032442,0.11452,0.20281,0.2462,0.25787,0.27916,0.37194,0.52695,0.67004,0.73134,0.64936,0.39252,0.0035251,-0.33172,-0.48148,-0.49716,-0.4311,-0.28919,-0.15628,-0.06884,0.019093,0.1056,0.18417,0.23869,0.24368,0.17577,0.049328,-0.0069976,0.01675,0.028591,-0.026833,-0.04692,-0.11744,-0.13468,-0.078489,-0.099383,-0.13517,-0.13658,-0.11778,-0.10542,-0.10461,-0.12086,-0.097336,-0.016572,0.016074,-0.0022023,-0.0052087,0.021015,0.071678,0.15857,0.21769,0.2436,0.24101,0.20372,0.213,0.22326,0.18886,0.20152,0.20334,0.3149,0.45964,-0.16257,-0.50024,0.38754,-0.17464,0.32359,-0.33131,0.012385,-0.45105,-0.22001,0.14426,-0.071689,-0.25735,-0.011225,-0.78582,0.44414,0.061711,0.28645,0.39806,0.41291,0.15813,0.12952,-0.2253,-0.18236,0.09084,-0.19916,-0.10107,0.036281,0.3179,0.11122,-0.0055868,2.3716,-0.63784,0.70157,1.6043,-1.0974,-0.42657,0.12482,0.74382,0.49175,0.29691,-1.2004,0.20913,-0.86279,-0.52797,0.37748,0.21872,0.081305,0.45252,-0.034071,0.01016,-0.070571,-0.36192,-0.14814,0.19272,-0.28811,0.30024,-0.15811,0.26985,-0.18536,0.016054,2.1744,0.11092,-1.9042,0.12085,-0.25011,0.029417,-0.47309,0.45849,0.2569,0.77283,0.32896,-0.79923,-0.59191,-0.30487,0.23561,-0.32043,0.24574,-0.41264,-0.3986,-0.11506,0.18526,0.30258,0.044112,0.038775,0.063324,-0.10403,0.037761,0.21229,-0.38622,-0.37285,-0.067296,-0.98525,-0.96458,-0.38176,0.065992,0.20975,0.73944,0.13446,-0.312,-0.49511,0.17616,-0.3004,-0.86753,0.028446,0.84768,0.48265,-0.52259,0.17489,-0.5019,0.16342,-0.15027,0.027905,-0.44395,0.072688,-0.33846,0.050598,-0.19514,-0.26796,0.05828,-0.25181,2.3636,1.8508,-0.73777,-0.30044,0.0088699,0.42237,0.38004,0.38168,-0.21548,-0.2604,0.59146,0.11763,0.57579,0.74747,0.024063,0.062851,-0.21757,0.076858,0.027939,0.40604,0.068503,0.2602,-0.15618,-0.18564,0.02745,0.18,0.36322,-0.25771,-0.1315,-0.24004,-0.22594,-1.0105,0.95804,-0.061483,0.48475,-0.48198,0.51712,0.46179,0.23124,0.54812,-0.44997,-0.30835,-0.55087,-0.16087,0.38836,0.32355,-0.12616,-0.70652,-0.78577,-0.16903,0.22841,0.11303,-0.024696,0.30705,-0.087246,-0.11503,-0.018024,-0.14507,0.079622,0.14756
0.11812,0.10726,0.55789,0.56478,0.20373,-0.079547,-0.12239,-0.047704,0.056773,0.065597,0.044313,0.036245,0.035861,0.022531,-0.016742,-0.086202,-0.17398,-0.2365,-0.23541,-0.16819,-0.035384,0.070094,0.072239,0.089516,0.10623,0.056473,-0.10061,-0.16159,-0.044038,0.15093,0.14161,0.19225,0.27476,0.16999,0.13902,0.18696,0.1697,0.099633,0.13812,0.2304,0.23399,0.20896,0.19394,0.18365,0.066971,-0.051762,-0.0052182,0.078105,0.12491,0.081431,0.023667,-0.058689,-0.067724,0.026224,0.036735,-0.011277,-0.01914,-0.015647,-0.04975,-0.06233,-0.054433,-0.031269,-0.0048,0.0096325,0.014986,0.028404,-0.0054868,-0.064385,-0.025146,-0.068728,-0.23305,-0.28331,-0.25423,-0.21917,-0.1876,-0.05896,0.17904,0.34523,0.25914,0.055983,-0.058418,-0.034814,0.075112,0.16431,0.16843,0.11998,0.018859,-0.016819,0.01155,0.039211,0.055371,0.063813,-0.10342,-0.2418,-0.21244,-0.19517,-0.16278,-0.068844,0.19202,0.38943,1.1261,0.14279,-0.36615,-0.32088,-0.32398,-0.29242,-0.30979,-0.22472,-0.058088,-0.010401,0.022066,0.062788,0.089314,0.07669,0.010205,-0.088048,-0.17376,-0.21441,-0.1953,-0.11864,-0.044363,-0.016303,-0.031966,0.13279,0.24179,0.19054,0.1814,0.21042,0.066362,-0.1871,-0.16335,0.20565,0.25806,-0.024556,-0.31137,-0.42472,-0.39381,-0.31724,-0.20143,-0.093352,-0.025098,-0.0017593,0.012277,0.12291,0.30766,0.49074,0.64456,0.74095,0.72478,0.55883,0.22865,-0.20747,-0.55971,-0.69271,-0.66606,-0.57676,-0.46185,-0.3685,-0.2933,-0.20906,-0.10951,0.0066486,0.094768,0.12056,0.078008,-0.02754,-0.14859,-0.18589,-0.066188,-0.063702,-0.057627,-0.0015978,-0.0019571,-0.0071989,0.0023018,-0.092672,-0.1713,-0.15861,-0.15965,-0.074083,0.010893,-0.035109,-0.07309,-0.096967,-0.12822,-0.088364,0.084338,0.24225,0.28494,0.2847,0.25283,0.19257,0.24432,0.24986,0.17529,0.206,0.21255,0.20225,0.36987,0.51281,-0.24635,0.098251,0.46172,-0.024191,-0.11651,-0.037185,0.19546,-0.55352,-0.26901,-0.0079309,-0.24746,-0.26129,0.15482,0.10336,-0.052951,-0.32022,0.054688,0.1371,0.25132,-0.17062,-0.23041,-0.1735,0.092037,-0.0399,-0.19617,0.063357,0.31521,0.089471,-0.01335,0.096537,0.97759,-2.6131,0.63924,-0.12785,-1.5616,-0.35545,0.4986,0.67766,0.29582,0.064102,-0.57605,0.30594,-0.78293,-0.63061,0.21563,-0.0036361,0.34933,0.070078,0.14879,-0.29877,-0.31187,-0.21603,-0.21668,-0.18502,0.15332,0.22227,0.11713,0.1942,-0.12258,-0.09945,2.4395,-0.61623,-2.0296,-0.075227,-0.17016,0.24896,-0.44136,0.65869,0.10947,0.58821,-0.070673,-0.72857,-0.19258,-0.094415,0.22325,-0.18351,-0.21541,-0.38326,-0.014061,-0.10915,-0.10642,0.13388,-0.43949,0.022596,0.27688,-0.047431,0.034675,-0.038132,-0.29637,0.087605,0.013783,-1.5088,-0.41176,-0.231,0.1444,0.28932,0.71603,0.10465,-0.68155,-0.25813,0.14754,-0.31091,-0.51048,0.022004,-0.048667,0.26022,-0.31623,0.27803,-0.24035,-0.068753,0.17304,-0.14276,-0.30921,-0.031421,0.0031731,-0.045857,-0.0075569,0.092259,0.0043794,-0.12259,2.6247,2.3559,-0.22655,-0.033009,0.37553,0.46,-0.023108,0.24802,-0.11009,-0.29439,0.38419,0.12865,0.54256,-0.31287,0.25665,-0.19383,-0.13685,0.032596,-0.19458,0.069332,-0.1222,-0.044906,-0.030273,0.14519,0.096521,0.0056385,-0.11237,-0.058425,0.0077165,-0.026913,-0.13232,-1.3162,0.57194,-0.0020156,0.12728,-0.47643,0.28365,-0.1271,-0.61677,0.35606,-0.080387,-0.37815,-0.57841,-0.14206,0.029148,-0.13056,-0.50993,-0.39758,0.0062065,-0.27639,-0.048652,0.12754,-0.20862,0.28559,0.080591,0.073643,-0.068354,-0.010043,0.065989,0.37779
0.45378,0.1533,0.37375,0.24953,0.027906,-0.084608,-0.051522,0.040525,0.087692,0.05483,0.036403,0.035852,-0.088608,-0.21412,-0.25801,-0.22884,-0.19733,-0.2751,-0.31399,-0.29997,-0.24219,-0.14802,-0.054545,-0.040922,-0.051985,0.0055188,0.10794,0.19408,0.22097,0.10452,0.067874,0.26167,0.39611,0.34045,0.30011,0.3336,0.29397,0.20813,0.12574,0.1876,0.24075,0.18615,0.12091,0.13564,0.093424,0.057323,0.16889,0.25428,0.2716,0.22981,0.10947,-0.052793,-0.060211,0.034981,0.047483,0.0019669,-0.027504,-0.059937,-0.1157,-0.12949,-0.083314,-0.033157,-0.0057088,0.0013148,0.13386,0.23555,0.26982,0.12538,-0.04952,0.0030597,-0.0066329,-0.17903,-0.44966,-0.59241,-0.67447,-0.67697,-0.56867,-0.40204,-0.23742,-0.12688,-0.12406,-0.11956,0.005524,0.14656,0.1684,0.12053,0.044804,-0.0050717,0.0055784,0.047337,0.088644,0.11392,0.00082674,-0.13617,-0.17395,-0.14852,-0.095948,-0.020363,0.20777,0.36388,1.3767,0.52568,-0.32931,-0.36229,-0.26199,-0.16113,-0.21501,-0.15579,0.008973,0.067579,0.11586,0.13046,0.19553,0.22074,0.14136,-0.027666,-0.17931,-0.25874,-0.33391,-0.37909,-0.33337,-0.091761,0.050348,-0.0098588,-0.064956,-0.078135,-0.082992,-0.094897,0.0077459,0.16524,0.18167,0.02214,-0.040224,-0.19844,-0.37955,-0.40183,-0.29631,-0.17555,-0.089714,-0.12592,-0.193,-0.00804,0.35223,0.36421,0.084559,0.0070821,0.25705,0.44014,0.38115,0.27435,0.089226,-0.26474,-0.58862,-0.70575,-0.68059,-0.60851,-0.5408,-0.51066,-0.44947,-0.31619,-0.040537,0.20619,0.27722,0.26775,0.39206,0.45582,0.30889,0.13161,0.12061,0.18905,0.17071,0.098121,0.077561,0.16359,0.23712,0.29516,0.30635,0.14582,-0.029788,-0.082493,-0.092376,-0.12689,-0.13669,-0.15106,-0.20748,-0.19295,-0.10477,0.051284,0.18935,0.26371,0.29599,0.26609,0.23708,0.12712,-0.0084375,-0.010805,0.13033,0.25016,0.35758,0.44884,0.11898,0.64854,-0.71713,0.25788,-0.27927,-0.30306,0.51246,-0.16719,0.68696,-0.25565,-0.049218,0.050302,-0.11802,0.54588,-0.39726,-0.041943,0.28533,0.17201,-0.481,0.14377,-0.19112,0.0086958,0.11622,-0.38558,0.39982,-0.064861,-0.042599,0.35298,-0.0061402,0.17571,0.60812,-2.4224,-0.73059,-1.2496,-1.7014,0.26835,0.13266,0.76182,-0.7686,-0.39236,-0.10936,0.5484,-0.69786,-0.10411,0.26644,-0.0035625,-0.358,-0.39733,-0.25463,-0.27247,0.21008,0.15585,-0.16586,-0.19851,-0.10774,0.16584,0.40179,-0.25545,0.18402,-0.22837,2.3727,-1.4239,-1.2187,-0.93264,-0.30587,-0.38849,-0.77861,1.0467,-0.034538,0.60744,-0.20678,-0.016713,0.43819,-0.061158,-0.28487,0.58892,0.223,-0.044349,-0.33689,0.42267,-0.27425,-0.32347,-0.037227,-0.16849,-0.1273,0.16116,-0.11599,-0.024418,-0.27376,0.04588,0.101,-0.98659,0.77533,0.4128,0.16746,0.15953,0.71401,-0.64371,-1.0095,-0.15779,0.061641,0.014138,-0.12463,-0.023036,-0.52876,0.25884,0.161,0.020194,-0.20017,-0.034026,-0.17549,0.55954,-0.041856,-0.11224,0.36422,-0.14377,0.35088,0.44723,-0.0046413,-0.21223,2.6696,2.1383,0.96945,0.48892,0.021398,1.2169,-0.25268,-0.34432,0.10287,0.39012,-0.066426,0.014051,0.5654,-0.4708,-0.56824,0.43479,0.35972,0.2941,-0.006774,0.065627,0.093642,-0.11044,0.013787,-0.064789,0.033227,-0.05976,-0.042412,0.01941,0.14692,0.40443,0.12494,-0.90896,-0.62942,0.2548,-0.33603,-0.90138,0.48088,-0.98435,-0.48205,0.48933,-0.11321,-0.57126,-0.26987,-0.13547,-0.69233,-0.35976,-0.59204,-0.10179,0.081922,0.15855,0.07965,-0.47439,0.29632,-0.29115,-0.11049,0.42006,-0.031757,-0.028909,-0.090532,-0.29349
0.13725,0.17185,0.27554,0.037628,-0.17906,-0.11707,0.007666,0.048455,-0.0085019,-0.055784,-0.051035,-0.054449,-0.0089247,0.025256,-0.020997,-0.10378,-0.19407,-0.21015,0.03236,0.47713,0.69231,0.55323,0.32882,0.17612,0.01167,-0.19835,-0.41852,-0.5278,-0.33413,-0.019139,-0.21797,-0.13505,-0.034721,0.00050436,0.11972,0.16773,0.15121,0.082483,0.11211,0.098607,0.006537,-0.01435,-0.019391,-0.022119,-0.042432,-0.05928,-0.017767,0.062268,0.10722,0.062601,-0.04466,0.038221,0.25,0.33691,0.3209,0.25225,0.12621,0.026185,-0.02133,-0.045651,-0.0241,-0.0051079,0.011264,0.020603,0.020449,0.014026,0.025709,0.056369,0.10274,0.0921,0.076529,0.13711,0.10504,0.066645,0.16248,0.29732,0.38843,0.43637,0.37091,0.20547,0.04809,-0.022999,-0.0022517,0.045545,0.0659,0.064199,0.047098,-0.089921,-0.18119,-0.17308,-0.174,-0.17128,-0.17653,-0.17566,-0.16259,-0.14209,-0.12004,-0.085193,0.072074,0.1898,0.58575,0.1451,-0.11075,-0.16794,-0.16068,-0.1389,-0.18409,-0.26984,-0.2494,-0.087293,0.070422,0.084605,0.071393,0.054379,-0.021235,-0.14134,-0.23779,-0.23101,0.092873,0.39591,0.47851,0.46815,0.38717,0.21937,0.11067,0.068399,-0.034173,-0.1145,-0.28133,-0.48103,-0.15898,0.36677,0.45293,0.082468,-0.29737,-0.40588,-0.37582,-0.30488,-0.16656,-0.035184,0.050591,0.12362,0.16636,0.18465,0.19927,0.26301,0.40313,0.56162,0.65957,0.63642,0.4333,0.0008908,-0.44113,-0.57891,-0.46327,-0.30812,-0.16289,-0.026033,0.038988,0.040704,0.068617,0.10693,0.13766,0.16063,0.21091,0.20909,0.12821,0.082778,0.054676,-0.026678,-0.1823,-0.2713,-0.26566,-0.25126,-0.20277,-0.13896,-0.11236,-0.11619,-0.13555,-0.089589,-0.023869,-0.033335,-0.03348,-0.03785,-0.078528,-0.095958,-0.070202,0.099168,0.24169,0.24057,0.17888,0.1269,0.081088,0.012868,-0.041102,-0.044082,-0.027771,0.0028984,0.14921,0.28416,-0.25582,-0.82634,0.45839,-0.06475,0.48004,-0.29021,0.14027,0.4942,0.021977,0.32925,-0.13972,-0.39174,0.47688,-0.26819,0.74054,-0.37301,0.27589,0.17208,-0.23646,0.070014,-0.064096,0.18889,-0.27214,0.068941,0.11072,-0.041119,0.18966,-0.17262,0.087361,-0.079233,2.5249,-0.38588,0.68204,1.6205,-1.5192,-0.044232,0.068085,-0.41258,-0.31973,-0.22819,-1.512,0.10076,-0.44967,-0.71462,-0.30759,-0.082084,-0.029555,0.14115,-0.14465,-0.20995,-0.44856,-0.14189,-0.28357,-0.077736,-0.31045,0.10282,0.0078363,0.050735,-0.00072414,-0.16254,2.4638,0.11786,-0.98156,0.2758,0.54497,1.0521,0.35302,0.86782,0.52719,0.12759,0.095664,-0.56696,-0.24666,-0.18623,0.28779,-0.72875,0.19091,-0.5058,-0.43877,0.32299,-0.48803,0.27777,-0.024297,0.061092,0.065688,0.067259,0.37853,-0.085684,-0.056683,0.29296,-0.10798,-0.54186,-0.95665,-0.30042,-0.17155,-0.46535,0.060166,0.068673,-0.51409,-0.26197,0.5463,-0.63433,-0.78474,0.45004,0.12568,0.28915,-0.81016,0.65085,-0.067291,0.032802,-0.13873,0.27671,-0.093824,-0.15999,0.021701,0.14193,0.097736,-0.11875,0.11002,-0.11898,2.7595,1.2828,-0.67296,-0.49124,0.33796,-0.019306,0.63806,-0.55972,0.090065,-0.22666,0.65044,-0.071665,0.66569,0.36935,-0.42383,-0.10369,-0.24107,0.49459,-0.21272,0.11799,-0.066681,0.34384,0.23804,0.18122,0.065678,0.15385,-0.12438,0.13939,-0.089829,-0.18178,0.45299,-0.45217,1.0444,0.25587,-0.059644,0.36451,-0.31637,-0.28665,-0.30373,0.19492,0.25896,-0.39358,-0.55107,-0.46767,0.15181,-0.20257,-0.44242,-0.90412,-0.20645,-0.63971,0.35027,0.19955,-0.12074,0.19097,0.11339,-0.009798,-0.038355,-0.053721,-0.088718,-0.079548
0.31401,0.5357,0.57716,0.48431,0.26568,0.19092,0.10435,0.03377,0.028964,0.029652,0.043706,0.04497,0.047517,0.026897,-0.018373,-0.083514,-0.17328,-0.25502,-0.27881,-0.24086,-0.18668,-0.23764,-0.25892,-0.047804,0.18535,0.17666,0.025191,-0.091073,-0.077395,0.017471,0.10038,0.10973,0.092424,0.14112,0.25615,0.28513,0.27104,0.21886,0.1476,0.17414,0.17889,0.11255,0.13247,0.118,0.00070108,-0.052396,-0.0083621,0.068196,0.11097,0.065953,0.01158,-0.067007,-0.075836,0.018511,0.028336,-0.022225,-0.038737,-0.034556,-0.055852,-0.0625,-0.058331,-0.027544,0.01826,0.037785,0.02896,0.018738,0.034141,0.13932,0.18059,0.12414,0.11153,-0.35511,-0.65835,-0.53682,-0.14573,0.21699,0.36491,0.3165,0.20897,0.14407,0.11023,0.088734,0.075179,0.033397,-0.0061939,-0.022195,-0.02431,-0.010433,-0.094693,-0.1587,-0.12343,-0.11211,-0.12248,-0.18781,-0.20035,-0.13955,-0.082522,0.055154,0.37827,0.58511,-0.11004,-0.36867,-0.3637,-0.33226,-0.35129,-0.39635,-0.43625,-0.29127,-0.098264,-0.036328,0.069964,0.13081,0.13734,0.08869,0.0034119,-0.084418,-0.17213,-0.24769,-0.2714,-0.23669,-0.17344,-0.069356,0.034686,0.13322,0.16873,0.13458,-0.0054324,-0.14277,-0.15692,-0.16927,-0.12695,0.25899,0.31529,0.023646,-0.23558,-0.29417,-0.28273,-0.25099,-0.19232,-0.029337,0.22429,0.42678,0.42011,0.21232,0.10883,0.30782,0.57437,0.72371,0.70119,0.51065,0.19894,-0.20012,-0.53953,-0.68231,-0.65014,-0.54258,-0.3582,-0.20888,-0.15741,-0.12931,-0.085451,0.016288,0.16469,0.29267,0.33259,0.24528,0.13392,0.067831,0.090742,0.10535,0.10486,-0.018988,-0.053525,-0.132,-0.22047,-0.18122,-0.14831,-0.1536,-0.052282,0.069984,0.064259,0.03309,-0.01482,-0.016845,0.036247,0.096691,0.15384,0.17915,0.21961,0.27648,0.30933,0.26521,0.17092,0.15342,0.20328,0.22468,0.20432,0.19984,0.36847,0.52645,-0.1898,0.23273,0.1974,0.11046,-0.28056,-0.14296,0.20561,-0.55923,0.13706,0.063083,0.10364,-0.31594,0.22775,0.35889,-0.11029,-0.010845,0.15165,-0.32996,-0.30664,-0.23774,-0.13125,0.049374,-0.187,0.017184,-0.14957,-0.17316,0.050119,0.088111,-0.012742,0.27774,1.1662,-2.6807,0.032278,0.28057,-1.5515,0.37146,-0.33867,0.52161,-0.3942,0.017772,-0.40422,0.30729,-0.50028,-0.4615,-0.10952,0.21762,0.60474,-0.19998,-0.57562,-0.35078,0.062837,0.20904,-0.21597,0.10304,0.25773,0.017025,-0.30781,0.45716,-0.044489,-0.12767,2.5397,-0.85368,-1.9913,-0.2482,-0.091208,-0.0078149,-0.75466,0.34398,0.0019579,0.73942,-0.49368,-0.01756,-0.064103,0.11344,0.12283,0.1009,-0.3168,-0.24186,-0.17693,-0.2109,-0.54818,0.010815,-0.33922,0.0079416,-0.42408,-0.068523,0.11092,-0.41024,-0.42506,0.55269,-0.071285,-1.518,-0.060686,-0.29531,0.26308,0.43073,0.72531,-0.19425,-0.67281,-0.44887,0.15933,-0.16686,-0.31265,0.36004,-0.42271,0.016475,0.041107,-0.11614,-0.088514,0.089814,0.11031,0.06967,0.15528,-0.27115,0.17314,0.027501,0.34138,-0.13051,-0.12994,-0.20951,2.7349,2.1178,0.16087,-0.0013308,0.26482,0.64765,0.19189,0.44404,0.14769,0.18476,-0.0043236,-0.44033,0.22916,0.044155,-0.0065918,-0.46157,0.12922,0.25942,-0.11327,0.34319,-0.37966,0.086208,-0.31915,0.21042,-0.032951,-0.020745,0.065672,-0.68404,-0.044086,0.19033,-0.20189,-1.3087,0.15559,-0.079478,0.36649,-0.75542,0.52306,-0.25838,-0.44109,0.22018,-0.14925,-0.49096,-0.35582,-0.34576,-0.52813,-0.35684,-0.27372,0.11966,-0.42101,0.1217,-0.090395,-0.14091,-0.097462,0.21622,0.16697,0.25403,0.012151,0.16335,-0.025454,0.40567
0.65719,0.34154,0.36208,0.1295,-0.076906,-0.086624,-0.010062,0.0023024,0.039908,0.072132,0.050132,0.045507,0.041794,0.018537,-0.074818,-0.15215,-0.20469,-0.28269,-0.30467,-0.2676,-0.20433,-0.13007,-0.024059,0.067084,0.16435,0.22897,0.18025,0.046314,-0.049149,0.010952,0.23666,0.41743,0.54964,0.3428,0.13663,0.18876,0.16816,0.088213,0.035167,0.0020228,-0.041471,-0.061368,-0.071557,-0.080337,-0.1027,-0.12637,-0.14943,-0.12556,-0.063962,-0.087825,-0.18309,-0.13145,0.045501,0.14253,0.15976,0.11717,0.041399,0.08121,0.15018,0.15594,0.17597,0.18665,0.12074,0.059054,0.088449,0.041611,-0.033367,-0.021696,0.012797,-0.068814,-0.10578,-0.071246,-0.10397,-0.1517,-0.13793,-0.042457,0.075178,0.12531,0.048139,-0.061469,-0.075836,0.017426,0.097119,0.10076,0.066104,0.022976,-0.0059023,-0.10769,-0.16086,-0.12452,-0.13295,-0.16415,-0.1946,-0.19379,-0.15241,-0.079976,0.043509,0.17654,0.34648,0.44827,1.3555,0.3388,-0.30709,-0.29677,-0.16446,-0.073979,-0.15132,-0.20041,-0.11702,0.039857,0.085704,0.09702,0.08133,0.033801,-0.035292,-0.14179,-0.2552,-0.3254,-0.34806,-0.31599,-0.23471,-0.051814,0.11171,0.12219,0.16275,0.19726,0.16636,0.13582,0.13322,0.14834,0.010392,-0.064529,-0.036255,-0.16817,-0.37617,-0.48507,-0.42847,-0.3189,-0.16698,-0.031518,0.057906,0.13445,0.21648,0.27306,0.26417,0.23654,0.27123,0.39288,0.52292,0.55234,0.37833,0.020947,-0.33616,-0.5241,-0.56248,-0.51535,-0.3787,-0.20196,-0.080082,0.0089745,0.10647,0.11281,0.017505,-0.050469,-0.0084217,0.062067,0.073136,0.057618,0.057698,-0.078066,-0.10328,-0.060908,-0.03565,-0.012893,0.003893,-0.073686,-0.13856,-0.11908,-0.09638,-0.065976,-0.021498,0.004604,-0.038317,-0.084084,-0.071799,-0.025412,0.045664,0.1854,0.29936,0.32706,0.25151,0.12303,0.028129,-0.031342,-0.039168,0.015003,0.099789,0.16334,0.27955,0.3891,0.13792,-0.07274,0.10271,-0.29833,-0.15687,0.0428,0.49372,0.10493,-0.1904,0.13775,-0.44629,0.23867,0.14005,-0.21167,0.14606,-0.089974,-0.22354,-0.034515,0.17737,0.05593,-0.0011342,0.15693,0.042824,0.055632,0.00098271,-0.087338,-0.095736,-0.21339,0.14049,0.038126,0.56703,-2.317,0.28448,-0.99707,-1.8352,-0.19067,0.49172,-0.039751,-0.2016,-0.58087,-0.53433,0.12803,-0.67754,-0.23188,-0.34137,0.1499,0.074998,0.46096,0.1767,-0.64003,0.022526,0.023325,-0.069673,-0.10084,0.27239,0.37243,0.2493,-0.12364,-0.013896,-0.049231,2.4202,-0.45982,-1.3525,-0.27548,-0.60584,0.1378,0.064165,1.1259,0.55144,0.90562,-0.15727,-0.0051954,0.19076,-0.0040413,-0.15309,-0.14848,-0.051851,-0.3295,-0.56293,-0.32649,0.21486,-0.13674,0.019137,0.64916,0.1142,-0.24973,0.26543,-0.30703,-0.46432,0.081232,-0.052595,-0.72723,-0.1324,-0.12172,-0.090244,-0.24375,0.29143,0.15922,-1.4085,-0.76095,-0.13889,-0.079006,-0.45855,-0.15927,0.033269,-0.017057,0.19143,0.52978,0.23711,-0.087654,-0.10884,0.026567,0.025259,-0.040915,-0.056222,0.10412,-0.035084,-0.038958,0.0050983,0.05781,2.5072,2.0071,-0.017772,0.080785,-0.27948,0.75691,0.21243,-0.47388,-0.13234,-0.6494,-0.251,0.11031,0.39655,-0.17883,0.44137,-0.081662,-0.26647,0.030816,-0.24703,0.4167,-0.18402,0.023484,0.080038,-0.053869,-0.016248,-0.30743,0.28096,-0.12854,-0.30584,0.44762,-0.22122,-0.65243,0.021107,0.27131,0.0808,-0.26002,0.67964,-0.28459,-0.14412,1.1661,-0.29383,-0.45508,-0.23386,-0.16421,-0.44709,0.038412,-0.15418,-0.075314,-0.31012,-0.50223,-0.28616,-0.1698,0.2999,0.067277,0.12112,-0.39467,-0.020473,-0.28316,-0.015296,0.30748
0.28162,0.14897,0.37157,0.18496,-0.086761,-0.14062,-0.022794,0.025841,0.036787,0.067028,0.065897,0.051701,0.058737,0.05963,0.026918,-0.12627,-0.29056,-0.35322,-0.33922,-0.23634,-0.095661,-0.044417,-0.079121,-0.13174,-0.2065,-0.23023,-0.17957,-0.098615,-0.0051703,0.081399,0.23083,0.40759,0.49637,0.28829,0.14388,0.19629,0.17572,0.095696,0.044365,0.01615,-0.022475,-0.041238,0.086994,0.19842,0.16665,0.154,0.17364,0.21718,0.25006,0.20617,0.12251,-0.022951,-0.077555,0.018308,0.028251,-0.022871,-0.079459,-0.11622,-0.1463,-0.13302,-0.11421,-0.099387,-0.065388,-0.029474,0.14502,0.24472,0.21207,0.13071,0.013171,0.09235,-0.025164,-0.27116,-0.43921,-0.49194,-0.43525,-0.29163,-0.1195,-0.00075893,0.02689,-0.0099674,-0.038479,-0.0093594,0.039753,0.055287,0.058894,0.056092,0.016656,-0.012042,0.0063102,0.044678,0.088956,0.12199,0.032787,-0.067331,-0.072842,-0.055236,-0.055664,-0.013267,0.21871,0.37699,1.1729,0.27868,-0.23596,-0.16871,-0.086703,-0.053607,-0.15937,-0.24405,-0.21865,-0.12891,-0.054388,0.017779,0.093287,0.12724,0.080913,0.035882,-0.0043479,-0.049434,-0.021033,0.058431,0.084356,0.07399,0.021859,-0.092493,-0.16985,-0.18699,-0.1599,-0.1208,0.016519,0.13053,0.126,0.30949,0.25139,-0.098726,-0.4076,-0.51067,-0.44645,-0.33142,-0.18685,-0.082199,-0.046415,-0.038231,-0.029449,0.12539,0.34558,0.383,0.31326,0.32749,0.3476,0.24852,0.030654,-0.28337,-0.56029,-0.69039,-0.64716,-0.53623,-0.38709,-0.27521,-0.21555,-0.24388,-0.24461,-0.15079,-0.053736,0.012983,0.12149,0.28852,0.37467,0.22828,0.050903,0.096003,0.0030186,0.007777,0.094695,0.1203,0.098707,0.07503,-0.029623,-0.1116,-0.10413,-0.094798,-0.098342,-0.093831,-0.034006,0.0091786,-0.0095782,-0.022515,0.0065899,0.075599,0.15999,0.24175,0.28609,0.26596,0.24628,0.16983,0.075706,0.055074,0.13356,0.23103,0.38445,0.51585,-0.29146,0.081458,-0.39162,0.2622,-0.40406,0.0070697,0.26261,-0.33659,0.43773,-0.075666,0.39026,-0.1147,-0.31682,0.17974,-0.3378,-0.18222,0.34968,0.31611,-0.28604,-0.30694,-0.2669,0.13732,-0.017868,0.14551,-0.19189,-0.042077,0.11326,0.03286,0.10346,-0.23909,1.1918,-2.2671,0.091682,-0.97777,-1.4169,-0.24714,0.74327,0.73131,-0.1168,-0.13195,-0.19647,-0.037053,-0.090879,-0.11258,0.37156,-0.23457,0.13542,-0.31603,-0.058304,-0.11793,-0.058683,0.13994,0.1461,-0.13777,0.091122,0.21823,0.032005,0.13124,-0.16195,-0.23832,2.6444,-0.82144,-1.5238,-0.73744,-0.45389,-0.1547,-0.66335,0.44055,-0.04572,0.21187,0.019708,0.09385,-0.0058688,-0.00092293,-0.25416,0.36011,0.35621,-0.066309,-0.010901,-0.038959,-0.61481,-0.37613,-0.21951,0.088991,0.11569,0.095157,-0.22004,-0.2858,-0.008226,0.27165,0.079998,-0.86832,0.13851,0.23478,0.11098,0.58316,0.53217,-0.28617,-0.66897,-0.06338,-0.29443,0.13634,-0.12389,0.26689,-0.1255,0.25795,0.035981,0.17832,-0.082193,-0.30904,0.23651,0.23828,0.11857,-0.16956,0.23661,0.0065754,0.14509,0.049566,0.074191,0.094172,2.8283,1.9649,0.37885,0.38699,-0.13837,0.81845,-0.36664,0.16686,0.19534,0.46275,-0.12484,0.48705,0.031298,0.13602,-0.11599,0.053563,0.085405,0.33683,-0.031685,-0.13132,-0.51294,0.046069,0.055781,0.33945,-0.096406,0.065108,0.06953,-0.1636,0.12985,0.11088,-0.038748,-0.80629,-0.22503,0.042531,0.054922,-0.80681,0.23535,-0.86444,-0.38059,0.20818,0.032977,-0.0083715,-0.34816,-0.30387,-0.22525,-0.17279,-0.42994,0.14735,-0.081563,-0.078245,0.071356,-0.04191,0.29495,-0.072211,-0.016637,0.11562,0.12704,0.14109,-0.27295,0.20293
0.16369,0.58955,0.66126,0.37323,-0.0096664,-0.035354,0.00052778,-0.010654,-0.062809,-0.073163,-0.054164,-0.062791,-0.069551,-0.082684,-0.051379,-0.035858,-0.078087,-0.050298,0.1652,0.43844,0.50515,0.33594,0.1428,0.0060959,-0.09651,-0.18236,-0.18127,-0.047417,0.16684,0.26667,0.016351,-0.15302,-0.10965,-0.045811,0.10061,0.17502,0.1786,0.11216,0.13449,0.12008,0.03554,0.013342,0.00092171,-0.0090362,-0.033445,-0.04901,-0.0069135,0.067386,0.10941,0.067436,-0.036019,-0.060024,0.046544,0.13036,0.12761,0.066433,-0.018528,-0.02875,-0.097419,-0.19477,-0.16478,-0.13133,-0.10692,-0.053301,-0.021498,-0.029972,-0.016993,-0.029661,-0.066038,-0.030178,0.030345,0.2463,0.40324,0.40199,0.41682,0.42761,0.42531,0.44501,0.38309,0.22205,0.062726,-0.01275,-0.027719,-0.030557,-0.030145,-0.030573,-0.028025,-0.068114,-0.15919,-0.20284,-0.19764,-0.19706,-0.19431,-0.23256,-0.20986,-0.079528,0.022305,0.097433,0.28955,0.42916,0.47122,-0.42656,-0.6189,-0.4542,-0.2342,-0.18961,-0.18376,-0.21413,-0.18358,-0.081885,0.024338,0.04082,0.035764,0.0422,-0.011788,-0.099567,-0.12703,-0.077028,0.2078,0.43988,0.4849,0.44163,0.33968,0.16649,-0.037381,-0.14666,-0.1601,-0.15315,-0.17682,-0.19091,-0.018412,0.47821,0.62882,0.24174,-0.1835,-0.39932,-0.44387,-0.37817,-0.2147,-0.084792,-0.040282,0.029344,0.10657,0.15907,0.19176,0.3053,0.53479,0.73887,0.80723,0.71248,0.45876,0.051846,-0.32459,-0.46797,-0.4376,-0.32571,-0.15615,0.019615,0.10599,0.15343,0.24937,0.30963,0.33949,0.35732,0.34953,0.24165,0.12914,0.02006,-0.044226,0.0037661,-0.18454,-0.30143,-0.25702,-0.27311,-0.27644,-0.18163,-0.10995,-0.12344,-0.14703,-0.15118,-0.088707,0.0049924,0.031047,0.015923,0.019695,0.025151,0.024641,0.014309,0.02799,0.075562,0.10021,0.070376,0.028064,0.084986,0.19288,0.27786,0.28256,0.23009,0.35648,0.51283,-0.21048,-0.59535,1.2245,-0.30656,0.38269,0.0072852,-0.15362,-0.084957,-0.30563,0.45768,-0.33824,-0.118,-0.0045226,-0.44233,0.11504,-0.037056,0.25228,0.25629,-0.0075609,-0.19151,-0.030733,-0.04369,-0.22415,-0.073564,0.081615,-0.02791,0.13025,0.072309,0.083461,-0.19025,1.0717,-2.5726,1.4757,0.68283,-1.7244,-0.0014196,-0.042038,-0.1368,0.25644,-0.26337,-1.2397,-0.12723,-0.49129,-0.33865,0.17564,0.24952,0.13296,0.093928,-0.30187,-0.22317,-0.12021,-0.28165,-0.47192,0.45735,-0.12364,0.21421,-0.10795,0.41127,-0.1972,-0.32009,2.3787,0.52426,-2.2504,0.67803,-0.1965,0.48253,-0.037546,0.5977,0.4941,0.75083,0.39393,-0.47745,-0.55227,0.0079533,0.28867,-0.083456,0.26646,-0.48005,-0.60806,0.36364,-0.24941,0.20892,-0.13343,0.075482,0.05644,0.09282,0.10498,-0.080564,-0.13792,0.024147,0.20047,-1.3416,-1.4667,-0.53636,-0.29322,-0.15672,0.56157,0.49651,-0.7489,-0.25123,0.33556,0.038041,-0.60259,0.2267,0.71036,0.56843,-0.58186,0.40494,-0.35999,0.036703,-0.26278,0.10858,-0.38638,-0.017457,0.16539,-0.056001,-0.047326,-0.27486,-0.061786,-0.16845,2.4494,2.0317,-1.2749,-0.6533,0.13779,0.10686,0.86121,-0.072851,0.055612,-0.16731,0.45897,0.092301,0.70989,0.45273,-0.19354,-0.061819,0.25042,0.24113,0.20505,0.034514,-0.2919,0.13697,0.2327,0.33148,0.28055,0.15582,-0.16498,0.06073,0.069934,-0.12255,0.0114,-1.1473,1.4512,0.036258,0.67531,0.15708,-0.017479,0.44568,-0.046706,0.90234,-0.48888,-0.054718,-0.43846,-0.264,0.16154,0.16894,-0.56022,-0.79239,-0.13669,-0.42252,0.2968,-0.053058,0.081754,0.20547,0.058034,0.096768,-0.12701,0.028828,-0.21901,0.10758
0.44068,0.17377,0.2989,0.16355,0.00052761,-0.059562,0.0036086,0.064796,0.046506,-0.0019706,-0.078552,-0.11554,-0.067114,-0.06922,-0.12784,-0.13675,-0.11252,-0.15477,-0.20202,-0.19624,-0.16795,-0.13593,-0.033048,0.11135,0.14974,0.10529,0.045535,-0.0051729,-0.024778,-0.063025,-0.037288,0.026825,0.12796,0.16567,0.26482,0.31753,0.28848,0.19879,0.094666,0.059647,0.069,0.071622,0.069305,0.10967,0.1424,0.13334,0.15524,0.15584,0.17083,0.20122,0.15826,0.044677,0.03368,0.12167,0.11756,0.042144,-0.082055,-0.1577,-0.16368,-0.12737,-0.10736,-0.10416,-0.076686,-0.046164,0.10271,0.20805,0.16636,0.229,0.19903,0.0060004,0.0074636,-0.13828,-0.27653,-0.3193,-0.3267,-0.29552,-0.22442,-0.19233,-0.18088,-0.14,-0.10003,-0.045994,0.080984,0.19445,0.21139,0.16579,0.085353,0.022134,0.013938,0.041008,0.068355,0.094671,0.099049,-0.041346,-0.16455,-0.147,-0.1734,-0.22373,-0.038386,0.14368,1.2413,0.49317,-0.14601,-0.14727,-0.084869,-0.041928,-0.11837,-0.22211,-0.25226,-0.13903,0.063004,0.22605,0.34439,0.31562,0.18539,0.0803,-0.01022,-0.10501,-0.15872,-0.17388,-0.15852,-0.11947,-0.0201,0.031008,-0.012682,-0.063486,-0.094572,-0.099753,-0.030919,-0.046512,-0.16759,0.0655,0.056423,-0.22821,-0.43245,-0.44967,-0.34804,-0.20984,-0.06727,0.075937,0.15524,0.12622,0.049598,-0.022079,0.060881,0.30751,0.38774,0.22275,0.17698,0.25924,0.19488,-0.13571,-0.4736,-0.58657,-0.51889,-0.35246,-0.19589,-0.12407,-0.081101,-0.13626,-0.17795,-0.11989,-0.042318,0.0077796,0.051588,0.18212,0.36846,0.35959,0.21626,0.066591,0.082223,0.035655,0.023086,0.048196,0.067485,0.096645,0.13062,0.070659,-0.0045751,-0.019721,-0.04719,-0.10807,-0.13425,-0.15223,-0.21324,-0.2094,-0.12861,-0.011103,0.086638,0.14981,0.1801,0.17546,0.11126,0.057974,0.023355,0.011524,0.056477,0.082579,0.24496,0.41422,-0.052711,-0.37132,-0.94602,0.070326,-0.50468,-0.29009,0.74707,-0.066525,0.10304,-0.076941,0.10702,0.00064275,0.03276,0.14882,0.086458,0.038023,0.42225,0.64802,-0.25398,-0.17233,0.040133,0.23079,-0.16024,-0.22919,-0.026769,0.15459,-0.037727,0.21264,-0.018533,0.13901,1.3761,-1.2888,-0.031012,-1.2056,-1.6377,-0.18562,0.83418,0.7427,0.065316,-0.017984,-0.37179,0.051651,-0.28143,-0.38838,-0.044411,0.036117,-0.18302,-0.23357,-0.19586,-0.28831,-0.095255,0.00855,-0.10852,0.20173,0.085313,0.10542,0.065321,-0.11414,-0.13798,-0.049778,2.3931,-0.58709,-0.83801,-1.0268,-0.0056563,-0.23526,-0.51202,0.49053,-0.02355,0.5504,-0.044602,0.080647,0.079661,0.0065073,0.0074873,0.12814,0.064907,-0.32182,-0.37397,0.12823,-0.25138,-0.024963,0.17362,0.22357,0.07685,0.060563,-0.11931,-0.017692,0.078952,0.39768,-0.35608,-0.049364,0.24243,0.36698,0.24095,0.39036,0.63172,-0.38559,-0.56806,0.099484,-0.0065873,-0.27417,-0.15596,0.19932,-0.052961,0.43413,-0.17794,0.33691,0.096161,-0.035335,-0.11074,0.52469,0.071442,-0.067394,0.23632,0.13338,0.078988,0.12029,0.066668,0.010661,2.6509,1.1147,0.52146,0.46086,-0.17181,0.99677,-0.082053,-0.1475,0.049999,-0.025184,0.067156,-0.17844,0.16992,0.07339,-0.26693,0.31364,0.18331,0.063947,0.023493,0.2193,-0.43841,0.51755,0.017188,-0.068944,0.058387,0.1017,0.24403,-0.065195,-0.49946,0.321,-0.34099,-0.096563,-0.60245,-0.083569,-0.089595,-0.80364,0.4796,-0.36768,0.082769,0.44534,-0.019644,-0.27532,-0.45647,-0.028752,-0.18648,-0.066074,-0.55898,0.10204,-0.15199,-0.17193,0.16214,-0.26777,0.38236,-0.3691,-0.24716,-0.042603,-0.20096,0.026113,-0.14614,0.068659
0.46443,0.54979,0.49219,0.27862,-0.069107,-0.18236,-0.03776,0.043091,0.047474,0.021868,-0.07784,-0.12475,-0.11424,-0.13074,-0.18588,-0.18904,-0.17592,-0.22005,-0.22736,-0.20131,-0.16465,-0.15973,-0.14018,-0.039641,0.061206,0.10237,0.1567,0.20938,0.19845,0.1184,-0.026176,0.22354,0.43536,0.44913,0.47811,0.46917,0.29474,0.10918,0.065972,0.039542,0.019637,0.12384,0.21819,0.20402,0.17615,0.051872,-0.020569,0.055796,0.096106,0.052151,-0.045948,-0.12232,-0.080672,0.0042473,0.0013081,-0.054569,-0.11923,-0.16113,-0.17929,-0.17762,-0.16059,-0.069439,0.0066715,-0.007687,-0.031586,-0.024454,0.011934,0.054499,0.15085,0.2565,0.029904,-0.29857,-0.41149,-0.45547,-0.45448,-0.39545,-0.28171,-0.12966,-0.031999,-0.063558,-0.10774,-0.054472,0.059798,0.12777,0.13273,0.10174,0.030065,0.0059995,0.030495,0.044998,0.043995,-0.0013961,-0.099298,-0.15408,-0.1284,-0.047275,0.043606,0.19972,0.55798,0.77544,-0.55161,-0.41541,-0.20936,-0.14096,-0.061859,-0.017241,-0.14432,-0.25833,-0.23008,-0.10875,0.058331,0.18372,0.21262,0.17803,0.075878,-0.092396,-0.19496,-0.2014,-0.19462,-0.17834,-0.14599,-0.060273,0.024957,0.06028,0.12263,0.15108,0.12398,0.10649,-0.047749,-0.20647,0.0046969,-0.68092,-0.60848,-0.11214,-0.25235,-0.17888,-0.094248,-0.073531,-0.063861,-0.082961,-0.10995,-0.080969,0.054105,0.17221,0.15691,0.1701,0.30564,0.44663,0.49219,0.39285,0.12728,-0.23391,-0.51968,-0.603,-0.53183,-0.42451,-0.32349,-0.23752,-0.16386,-0.093247,0.017411,0.18226,0.39131,0.54923,0.54816,0.36199,0.10617,0.025183,0.16192,0.23094,0.063164,0.025348,0.060922,0.083617,0.096936,0.11115,0.02132,-0.076789,-0.090637,-0.079333,-0.073917,-0.07946,-0.059779,-0.065509,-0.0961,-0.08133,0.049628,0.20775,0.25663,0.22919,0.15791,0.12497,0.12445,0.05076,0.0020175,0.055311,0.19761,0.32045,0.43507,0.52139,0.29258,0.61764,-0.88277,0.043425,-0.10411,0.13463,-0.24307,0.062366,0.0012901,-0.13655,-0.22344,0.12366,0.16501,0.41476,-0.1593,-0.24414,-0.22443,-0.25134,-0.37421,-0.056873,-0.065277,-0.27275,0.34756,-0.34865,0.13781,0.01991,-0.19786,-0.12673,-0.20183,0.012338,0.77342,-1.9308,-0.52788,-1.6507,-1.7081,-0.20891,0.36324,-0.18407,0.12389,-0.60475,-0.028623,0.75539,-0.35862,-0.023493,0.08312,-0.22729,0.24202,-0.14913,-0.077605,-0.28993,0.18202,0.27981,-0.16755,-0.07916,-0.20261,0.15183,0.19734,-0.26392,0.40181,0.15367,2.5513,-1.3729,-0.35332,-0.86657,-0.51141,1.205,-0.31032,0.90401,0.69217,0.26604,-0.40381,0.10216,0.20444,-0.22417,-0.099604,0.28651,-0.37098,0.4948,-0.1177,0.44232,-0.1583,0.062798,-0.17513,0.034967,-0.43571,0.31572,0.39743,-0.026904,-0.020836,0.014575,-0.15637,-0.40099,0.91803,0.43193,0.16475,-0.081172,0.66145,0.31256,-1.1796,-0.22423,-0.13247,-0.18091,-0.30951,0.096519,-0.72444,0.16414,0.21843,0.15579,-0.015246,-0.090619,-0.018383,0.24535,0.36662,0.14513,0.41172,-0.43308,-0.087009,0.30029,-0.0070119,-0.21563,2.7794,1.8472,1.2596,0.28047,-0.59601,0.56318,0.62021,-0.19138,-0.082802,0.28303,-0.20002,-0.1671,0.44927,-0.32169,0.30663,-0.0098394,0.54051,-0.0051869,0.11722,-0.30065,0.055956,-0.0063695,0.095143,0.3099,0.44756,-0.044948,-0.36509,-0.021156,-0.36113,0.33954,-0.16258,-0.34286,-1.0098,0.28865,-0.52122,-0.1341,0.49949,-0.34882,-0.39542,1.091,-0.1273,-0.3675,-0.27927,-0.10865,-0.33265,-0.21109,-0.13149,0.12791,0.50388,0.17589,-0.12015,-0.2256,0.15324,-0.30739,0.17326,0.29336,0.1044,-0.033813,-0.10212,-0.10142
0.25284,0.43197,0.49848,0.48049,0.26933,0.10095,0.0013791,0.0090532,0.084221,0.076577,0.055086,0.060319,0.073688,0.067017,-0.020483,-0.10301,-0.15442,-0.22422,-0.23896,-0.18433,-0.077588,0.029939,0.049378,0.0011661,-0.049175,-0.11401,-0.18775,-0.21303,-0.10982,0.12787,0.33586,0.35356,0.409,0.32722,0.23349,0.26211,0.22847,0.14637,0.12096,0.089305,0.023785,0.0014405,-0.012632,-0.021599,-0.042754,-0.057766,-0.015895,0.061727,0.10584,0.065337,-0.033683,-0.059401,0.045804,0.13873,0.14258,0.076665,-0.053642,-0.14666,-0.15899,-0.16507,-0.16252,-0.13884,-0.1181,-0.10834,-0.067873,-0.036081,-0.043681,-0.032135,-0.081585,-0.25503,-0.21452,-0.1344,-0.032447,0.05782,0.1655,0.30259,0.39579,0.37789,0.23196,0.097261,0.037158,0.030872,0.040177,0.040166,0.025269,0.00081753,-0.0074538,0.0055361,0.02592,0.043404,-0.043924,-0.13425,-0.16658,-0.24985,-0.30037,-0.27577,-0.16788,0.06993,0.40773,0.58457,0.33958,-0.21536,-0.32463,-0.31936,-0.32916,-0.34633,-0.36492,-0.25822,-0.074086,0.023963,0.1028,0.15906,0.18099,0.15555,0.085455,-0.041192,-0.16033,-0.217,-0.22793,-0.17557,-0.057671,0.1137,0.17321,0.093587,0.082134,0.09491,0.065833,0.071818,0.047288,-0.041119,-0.24847,-0.18302,-0.080812,-0.10042,-0.21346,-0.28625,-0.23666,-0.14183,-0.046989,-0.02301,-0.018744,0.067572,0.15893,0.21283,0.22601,0.27148,0.39888,0.53598,0.59441,0.51982,0.27121,-0.15301,-0.53849,-0.67359,-0.61278,-0.44191,-0.24585,-0.10619,-0.0030632,0.045848,0.10077,0.18596,0.23743,0.24694,0.24843,0.20392,0.13702,0.16659,0.093484,-0.0029727,0.055369,-0.13607,-0.29706,-0.28004,-0.21466,-0.13212,-0.10334,-0.11319,-0.12429,-0.02307,0.082068,0.052447,0.0014773,-0.03171,-0.023905,0.043342,0.13369,0.18325,0.20401,0.19451,0.22254,0.2124,0.13709,0.086795,0.062633,0.067263,0.13032,0.24787,0.42627,0.54865,0.040826,0.15596,-0.12332,0.057487,0.20823,0.24544,-0.27534,-0.3167,-0.33698,0.45619,-0.10297,-0.0098511,-0.14103,0.18766,0.18619,0.0091434,-0.059475,0.11498,0.28006,-0.22366,0.057751,-0.077264,0.059815,-0.051149,-0.1605,-0.040266,0.058459,0.039051,0.11359,-0.25482,0.71987,-2.5451,0.29697,-0.41649,-1.3698,0.11519,-0.31474,-0.19975,0.13604,-0.033933,-0.47392,0.1428,-0.77736,0.02272,-0.20452,-0.028315,0.37104,0.60781,-0.37356,-0.1815,-0.089985,-0.079973,0.0041376,0.0081463,0.10212,0.18319,0.081172,0.18219,0.021645,-0.3294,2.4418,-0.64182,-1.7198,-0.424,-0.52612,0.13847,0.025934,0.24801,0.528,0.8505,-0.31321,-0.35701,-0.32133,-0.010469,-0.38093,-0.061216,-0.017954,-0.22409,-0.082498,-0.34275,-0.066249,0.064581,-0.26119,0.1412,-0.0018139,-0.1466,-0.04964,0.067234,-0.020261,0.0051884,-0.20013,-1.0005,-0.21008,0.11735,0.060709,0.094267,0.56226,0.57334,-0.73571,-0.5659,0.25379,-0.082674,-0.36008,0.095446,0.053751,0.39706,0.07892,0.22781,-0.53142,0.12272,-0.23596,-0.041014,-0.10427,0.058115,-0.085608,-0.16894,-0.19903,-0.3528,-0.023085,0.14108,2.4979,2.1568,0.19898,0.090354,-0.37924,0.17368,0.62487,0.18169,0.29033,-0.10842,0.072443,0.073863,-0.049243,0.08386,0.44227,-0.11681,-0.15536,0.0011088,-0.081559,0.09155,-0.12556,0.077029,-0.22083,0.0084109,-0.24773,-0.18327,0.21695,-0.093781,-0.36519,0.041247,-0.24146,-1.0392,0.23028,0.14214,-0.12994,-0.24928,0.11345,0.029014,-0.72857,0.65902,-0.33308,-0.14857,0.048118,-0.17299,-0.32088,-0.082591,0.10622,-0.35066,-0.25601,-0.20867,0.1475,0.1013,-0.022152,0.23018,0.060482,0.079895,-0.084258,-0.04643,0.15988,0.14829
0.0734,0.35756,0.78137,0.51115,0.0056597,-0.087651,-0.00274,0.0078736,-0.030964,-0.052424,-0.0083111,0.021302,0.015372,0.00043814,-0.025485,-0.049258,0.017338,0.20924,0.38616,0.47584,0.45596,0.34126,0.17038,0.0062274,-0.10201,-0.16917,-0.21822,-0.18133,-0.086044,-0.14539,-0.3137,-0.30818,-0.26485,-0.32303,-0.17622,-0.028383,-0.025038,-0.075556,-0.15938,-0.011191,0.077264,0.0077935,-0.016342,-0.028735,-0.043154,-0.045001,-0.064687,-0.061207,-0.018306,-0.061897,-0.16554,-0.13079,0.021858,0.098863,0.10215,0.059806,0.13139,0.20078,0.1765,0.18025,0.10602,0.020699,0.041794,0.050531,0.049974,0.05936,0.074266,0.064989,0.023136,-0.060616,-0.12932,-0.13806,0.016206,0.30887,0.5202,0.52789,0.53817,0.59272,0.56073,0.39561,0.18919,0.034696,-0.015134,-0.022728,-0.016789,-0.018349,-0.13223,-0.22318,-0.21633,-0.2148,-0.21932,-0.24413,-0.25114,-0.1999,-0.13128,-0.058567,0.004863,0.11051,0.29861,0.39405,1.1811,-0.10799,-0.60373,-0.44931,-0.21595,-0.15455,-0.18149,-0.24229,-0.24541,-0.15034,-0.034987,0.015689,0.035147,0.029999,-0.0024783,-0.028,0.037898,0.14748,0.21635,0.26984,0.29596,0.25764,0.20618,0.18899,0.14888,0.094675,0.073297,-0.056042,-0.18589,-0.079962,0.12164,0.5428,0.69328,0.31207,-0.10407,-0.2804,-0.31806,-0.28842,-0.19521,-0.064757,0.032363,0.11883,0.25218,0.33864,0.3658,0.3899,0.48,0.60641,0.67888,0.62772,0.39289,0.022522,-0.29415,-0.4185,-0.40845,-0.34655,-0.25494,-0.13056,0.024176,0.13422,0.16785,0.20321,0.24104,0.22078,0.12928,-0.022757,-0.12373,-0.14337,-0.1348,-0.13273,-0.10965,-0.080697,-0.27534,-0.39691,-0.31662,-0.18948,-0.079229,-0.092318,-0.12766,-0.15716,-0.069244,0.039687,0.022037,-0.00094431,-0.011997,-0.013231,0.014998,0.045667,0.043713,0.02427,0.028495,0.040041,0.058777,0.064985,0.13669,0.1946,0.18937,0.26079,0.42158,0.53259,-0.32865,-0.52627,1.6658,-0.36662,0.23922,0.021287,-0.050232,-0.24504,-0.23883,0.41951,-0.46291,-0.0074759,-0.15245,-0.10268,0.56721,-0.34339,0.10369,0.0063434,-0.0057668,-0.17183,-0.22953,-0.33128,-0.071452,0.11153,-0.019727,-0.1546,0.1383,0.31444,0.18634,-0.13608,0.96459,-2.8881,2.021,0.77776,-1.2674,0.3005,-0.48033,-0.20349,-0.29262,0.12937,-1.018,0.2468,-0.26683,-0.2547,0.34995,-0.043819,0.63322,-0.054001,0.0096876,-0.47728,-0.15586,-0.41678,-0.65829,0.042968,0.19959,-0.082002,-0.40034,0.56027,-0.1948,0.048025,2.4339,0.69363,-1.8838,0.52576,-0.39798,0.7715,-0.72106,-0.44806,0.67984,0.20324,0.75067,0.2795,-0.84766,0.61993,0.23832,0.048567,-0.34422,-0.35712,-0.59042,-0.23732,0.14637,0.39184,-0.90997,0.29233,0.33229,-0.099834,0.24404,-0.050978,-0.57616,-0.37288,0.43764,-1.4743,-1.6503,-0.68706,-0.37704,0.32324,0.057087,0.60153,-0.6191,-0.64506,-0.24591,0.52296,-0.50602,0.19173,0.25507,0.39194,-0.09127,0.66747,-0.57989,-0.1424,-0.32345,-0.56888,-0.50952,0.025873,0.11732,-0.09433,0.26032,-0.22241,-0.11158,-0.34785,2.5373,2.0625,-1.5648,-0.63242,0.55036,0.14776,0.78559,0.15839,-0.095993,-0.12294,0.76416,0.4341,0.74196,0.19579,-0.24139,-0.57814,0.13086,0.42864,0.049843,-0.25108,-0.064195,-0.2341,0.091804,0.33031,0.038635,-0.19119,0.02432,-0.23806,-0.040821,0.029109,0.12683,-1.112,1.7333,-0.039179,0.78299,-0.1582,-0.47698,0.34546,-0.28841,0.28878,-0.42982,0.17087,-0.34235,-0.55001,-0.22465,-0.091362,-0.51494,-0.51475,0.19454,-0.48502,0.14299,-0.056006,-0.44651,0.36867,0.33036,-0.31931,-0.13782,-0.14759,-0.32405,0.7872
0.69204,0.27944,0.36204,0.25986,0.057426,-0.11972,-0.13888,-0.039741,0.059449,0.055455,0.041118,0.056475,0.074755,0.06413,-0.030811,-0.11706,-0.16969,-0.21773,-0.18365,-0.097727,-0.047952,-0.060395,-0.075855,-0.041021,0.19581,0.37165,0.33145,0.053639,-0.17178,-0.12343,0.24877,0.30278,0.40495,0.29084,0.13679,0.1807,0.16117,0.093139,0.19611,0.28421,0.22825,0.18016,0.16979,0.20082,0.21153,0.20071,0.1028,0.0022212,0.034488,0.0014844,-0.071231,-0.18975,-0.21675,-0.12166,-0.10886,-0.15511,-0.15105,-0.13881,-0.17008,-0.18573,-0.18727,-0.11006,-0.01261,0.012289,-0.00029985,-0.004119,0.017619,0.027882,0.05385,0.077088,0.037903,0.042045,0.057471,0.021126,-0.019829,-0.027177,0.0059309,0.024037,-0.0001817,-0.030064,-0.031152,-0.010193,0.018595,0.023887,0.007223,-0.015072,-0.02737,-0.11946,-0.17499,-0.13912,-0.12748,-0.14529,-0.20429,-0.23956,-0.20651,-0.12269,-0.043488,0.13128,0.49642,0.6729,1.5553,0.55968,-0.38028,-0.35474,-0.32209,-0.2813,-0.31227,-0.25059,-0.068766,0.051934,0.15378,0.21911,0.23463,0.19126,0.10426,-0.04944,-0.19379,-0.21545,-0.15065,-0.051709,-0.023525,-0.067879,-0.10001,-0.11809,0.079522,0.18951,0.15988,0.19603,0.24879,0.18228,-0.2295,-0.28676,-0.16703,-0.18727,-0.31441,-0.40875,-0.36863,-0.29645,-0.20092,-0.12026,0.0066743,0.19895,0.22335,0.085005,0.14133,0.2837,0.3077,0.31424,0.33946,0.27884,0.10634,-0.20263,-0.51567,-0.68828,-0.68719,-0.60708,-0.47361,-0.32944,-0.22821,-0.17135,-0.108,-0.029795,0.1333,0.35106,0.432,0.3169,0.085501,-0.058028,-0.030286,-0.018295,-0.061914,-0.070779,-0.052878,-0.034326,-0.01111,-0.037245,-0.05825,-0.029271,-0.010719,-0.0029184,-0.01451,-0.055331,-0.054133,-0.017018,0.0015501,0.053652,0.13318,0.27206,0.36474,0.37916,0.33257,0.22197,0.06019,-0.0756,-0.090666,-0.00972,0.13117,0.24761,0.41932,0.56388,0.44047,0.39032,-0.028729,0.094098,-0.03074,0.39335,-0.44481,-0.1231,-0.24622,-0.17274,-0.28736,-0.018924,0.2985,-0.33806,-0.097693,0.19959,0.090276,0.28241,-0.14269,0.18647,0.1321,0.37178,-0.046699,0.17349,-0.024874,-0.059705,-0.14003,0.042044,0.12893,0.016778,0.25821,-2.4877,0.26137,-1.0412,-1.2497,-0.32131,0.79172,0.12125,0.49837,-0.34698,-0.41188,0.39797,-0.94414,-0.46444,0.13717,0.4375,0.0092593,0.24996,-0.57912,-0.4754,-0.13181,-0.11274,0.23345,-0.13946,0.45696,0.0063506,0.38388,-0.38451,-0.19351,-0.10055,2.4517,-0.72717,-1.6278,-0.38004,-0.63613,-0.047738,-0.20661,0.94007,0.93316,1.2267,-0.26222,0.43549,-0.2104,0.48368,0.1083,-0.037239,0.62145,0.10908,0.18836,0.0033047,0.66675,0.33755,0.21116,-0.1936,0.030072,0.033207,-0.030869,-0.082356,0.30762,0.0036891,-0.42019,-1.1127,-0.060195,0.067114,0.017243,0.22853,0.78486,0.73633,-1.2672,-0.32218,0.025146,-0.52271,-0.63339,0.5927,0.2233,0.16827,0.22425,0.12449,0.34888,0.068498,0.047876,0.49529,0.20821,-0.1507,0.12597,-0.10523,-0.017311,0.23677,-0.015782,0.15922,2.4609,2.4308,0.37958,-0.043446,-0.35758,0.37289,0.86,0.0032279,-0.17999,-0.25917,-0.047177,-0.42813,0.80447,0.34734,0.24169,0.37676,0.0061642,0.17999,-0.023495,-0.12973,-0.2991,0.29778,0.172,0.10499,0.16508,0.064265,0.069347,-0.050379,-0.12062,-0.0095661,-0.50964,-1.0002,-0.05259,0.2565,0.14642,-0.4205,0.37201,0.031932,-0.87919,1.0028,-0.5084,-0.45657,-0.20124,-0.92157,0.089833,0.062952,-0.21458,0.085917,-0.34396,-0.077611,-0.13672,-0.37639,0.25215,-0.24788,-0.10972,0.20274,-0.20726,0.010278,0.12839,0.39787
0.24391,0.13804,0.50513,0.34015,0.085847,-0.00062352,0.10229,0.16189,0.10782,0.071975,0.074736,0.05249,0.049727,0.048724,0.030572,-0.01452,-0.096038,-0.17782,-0.19876,-0.15029,-0.078715,-0.070702,-0.1719,-0.16344,0.090537,0.2565,0.21593,0.038411,-0.1384,-0.087511,0.11549,0.15146,0.2318,0.20302,0.24869,0.28151,0.2535,0.1819,0.10468,0.041787,0.00087665,-0.016892,-0.026836,0.006429,-0.027275,-0.092047,-0.039684,0.048657,0.10049,0.061751,0.006758,-0.0074151,0.06428,0.15838,0.16799,0.11729,0.037739,-0.029014,-0.060357,-0.057309,-0.04184,-0.030006,-0.035656,-0.037594,-0.026893,-0.013765,-0.030876,-0.061189,-0.022593,-0.1283,-0.26387,-0.24925,-0.2157,-0.15745,0.0081867,0.21724,0.35276,0.32408,0.19513,0.094373,0.037246,0.0049014,0.041814,0.10101,0.11766,0.10241,0.062591,0.044643,0.052131,0.063229,-0.054313,-0.16234,-0.17894,-0.24035,-0.23645,-0.13748,-0.069853,-0.01532,0.20042,0.3681,1.3408,0.31562,-0.36771,-0.32744,-0.20632,-0.098994,-0.21319,-0.32972,-0.35006,-0.23101,-0.08796,-0.032947,0.04004,0.088946,0.075968,0.016033,-0.066869,-0.14117,-0.15741,-0.10919,-0.034008,0.039233,0.061655,0.060423,0.11563,0.12565,0.10212,0.15508,0.2023,0.022129,-0.27018,0.15908,0.21483,-0.084436,-0.31293,-0.34838,-0.28973,-0.21125,-0.13961,-0.067197,-0.0060746,0.021029,0.018383,-0.035717,-0.048616,0.064505,0.26285,0.44997,0.54444,0.47136,0.19411,-0.21648,-0.54364,-0.66282,-0.63105,-0.52122,-0.35557,-0.20364,-0.091252,-0.0030127,0.052738,0.072622,0.079128,0.10373,0.10112,0.041256,-0.015935,-0.01741,0.062495,-0.038312,-0.066479,-0.017493,-0.00095197,0.0055926,-0.092961,-0.14945,-0.11531,-0.12064,-0.12598,-0.067207,-0.012399,-0.035707,-0.034089,-0.03404,-0.075391,-0.084915,-0.020753,0.064288,0.10375,0.13232,0.24947,0.28502,0.1814,0.1169,0.11305,0.14521,0.19437,0.22439,0.36894,0.5057,-0.15699,-0.32797,0.18981,-0.1524,-0.14584,0.046891,0.1877,-0.53094,-0.42172,0.3473,-0.017146,-0.22019,0.19062,0.0019539,0.087204,0.1029,0.081117,-0.12921,0.20765,-0.24856,0.22543,0.033139,-0.12019,-0.19415,-0.13918,-0.0031184,0.0079587,-0.10213,-0.1248,0.032478,1.1093,-2.3455,0.56175,0.1808,-1.5554,0.27073,-0.42639,0.30082,-0.025577,0.041489,-0.39791,-0.038591,-0.47811,-0.17021,-0.16934,0.35053,0.60068,0.38399,-0.297,-0.28806,0.16622,-0.042246,-0.10844,0.42333,0.19924,-0.26055,-0.12925,0.39946,-0.0007748,-0.16677,2.363,-0.26807,-1.7951,-0.1703,-0.25617,0.22778,-0.4338,0.20651,0.32005,0.80107,-0.32291,-0.49507,-0.32245,-0.075493,0.28813,-0.27006,-0.088247,-0.17602,-0.30367,-0.24044,-0.088665,-0.068793,-0.25527,0.35637,-0.36955,0.063395,0.043749,-0.12596,-0.17549,0.21263,-0.087365,-1.1179,-0.52189,-0.2602,0.01571,0.43929,0.71963,0.29714,-0.58383,-0.47451,0.36843,-0.15718,-0.40464,0.28086,-0.02778,0.12286,-0.072673,0.25659,-0.072742,0.12451,-0.17519,0.019472,0.21931,-0.14857,-0.18258,0.28421,0.10998,0.011114,-0.25984,-0.09038,2.6697,1.704,-0.23788,-0.069712,0.18895,0.45997,0.49266,0.50961,0.16581,-0.1674,0.019634,-0.28052,0.25248,0.15999,0.10576,-0.24148,-0.082447,0.08531,-0.18768,0.16226,-0.28544,0.13916,0.068444,0.10001,0.15433,-0.19563,-0.089513,-0.10261,-0.036388,-0.072847,-0.35879,-0.89442,0.46185,0.03112,0.46631,-0.5553,0.26956,-0.054244,-0.68294,0.27375,-0.16237,-0.27639,-0.1233,-0.27122,-0.36925,-0.064285,-0.10579,-0.11006,-0.60053,-0.21034,-0.21089,-0.24592,-0.10995,0.40029,0.26127,0.044456,-0.10743,0.00206,0.14133,0.086934
0.52914,0.2483,0.37571,0.15871,0.0099929,-0.0030261,0.041017,0.030582,0.02059,0.00032857,0.0029565,0.041391,0.043666,0.034271,0.003992,-0.054982,-0.13233,-0.19629,-0.21575,-0.18461,-0.14516,-0.13089,-0.072644,0.20881,0.43728,0.41519,0.27785,0.072192,-0.11588,-0.059265,0.1374,0.16608,0.24746,0.14603,0.13028,0.18167,0.16534,0.092223,0.024886,-0.027894,-0.078709,-0.076441,-0.061681,-0.072467,-0.10232,-0.10927,-0.05637,0.024702,0.082755,0.056563,-0.037706,-0.060859,0.049889,0.15007,0.16662,0.12064,0.0438,0.032274,0.051038,0.050759,0.061767,0.068693,0.074934,0.017582,-0.041642,-0.023306,0.00083238,0.018377,0.035358,0.054326,0.05029,0.013845,-0.0018002,0.014234,0.035735,0.092046,0.15008,0.11252,0.035715,-0.0065622,-0.0036211,0.028371,0.051731,0.032128,-0.0046653,-0.020405,-0.01624,-0.0043985,0.0083691,-0.08484,-0.16881,-0.15182,-0.14721,-0.14401,-0.13348,-0.08603,-0.042929,-0.027236,0.19333,0.39178,1.4681,0.39491,-0.36777,-0.31709,-0.20816,-0.12777,-0.19872,-0.24028,-0.1845,-0.062398,0.035594,0.088922,0.08231,0.067337,0.024286,-0.049506,-0.11926,-0.16566,-0.17972,-0.15539,-0.12087,-0.10965,-0.019193,0.19325,0.23882,0.1793,0.22472,0.28801,0.26514,0.038773,-0.2721,0.27319,0.393,0.043436,-0.32255,-0.45098,-0.42217,-0.33483,-0.22697,-0.11836,-0.014016,0.05851,0.099637,0.11479,0.10831,0.11808,0.21713,0.37794,0.4999,0.5054,0.33128,-0.031081,-0.41081,-0.61259,-0.64693,-0.58,-0.43831,-0.28047,-0.13769,-0.033483,0.0077299,0.01521,0.017992,0.026963,-0.0043645,-0.13692,-0.2179,-0.20509,-0.14361,-0.080673,-0.054827,-0.042302,-0.088095,-0.12582,-0.1648,-0.19277,-0.16608,-0.14375,-0.021304,0.10435,0.092892,0.047811,-0.0099917,-0.028824,0.026576,0.097523,0.13209,0.14313,0.12811,0.14624,0.16262,0.15607,0.10788,0.014737,0.061901,0.17052,0.20404,0.20848,0.30746,0.4147,-0.033364,-0.52449,0.65291,-0.35991,-0.048097,-0.21473,0.28544,-0.27194,-0.41868,0.0061519,-0.194,-0.017983,0.36457,-0.30694,0.31774,0.13564,-0.032464,-0.0084969,0.13187,-0.018281,0.21769,0.13297,-0.18562,-0.18811,-0.0060786,0.078168,-0.031278,0.068346,-0.096808,0.17924,1.1915,-2.1614,0.80161,0.26997,-2.0132,0.32861,-0.18806,0.22404,-0.098072,-0.27714,-0.40032,0.14003,-0.2696,-0.39436,-0.061309,0.77318,0.3888,0.36305,-0.06073,-0.67409,0.3234,0.089404,-0.21983,0.28731,0.34373,-0.1058,-0.11743,0.22626,0.026356,0.022831,2.3529,-0.07657,-1.7694,0.41344,-0.23243,0.047409,-0.33743,0.5156,0.32392,1.1212,-0.016267,-0.080218,0.052022,-0.10294,0.12854,-0.27018,-0.18433,-0.38783,-0.43961,-0.00087279,0.23275,0.23984,0.020981,0.32861,-0.059802,0.13139,0.32769,-0.18506,0.050125,-0.15637,-0.29113,-0.90548,-0.83555,-0.57941,-0.041506,0.067942,0.82518,0.2155,-0.81044,-0.1682,0.11533,-0.34235,-0.65327,-0.014202,0.26486,0.27634,-0.27273,0.3502,0.41049,0.31189,-0.042965,-0.029049,0.032913,-0.07915,-0.0032231,0.29307,0.050513,-0.10827,-0.14301,-0.053909,2.5846,1.5875,-0.65324,-0.44108,0.4781,0.52521,0.68773,0.15776,-0.39469,-0.41878,0.20369,-0.32106,0.72992,0.18703,0.088047,0.068144,-0.052098,0.28723,-0.0996,0.17127,-0.14356,0.12323,0.071258,0.057395,0.18732,-0.11262,0.0073291,-0.085644,-0.12736,0.030091,-0.40071,-0.71152,0.55554,-0.12602,0.87619,-0.2686,0.60263,0.15195,0.0894,0.87286,-0.44854,-0.47096,-0.53175,-0.10011,-0.22083,0.22026,-0.19159,0.098225,-0.48744,-0.34274,-0.39866,-0.34774,0.1041,0.10952,0.011793,-0.087517,-0.17608,-0.055761,0.11107,0.14181
0.8823,0.62982,0.14719,-0.042851,-0.058296,-0.031687,-0.037995,-0.093236,-0.14538,-0.16203,-0.15119,-0.14277,-0.14949,-0.12021,-0.098249,-0.1263,-0.19088,-0.27627,-0.3004,-0.25929,-0.17553,-0.013452,0.12821,0.13667,0.21209,0.21536,0.066497,-0.10649,-0.085107,0.10643,0.31288,0.46478,0.59398,0.4119,0.28175,0.32073,0.28984,0.2037,0.097378,0.052976,0.0083466,-0.062574,-0.092623,-0.097015,-0.087101,-0.08738,-0.094691,-0.053395,0.019233,0.019132,-0.057239,-0.066286,0.051555,0.14797,0.16106,0.10761,0.01717,-0.0046773,-0.042876,-0.094896,-0.066222,-0.038325,-0.042674,-0.058745,-0.059957,-0.030205,-0.027916,-0.073259,-0.14773,-0.15337,0.0087774,0.15117,0.17768,0.1508,0.21894,0.36471,0.45117,0.34547,0.15673,0.042668,0.0032679,-0.0091664,-0.0043703,-0.00693,-0.025107,-0.037614,-0.034442,-0.024905,-0.012062,-0.0018244,-0.10138,-0.2081,-0.22696,-0.22533,-0.20195,-0.13306,0.010062,0.18533,0.097806,-0.083229,-0.90874,-0.58511,-0.20682,-0.10304,-0.077729,-0.094688,-0.10461,-0.041092,0.087546,0.20375,0.25493,0.22337,0.15005,0.085962,0.03199,-0.077578,-0.21588,-0.30231,-0.33723,-0.31259,-0.21329,-0.07741,-0.018417,-0.062403,0.1261,0.26238,0.15853,0.073521,0.091563,0.062601,-0.1054,-0.0054571,0.037692,-0.18418,-0.37924,-0.40784,-0.32617,-0.20605,-0.062275,0.10036,0.20754,0.30287,0.43558,0.4839,0.39974,0.24587,0.16102,0.2252,0.36172,0.42626,0.32537,0.0028388,-0.36174,-0.5457,-0.56325,-0.46579,-0.26908,-0.056878,0.066072,0.12559,0.19359,0.23269,0.25649,0.28037,0.24379,0.19514,0.14314,0.042923,-0.1115,-0.1438,-0.082648,-0.024241,-0.0073143,0.01069,-0.088025,-0.15032,-0.11609,-0.13606,-0.047415,0.076884,0.082784,0.062491,0.022322,-0.0011229,0.023747,0.060785,0.08724,0.11458,0.12931,0.12114,0.096602,0.016412,-0.075488,-0.14045,-0.15401,-0.032702,0.098895,0.16311,0.09044,-0.044509,0.23396,-0.018694,-0.055936,-0.042967,0.27931,-0.029822,-0.3333,0.42375,-0.002003,-0.00012465,-0.16901,0.20669,-0.093442,0.054581,0.23079,0.78958,-0.0012811,0.041225,0.40201,-0.036778,0.10313,0.29507,-0.086669,0.18887,-0.30994,0.025457,-0.153,-0.11667,-0.0098785,-0.032655,0.87969,-2.326,0.21104,-0.91368,-2.0599,0.28969,-0.24219,-0.73723,-0.41593,-0.77768,0.25293,0.26154,-0.29418,0.084945,-0.085722,0.063839,0.18321,0.73619,-0.36732,-0.71256,0.047143,0.20723,0.27406,0.077563,0.15344,-0.17167,0.047651,0.25021,0.14177,-0.30662,2.5724,-1.0261,-0.89856,0.0083383,-0.89834,-0.037664,-0.098664,0.077417,1.0692,0.59263,-0.31805,0.396,0.10635,-0.53054,-0.10661,-0.35695,-0.2226,0.14943,-0.27209,-0.60514,0.045449,0.0056481,0.016321,0.11164,-0.0080424,-0.041774,0.032148,-0.38811,0.35714,-0.08098,-0.20986,-0.36292,0.06115,-0.16156,-0.25576,-0.26567,0.32123,0.43059,-1.0355,-0.23431,0.087065,0.0091797,-0.40676,0.3165,0.15303,-0.12298,0.78455,0.1499,-0.0013588,0.1628,6.2781e-05,0.012858,0.43586,0.2576,-0.2162,0.12768,-0.068934,-0.35235,0.12431,0.31051,2.5501,1.3524,0.13348,-0.40045,-0.22885,0.88143,1.5292,-0.21089,-0.0068049,-0.05956,-0.48319,-0.19948,0.058775,0.48242,0.86887,0.082928,-0.12112,-0.0034367,-0.021746,0.40473,-0.22476,0.3508,-0.052979,0.26202,-0.16445,0.08221,-0.067075,0.016418,0.0098,0.16771,-0.1569,-0.41973,-0.25042,0.30151,0.2805,0.13118,0.59303,-0.44716,-0.33805,0.9627,-0.37633,-0.49686,0.11502,-0.58737,-0.33774,-0.0033823,0.36824,0.40844,-0.34777,-0.39844,-0.31961,-0.15991,0.30917,0.24948,-0.20218,-0.13316,0.017159,-0.17744,0.035732,-0.020377
0.23359,0.41169,0.41397,0.26899,-0.0050737,-0.11108,-0.012794,0.050461,-0.011926,-0.10267,-0.11044,-0.076514,-0.058279,-0.092574,-0.073332,-0.051777,-0.12325,-0.1552,-0.11937,-0.032302,0.026222,0.028944,0.013278,0.073429,0.21768,0.26598,0.14888,-0.066454,-0.12986,0.020959,0.10621,0.14964,0.23444,0.20711,0.26313,0.31038,0.29021,0.211,0.11322,0.080537,0.08188,0.026624,-0.022242,-0.028647,-0.052238,-0.075431,-0.062059,-0.056198,-0.047012,-0.054045,-0.11736,-0.08918,0.049441,0.14151,0.15239,0.10641,0.034036,0.025683,0.042965,0.039902,0.044121,0.033171,0.024595,-0.015492,-0.050479,-0.026377,-0.0028549,0.015998,-0.012433,-0.043062,0.015754,-0.0037346,-0.041454,-0.07059,-0.090484,-0.053814,0.033018,0.097098,0.079313,0.024689,0.0033222,0.015174,0.040375,0.056221,0.053041,0.029639,0.0039549,-0.0034801,-0.089466,-0.16069,-0.1539,-0.16059,-0.17059,-0.18019,-0.15156,-0.0546,0.098759,0.29909,0.57891,0.7254,0.3759,-0.21402,-0.31613,-0.28823,-0.24676,-0.23169,-0.25887,-0.2773,-0.25116,-0.013559,0.26865,0.36145,0.34635,0.24527,0.059545,-0.10383,-0.16447,-0.16317,-0.1034,-0.0327,0.0030458,-0.0024493,-0.034695,0.025574,0.1275,0.13309,0.095042,0.068541,0.068525,-0.027732,-0.099924,0.34309,0.3644,-0.00015063,-0.30834,-0.39971,-0.35733,-0.25379,-0.12791,0.0029435,0.094222,0.11947,0.13397,0.17151,0.20601,0.25148,0.28513,0.29293,0.32511,0.32016,0.17305,-0.13039,-0.45633,-0.60758,-0.60705,-0.53812,-0.4229,-0.30109,-0.16459,-0.048745,-0.023697,-0.055184,-0.072307,-0.053362,-0.079597,-0.21428,-0.30467,-0.23262,-0.10392,-0.015748,0.045865,0.014399,-0.011488,0.012077,0.038809,0.071273,0.044641,0.0087326,0.018194,0.029486,0.02377,-0.015664,-0.030565,-0.028101,-0.040882,-0.012966,0.051059,0.11467,0.17357,0.19721,0.17301,0.1005,0.022945,-0.014539,0.0096635,0.082539,0.23398,0.34653,0.4581,0.56095,0.05434,-0.5518,0.38486,-0.21597,-0.25842,0.024794,0.19824,-0.50964,0.13786,-0.38855,-0.11484,0.12921,-0.0691,-0.015943,0.34304,0.35696,-0.19984,0.16392,0.05694,0.13629,0.064829,0.12359,0.013196,0.18178,-0.12496,0.1509,-0.036544,-0.17054,0.035374,0.18371,0.53024,-2.5015,0.92861,-0.76752,-1.8464,0.055037,0.19303,0.35532,-0.34903,-0.4191,-0.24342,0.53379,-0.34339,-0.33428,-0.018526,0.1823,0.12245,0.64575,-0.051851,-0.72574,0.17537,-0.051113,-0.034978,-0.076557,0.52469,0.21966,0.004356,-0.025126,-0.089561,0.040933,2.5672,-0.32998,-0.52758,0.3059,-0.6866,1.1056,-0.57833,1.3044,0.53198,-0.056716,0.071486,-0.035195,0.20848,-0.37977,-0.30126,-0.24232,0.007446,-0.10907,-0.04135,-0.22894,0.22461,-0.40064,-0.061452,0.45832,0.16015,-0.29289,-0.25442,-0.41446,-0.29973,0.28079,-0.077434,-0.72105,-0.71151,-0.27135,-0.22431,0.38262,1.0752,0.02638,-1.0047,-0.017188,-0.066666,-0.32037,-0.60293,0.22288,0.15299,0.0784,0.13728,0.43334,0.1375,0.095807,0.034305,-0.20129,0.21311,0.067439,0.031393,0.15632,0.015378,0.005996,0.12344,-0.030437,2.5533,1.7675,-0.54648,-0.22263,-0.16009,1.0481,0.52538,0.16995,-0.31744,-0.037432,-0.050572,-0.24123,0.46225,0.21506,0.57584,0.17787,0.10102,0.2786,-0.32442,0.0017832,-0.42812,-0.0078365,0.2493,0.16806,0.33738,0.11968,-0.0011577,-0.024609,0.05821,0.12867,-0.21634,-0.62766,0.44841,0.18774,0.62446,-0.53188,0.42208,-0.048491,-0.065796,0.99321,-0.38812,-0.6474,-0.72954,-0.26931,-0.17386,0.092244,0.15017,0.085361,-0.092649,-0.58552,-0.19364,-0.15291,0.15942,-0.22671,0.006803,-0.32616,0.14556,-0.017512,-0.037296,0.28798
-0.12571,-0.017454,0.65138,0.42229,0.068077,-0.1005,-0.0083126,0.080458,0.036569,-0.07759,-0.15281,-0.073723,0.01789,-0.01052,-0.045883,-0.079381,-0.087792,0.011034,0.17851,0.29598,0.35009,0.32894,0.24173,0.048576,-0.15647,-0.28139,-0.30495,-0.17335,0.044877,0.097295,0.065917,0.082962,0.096509,0.077483,0.1524,0.20708,0.19449,0.12286,0.14756,0.12675,0.02545,-0.0027732,-0.011746,-0.012938,-0.02612,-0.034249,0.008791,0.086435,0.13031,0.086624,-0.021848,-0.066317,0.017862,0.096277,0.092413,0.029689,-0.071933,-0.14084,-0.14827,-0.12145,-0.11999,-0.12979,-0.10818,-0.098613,-0.099547,-0.047937,-0.030644,-0.092031,-0.081998,0.096075,0.33219,0.45149,0.45466,0.4005,0.35019,0.33209,0.34366,0.35574,0.31329,0.21633,0.087611,0.0064173,-0.020993,-0.028637,-0.16526,-0.26818,-0.25042,-0.22679,-0.21861,-0.22676,-0.24425,-0.26558,-0.29529,-0.29565,-0.020264,0.51282,0.59203,0.40175,0.36036,0.37491,1.2369,0.41415,-0.36539,-0.35182,-0.29489,-0.23343,-0.26001,-0.30022,-0.30233,-0.15454,0.058092,0.14821,0.10634,0.025004,-0.035804,-0.065125,-0.045033,0.053296,0.16446,0.23824,0.28057,0.26457,0.19119,0.16862,0.13643,0.062214,0.052007,-0.032951,-0.15792,-0.15097,0.014871,0.42836,0.43779,0.059271,-0.33936,-0.48312,-0.46668,-0.38119,-0.22227,-0.06404,0.055634,0.1655,0.24718,0.29589,0.31516,0.33742,0.42625,0.56477,0.65764,0.63264,0.4424,0.081075,-0.26135,-0.39439,-0.36737,-0.25779,-0.093355,0.065905,0.18807,0.27653,0.32749,0.38831,0.45894,0.45056,0.34479,0.040978,-0.30437,-0.4202,-0.29823,-0.2516,-0.24066,-0.19756,-0.19219,-0.18541,-0.17118,-0.15299,-0.14667,-0.15467,-0.16732,-0.065862,0.064387,0.064072,0.038157,0.024854,0.060375,0.079755,0.051189,-0.025382,-0.089673,-0.13288,-0.20354,-0.32539,-0.46869,-0.49842,0.042546,0.48241,0.4889,0.37131,0.37673,0.45879,0.29127,-0.64814,1.0243,-0.93848,0.25031,0.42761,-0.83222,0.25318,-0.50345,-0.40789,-0.22698,-0.17147,-0.56085,-0.67176,0.15435,0.15095,-0.13218,0.40074,-0.14569,-0.1219,-0.11507,-0.16476,-0.16773,-0.058884,0.074418,-0.17123,-0.11376,0.33201,0.14252,-0.23663,2.5917,-0.79101,1.4221,1.8558,-0.76483,-0.28479,-0.0028673,-0.096913,0.59872,-0.2483,-1.1086,0.4141,-0.63488,0.090052,0.84005,0.62958,0.055268,0.19333,0.042574,-0.43922,0.032979,-0.34225,0.37194,-0.063107,-0.56633,0.30967,-0.27897,0.082485,0.24498,-0.89467,1.8488,0.73905,-2.716,0.40425,-1.247,-0.64722,0.53301,1.3721,1.3773,0.32698,0.41444,0.08682,-0.70852,0.25002,-0.30717,-0.0091121,0.42615,-0.15848,-0.086035,0.13272,0.73946,0.12656,-0.3003,0.076088,0.55868,0.009619,0.060341,0.24395,0.45738,0.006775,0.56087,-1.0451,-1.595,-0.22725,-0.73418,0.22155,0.18976,1.0933,-0.99376,-0.30172,-0.78907,-0.10256,-1.0345,0.43622,1.0569,0.11278,-0.19032,0.57032,-0.46113,0.1464,-0.58396,-0.033476,-0.044643,-0.044737,0.42049,-0.49924,0.51267,-0.17314,-0.3317,-0.11396,1.5843,2.0515,-1.4568,-0.4045,-0.1983,0.43694,1.9042,-1.0267,-0.28812,0.24688,0.21951,0.23561,-0.57638,0.4989,0.1681,0.81104,-0.42744,-0.37979,-0.12652,-0.093427,-0.3262,-0.088896,-0.45023,-0.23235,0.24364,0.38048,-0.20144,0.15026,-0.1166,0.30737,0.39933,-0.8389,1.4933,0.14583,0.72453,-0.20854,-0.064897,0.18513,-0.65238,0.86822,-0.92644,0.34576,-0.2828,-0.80869,0.83695,0.52497,-0.12108,-0.91833,-0.1379,-0.51809,-0.42185,-0.13038,0.25386,0.16697,0.1733,0.51722,-0.27405,-0.14105,-0.22334,0.33504
0.13499,0.34237,0.51044,0.43455,0.17131,0.019363,0.028592,-0.0037033,-0.062286,-0.1022,-0.07745,-0.035619,-0.035305,0.0060533,0.022482,-0.050394,-0.14221,-0.19803,-0.18027,-0.095415,-0.0033151,0.055568,0.087843,0.10397,0.074892,-0.00095552,-0.066202,-0.12718,-0.1624,-0.16276,-0.2423,-0.23123,-0.1873,0.00065837,0.22206,0.29089,0.29769,0.24247,0.15664,0.1218,0.16178,0.1856,0.17641,0.16647,0.13996,0.032255,-0.025663,0.053995,0.10042,0.061432,-0.037167,-0.12522,-0.090444,0.0013216,0.010949,-0.036532,-0.050014,-0.047786,-0.069944,-0.067101,-0.053212,-0.062145,-0.072932,-0.062634,-0.052309,-0.014323,0.014781,0.0088128,0.032502,0.074313,0.019242,-0.022473,-0.031354,-0.036727,-0.0018147,0.070422,0.16522,0.24814,0.24487,0.15474,0.075329,0.054268,0.042014,0.031387,0.0047631,-0.027143,-0.028333,-0.0085834,0.012363,-0.065386,-0.13845,-0.12927,-0.12548,-0.091061,-0.05234,0.0060681,0.11617,0.20841,0.41687,0.57306,0.50154,-0.1553,-0.3125,-0.29807,-0.29206,-0.29652,-0.26301,-0.1571,-0.12248,-0.10722,-0.06801,0.016707,0.087855,0.1042,0.050911,-0.053025,-0.14779,-0.18237,-0.14386,-0.065588,0.011092,0.054519,0.054451,0.010521,0.060442,0.10531,0.071531,0.064896,0.10556,0.16155,0.21697,0.53459,0.68717,0.29145,-0.11914,-0.31205,-0.3655,-0.34231,-0.26526,-0.14356,-0.0097438,0.075327,0.11534,0.1769,0.2377,0.28692,0.39228,0.54127,0.61362,0.54302,0.29843,-0.099338,-0.45951,-0.60875,-0.59691,-0.51412,-0.35155,-0.18159,-0.063061,0.015853,0.055195,0.053491,0.048425,0.051766,0.014371,-0.056544,-0.16477,-0.21918,-0.13267,-0.051623,-0.09515,-0.13424,-0.12184,-0.10423,-0.083903,-0.10218,-0.12161,-0.11127,-0.1144,-0.10893,-0.059784,-0.04213,-0.092213,-0.068931,0.038039,0.12785,0.18699,0.20334,0.1883,0.20136,0.21296,0.18075,0.12016,0.070583,0.14035,0.2373,0.29425,0.3234,0.42914,0.54308,-0.18734,-0.56702,0.93655,-0.04687,0.095115,-0.0012573,-0.11187,-0.40005,0.10028,-0.087038,0.25853,-0.047301,-0.1101,-0.18544,0.041275,-0.11768,0.06365,0.1429,-0.021604,0.0027882,-0.27491,0.076501,0.12508,0.002878,-0.071022,0.16573,0.10345,0.087109,0.12414,-0.16144,2.6966,-0.58656,0.66555,2.0486,-1.4231,-0.066286,-0.072418,0.52976,0.010648,-0.36488,-0.58953,0.22154,-0.3861,-0.47418,0.24585,0.30579,-0.067034,-0.21744,0.015495,-0.3232,-0.0365,0.071559,0.17996,-0.077434,-0.22019,-0.0014509,-0.13141,0.22945,-0.083792,-0.0038892,2.4511,-0.14708,-2.0618,0.62241,-0.92348,-0.40767,-0.54113,0.14874,0.098403,0.66078,0.11586,0.27722,-0.014231,-0.18058,0.18918,0.026422,-0.091943,-0.31166,-0.049165,0.19931,-0.15879,0.12189,-0.27881,0.23633,0.1766,0.059689,0.09959,-0.18132,-0.045569,0.099281,0.14396,-1.0483,-1.0108,-0.7086,-0.14424,0.13548,0.54746,0.19423,-0.69689,-0.49176,-0.45457,-0.17644,-0.67494,-0.13989,0.11676,0.16797,0.0069781,0.2207,-0.018153,-0.2194,0.19638,-0.12471,0.066296,-0.047099,0.2599,-0.086052,0.00096975,0.089819,0.075214,0.045691,2.4814,2.2753,-0.94915,-0.34164,-0.086718,0.4801,0.015787,0.24254,-0.25585,-0.10868,0.093262,0.067428,0.41532,0.14186,0.11301,0.19611,0.24157,0.1939,-0.16712,-0.062993,-0.48469,-0.088311,0.10436,0.23488,0.083245,0.10255,0.036584,0.014408,-0.017361,0.092337,-0.13626,-0.85598,0.88141,0.032249,0.7447,-0.34051,0.39309,0.12328,-0.18038,0.54606,-0.41549,-0.38047,-0.62802,-0.16523,0.035064,0.13995,-0.55251,-0.066907,0.11509,-0.31923,-0.068306,-0.12081,-0.048994,-0.083344,0.14722,-0.036402,0.027924,-0.045139,-0.23239,0.34393
0.3128,0.41103,0.33422,0.19986,-0.03175,-0.15815,-0.072686,-0.027938,-0.025202,-0.062798,-0.13493,-0.12214,-0.10912,-0.13205,-0.10258,-0.091609,-0.17563,-0.21579,-0.19541,-0.15192,-0.15605,-0.18376,-0.16361,-0.066201,0.064816,0.14229,0.13902,0.11204,0.17311,0.2306,0.24077,0.26949,0.407,0.31553,0.23559,0.27557,0.2515,0.16869,0.074406,0.013429,-0.014803,-0.025242,-0.031711,0.10008,0.20319,0.18652,0.09469,0.006615,0.054918,0.028641,-0.060227,-0.076499,0.035076,0.1272,0.13627,0.086836,0.025797,-0.013958,-0.045409,-0.067886,-0.081271,-0.082103,-0.051215,-0.0077485,0.0077876,0.0014128,0.0096747,0.06408,0.065331,-0.026814,-0.071592,-0.3353,-0.54924,-0.56029,-0.41101,-0.20671,0.012184,0.17182,0.1612,0.047748,-0.045558,-0.029792,0.059511,0.11136,0.10523,0.076968,0.050116,0.029608,0.036134,0.065892,0.082517,0.072025,-0.05618,-0.15732,-0.14244,-0.10884,-0.049403,0.1405,0.53377,0.82397,-0.0015669,-0.19089,-0.18419,-0.2334,-0.257,-0.22234,-0.27686,-0.30787,-0.18659,-0.008363,0.10117,0.23003,0.25742,0.19426,0.052646,-0.10655,-0.18745,-0.19443,-0.14832,-0.10346,-0.13203,-0.18716,-0.16177,-0.096406,-0.058261,-0.06292,-0.036824,-0.002703,0.039649,0.051172,-0.092242,-0.038682,0.14085,0.039987,-0.20207,-0.31024,-0.28184,-0.1834,-0.070549,0.0053239,0.039827,0.048405,0.041159,0.065522,0.22816,0.39138,0.40455,0.4006,0.47519,0.47259,0.31759,-0.037851,-0.4086,-0.57084,-0.56688,-0.47972,-0.36651,-0.29735,-0.26442,-0.23388,-0.19395,-0.13757,-0.04436,0.085009,0.19853,0.21018,0.15656,0.12204,0.08562,0.050327,0.075793,-0.01814,-0.049601,-0.03566,-0.097359,-0.12476,-0.030935,0.073758,0.083928,0.11265,0.13511,0.092565,0.00080302,-0.067851,-0.090562,-0.087306,-0.07005,0.012873,0.15158,0.23827,0.24098,0.15747,0.078186,0.00066202,-0.053671,-0.039134,-0.016601,0.36877,0.76024,0.87343,0.099845,-0.17237,-0.28357,0.073114,-0.55312,-0.030514,0.32916,-0.30826,0.37444,-0.039508,-0.12228,0.072706,0.12311,0.23079,-0.14535,0.048071,0.18593,-0.28876,-0.04008,-0.1492,-0.11919,0.067789,0.054414,0.25816,0.022416,-0.1991,-0.12709,-0.025188,-0.026694,-0.088474,0.9077,-2.3878,-0.036428,-1.0434,-1.7492,0.13458,0.16825,0.55405,-0.31331,-0.6412,-0.028937,0.23698,-0.019878,-0.33529,-0.1616,-0.11637,0.38259,-0.11137,-0.014166,-0.50655,0.18309,0.060245,0.10454,-0.16891,0.28334,0.32267,0.090547,0.059315,0.017593,-0.11254,2.4506,-1.1144,-1.1981,-0.43597,-1.0696,-0.78272,-0.95385,0.36951,0.27635,0.62916,-0.36982,0.90287,0.57127,-0.25102,-0.0033435,-0.024281,0.064653,-0.13649,-0.03094,0.10352,-0.3859,0.20635,-0.14173,0.38447,0.1757,0.12722,0.016876,-0.0060424,0.22846,-0.1806,-0.13805,-0.65004,0.25556,0.099966,-0.13118,0.38345,0.94816,-0.38166,-1.0117,-0.035981,0.057676,-0.040543,-0.36983,0.32137,-0.21267,0.53646,0.20608,0.12602,0.07491,0.20663,0.077385,-0.24381,0.0074292,-0.15132,0.36593,-0.0097036,0.10673,-0.15372,0.19174,-0.15572,2.4874,1.8928,0.23986,0.3526,-0.12931,1.3588,0.4358,-0.10814,-0.012712,-0.013333,-0.22015,-0.31964,0.24342,-0.070048,-0.13614,-0.13432,0.26037,0.041734,-0.29918,-0.051682,-0.41945,0.045177,-0.16557,0.1348,-0.128,0.077247,0.3112,-0.028092,-0.71683,0.2356,-0.42886,-0.66137,-0.44809,0.12981,0.18996,-0.75601,0.451,-0.41588,-0.12588,0.90682,-0.16373,-0.3813,-0.58951,-0.15054,-0.75197,-0.074366,-0.363,0.28039,0.068539,-0.242,-0.18855,0.021319,0.0055176,-0.10525,0.16693,0.0078741,0.16613,0.13255,-0.14633,-0.001681
0.47711,0.17847,0.20379,0.12261,-0.035232,-0.11192,-0.010852,0.080055,0.024355,-0.068667,-0.12019,-0.1282,-0.11444,-0.095813,-0.065557,-0.084133,-0.14905,-0.19098,-0.18067,-0.12374,-0.060263,-0.024162,-0.0010694,0.056287,0.20135,0.29342,0.32532,0.28657,0.1097,-0.13446,-0.12875,0.076954,0.24635,0.28187,0.28015,0.33547,0.3198,0.23423,0.1202,0.035316,-0.0027453,-0.012742,-0.017271,-0.035504,-0.074136,-0.081585,-0.018348,0.065937,0.10468,0.054096,-0.046341,-0.056174,0.051706,0.14243,0.16103,0.12295,0.048909,0.026914,0.078589,0.13187,0.1389,0.089259,0.067322,0.070715,0.020928,-0.018552,-0.002068,0.02851,-0.0075673,-0.0024028,-0.076544,-0.29657,-0.37978,-0.3694,-0.29313,-0.14795,0.064747,0.18003,0.095415,-0.047048,-0.10294,-0.067183,0.0023663,0.050474,0.071764,0.066627,0.02633,0.0078323,0.023724,0.036866,0.03968,-0.09565,-0.21851,-0.21221,-0.18956,-0.15578,-0.11872,-0.04096,0.20783,0.39228,1.1176,0.30228,-0.15238,-0.15062,-0.091268,-0.042438,-0.1433,-0.26598,-0.23448,-0.1253,-0.012482,0.14332,0.21764,0.13317,-0.022654,-0.12166,-0.16124,-0.1653,-0.1328,-0.072842,-0.044507,-0.051095,-0.050993,-0.061696,0.076956,0.16185,0.11902,0.099097,0.11852,0.18268,0.16682,-0.16804,-0.15887,-0.19662,-0.33956,-0.44624,-0.41444,-0.29119,-0.12142,0.021496,0.10141,0.11835,0.072423,0.0019991,-0.016671,0.13641,0.41088,0.5995,0.61541,0.46542,0.19564,-0.1231,-0.38952,-0.52761,-0.57622,-0.57545,-0.47834,-0.23126,0.061017,0.15479,-0.0031464,-0.19108,-0.23432,-0.13264,0.017619,0.034973,-0.046317,-0.017138,0.07083,0.17323,0.098234,0.039073,0.067896,0.065338,0.054027,0.054413,-0.033828,-0.11136,-0.093534,-0.061162,-0.053178,-0.04565,0.0097563,0.031965,-0.0033521,-0.0096608,0.037426,0.087443,0.11401,0.13511,0.11583,0.11993,0.10048,0.019758,-0.020071,-0.0038295,-0.00040986,0.078378,0.29309,0.43641,-0.021519,-0.38429,-0.36696,-0.095105,-0.20778,0.013284,0.38179,0.095518,0.064012,0.26581,-0.282,0.057072,0.44815,0.037836,0.43537,-0.041632,-0.19739,-0.43308,0.10242,0.06203,-0.1227,0.15464,0.12318,0.082754,-0.22492,0.10776,-0.013635,-0.13332,-0.22061,0.08617,1.078,-2.0812,0.16392,-0.98348,-1.9208,0.13226,-0.069954,-0.040199,-0.36384,-0.5069,-0.10815,0.19831,-0.30886,-0.49169,-0.26415,0.016572,0.5002,0.26634,0.38764,-0.53457,0.076484,0.10664,0.197,0.1142,0.16812,-0.039201,0.06665,-0.065783,0.13128,0.10565,2.5496,-0.51448,-0.91611,-0.41086,-0.33678,0.059061,-0.21573,0.4726,0.53377,0.5555,-0.25781,0.24349,0.20406,-0.041056,0.30721,-0.50943,-0.4341,-0.34923,-0.36664,-0.1148,-0.18055,0.2967,-0.26685,0.4641,-0.00022342,0.067414,0.014826,0.3101,-0.14572,0.20715,-0.19551,-0.16732,0.06048,0.10943,-0.095199,0.039956,0.43292,-0.0078705,-1.0249,-0.24053,0.46926,-0.12515,-0.31208,0.10875,-0.20764,0.42242,0.17658,0.45997,0.26787,0.26979,0.1535,-0.28301,0.023698,-0.0056831,-0.090499,0.11708,0.25969,-0.015836,-0.10524,-0.22431,2.6554,1.581,0.014529,0.22557,-0.25321,0.65063,0.30446,-0.42394,-0.044959,-0.62458,0.14869,-0.4817,0.49716,-0.047623,0.18107,-0.3547,-0.029322,0.047234,-0.31262,0.01121,-0.35645,0.064279,-0.041435,-0.074222,0.0816,-0.035796,0.11601,-0.03377,-0.36522,0.32861,-0.28892,-0.13257,-0.094722,0.21883,-0.10572,-0.14884,0.54116,-0.5458,-0.60843,0.65662,0.10566,-0.47416,-0.22804,-0.27158,-0.48675,-0.18819,-0.51522,0.051021,-0.39378,-0.40985,-0.39761,-0.0056094,-0.18712,0.30267,0.50833,-0.0027629,-0.0093275,-0.18433,-0.019416,-0.17727
0.076339,-0.046265,0.50935,0.51982,0.27258,0.034164,-0.10631,-0.092699,0.021023,0.044385,0.032774,0.030723,0.029811,0.010687,-0.034312,-0.11161,-0.20508,-0.26279,-0.25231,-0.10874,0.15974,0.36096,0.38864,0.28128,0.10746,9.4496e-05,-0.020424,-0.0575,-0.082329,-0.07367,-0.072207,-0.015851,0.10151,0.053395,0.0938,0.15449,0.15959,0.10334,0.016616,0.061367,0.073707,0.0026414,-0.0076692,-0.01342,-0.036641,-0.065323,-0.11551,-0.11984,-0.059982,-0.083774,-0.17669,-0.12424,0.047817,0.1393,0.15726,0.11859,0.046574,0.035187,0.056166,0.015372,-0.013466,0.0080935,0.026915,0.032767,0.027212,0.032476,0.045549,0.057196,0.11969,0.2087,0.17287,-0.19619,-0.44118,-0.32099,-0.023722,0.20539,0.32821,0.39785,0.40631,0.3282,0.20432,0.099199,0.025356,-0.016563,-0.026531,-0.034993,-0.036261,-0.026271,-0.011587,-0.082414,-0.1339,-0.10365,-0.11184,-0.13729,-0.15129,-0.047422,0.12899,0.22384,0.3646,0.45314,1.4014,0.53032,-0.36522,-0.33323,-0.34645,-0.33928,-0.3114,-0.16996,0.0074453,0.048569,0.0646,0.0779,0.078385,0.045942,-0.055243,-0.19058,-0.28306,-0.30794,-0.26567,-0.10911,0.10782,0.21006,0.18729,0.083616,0.15517,0.2514,0.19448,0.15336,0.16395,0.029592,-0.025917,0.49063,0.55493,0.19694,-0.18219,-0.34166,-0.38955,-0.35415,-0.25708,-0.11211,0.010668,0.089359,0.16896,0.21989,0.23021,0.21977,0.26739,0.3929,0.51433,0.53183,0.34944,-0.010209,-0.34764,-0.50875,-0.54154,-0.50289,-0.37941,-0.20802,-0.063468,0.032964,0.11419,0.18962,0.21641,0.1704,0.033954,-0.16851,-0.30389,-0.27164,-0.11238,-0.009113,-0.018135,-0.11259,-0.14519,-0.18417,-0.21771,-0.17266,-0.13174,-0.13163,-0.14697,-0.15711,-0.11645,-0.08811,-0.11011,-0.0604,0.02015,0.061617,0.11586,0.16101,0.17701,0.23398,0.29342,0.28465,0.19151,0.043947,0.049241,0.20097,0.29518,0.27343,0.37282,0.51941,-0.17419,-0.55638,1.0467,-0.26225,0.031553,-0.18091,0.28448,-0.42192,-0.1341,0.070802,-0.07145,-0.19478,-0.11067,0.28492,0.44567,-0.013157,0.070159,-0.026601,-0.16861,0.18882,0.069256,-0.29193,-0.11744,0.11142,0.088994,-0.21516,0.12816,0.35257,0.077819,-0.028056,2.5864,-0.7383,1.0249,1.9209,-1.1856,-0.58869,0.29688,0.69281,0.38794,-0.0073784,-0.76836,0.38707,-0.87484,-0.56811,0.14792,-0.05008,0.65889,-0.30036,-0.031219,-0.2993,0.12239,0.01257,-0.19354,-0.049772,-0.38335,0.19438,-0.37774,0.080938,0.1869,-0.13866,2.4486,0.23439,-2.1625,0.56007,-0.30168,0.41423,-0.49124,0.95681,0.41094,0.52796,-0.018392,-0.50176,-0.12921,0.29329,-0.24865,0.081893,-0.43285,-0.11338,-0.17935,0.016507,-0.2778,0.27006,-0.089615,0.28632,0.063086,0.079113,0.0096759,-0.17928,-0.53867,-0.062725,0.056125,-1.2847,-1.224,-0.71859,-0.025661,-0.087282,0.19108,-0.067254,-0.65528,-1.1047,-0.29409,-0.33962,-0.74202,0.013878,-0.12182,-0.12928,0.037161,-0.18115,-0.24119,0.11337,-0.36211,-0.1822,-0.28228,-0.19514,0.36633,-0.10889,0.063874,0.0033451,0.10182,-0.18574,2.5182,2.1657,-1.0583,-0.4855,0.37895,0.61468,0.58246,0.1731,-0.18996,-0.14568,0.34459,-0.015336,0.18982,-0.18658,-0.14104,-0.24024,0.32986,0.29464,-0.24899,0.098662,0.090513,-0.0038397,-0.031006,0.08616,0.094019,0.031373,-0.078577,-0.14762,-0.26858,-0.060199,-0.037682,-1.1466,1.2065,0.23892,0.70675,-0.36039,0.46236,0.39686,0.14528,0.51198,-0.3615,-0.50751,-0.47052,-0.13205,-0.46315,0.098115,-0.20145,-0.51162,0.11093,0.15519,-0.12045,-0.21646,0.14729,0.086425,0.20873,0.00022907,-0.18199,-0.065616,-0.094794,0.30766
0.65218,0.65322,0.50797,0.3213,0.11511,0.012033,0.048681,0.040052,0.047943,0.082695,0.051196,0.042895,0.048759,0.045868,-0.032029,-0.1107,-0.15925,-0.21923,-0.22796,-0.19183,-0.15367,-0.21693,-0.25297,-0.09432,0.12116,0.20217,0.16804,0.13568,0.1298,0.13357,0.399,0.38045,0.3618,0.27322,0.11195,0.15378,0.12329,0.043862,0.082181,0.19706,0.21295,0.17782,0.1658,0.16548,0.056341,-0.057894,-0.034372,0.0069612,0.026047,0.00077643,-0.0098598,-0.13342,-0.23066,-0.13624,-0.125,-0.17214,-0.1699,-0.15746,-0.18326,-0.18736,-0.17562,-0.18803,-0.20198,-0.11828,-0.084748,-0.10626,-0.071709,0.013454,0.044834,0.017514,-0.023578,-0.070181,-0.084932,-0.054365,-0.028434,-0.0078377,0.03462,0.079397,0.067741,0.010687,-0.019586,0.0036726,0.087334,0.15508,0.1456,0.09354,0.039392,0.011557,0.022061,0.049109,0.064651,0.062526,-0.087156,-0.22077,-0.21984,-0.18363,-0.077494,0.17057,0.48608,0.66916,-0.64987,-0.47026,-0.23831,-0.25012,-0.30689,-0.31413,-0.36505,-0.38179,-0.2383,-0.027319,0.021981,0.072578,0.11486,0.1229,0.079989,-0.038102,-0.15014,-0.18692,-0.18256,-0.14989,-0.11581,-0.036435,0.056973,0.13421,0.16971,0.14376,0.21903,0.30344,0.30862,0.18079,-0.2554,-0.38535,-0.44083,-0.40617,-0.33707,-0.3924,-0.31115,-0.2136,-0.09677,-0.053084,0.0022436,0.14849,0.19751,0.12997,0.15532,0.27637,0.3494,0.36404,0.34245,0.2826,0.15518,-0.15312,-0.482,-0.65113,-0.64307,-0.55949,-0.41651,-0.26328,-0.1597,-0.088869,-0.0070003,0.11463,0.20748,0.36845,0.49661,0.41029,0.25596,0.075504,-0.050854,-0.067445,-0.059749,-0.040099,-0.077899,-0.11569,-0.094757,-0.063248,-0.032695,-0.013335,-0.0024957,0.011497,0.010535,-0.034915,-0.077772,-0.11009,-0.13565,-0.10623,-0.042538,0.057808,0.16565,0.22223,0.2167,0.14672,0.098397,0.023463,-0.046534,0.029375,0.13619,0.44811,0.7564,0.85677,0.4638,0.58971,-0.18311,0.1526,0.15932,0.38855,-0.60149,-0.08125,-0.3665,0.15569,-0.072486,0.40894,0.17548,0.0010266,-0.23486,0.032969,0.053967,0.15006,0.12237,0.055745,0.12009,0.073766,-0.014283,-0.18004,0.11538,-0.077186,-0.12011,0.089649,0.046429,-0.013981,0.62779,-2.3406,-0.074469,-0.91197,-1.6872,-0.18557,0.010441,-0.19427,0.60194,-0.63254,-0.1405,0.26851,-0.61865,0.19825,-0.072629,0.16084,0.094812,0.29777,-0.59056,-0.16101,0.11309,-0.054062,0.055828,-0.2109,0.33765,0.15358,0.29396,-0.27147,-0.093763,-0.017817,2.5283,-1.3834,-0.6995,-0.38802,-1.1031,0.85314,0.05455,0.19201,0.87908,0.42724,-0.29756,0.045072,0.31501,-0.24618,0.29003,0.23035,0.001762,0.27996,0.18664,-0.062758,-0.046618,-0.1185,0.054001,-0.056994,-0.10866,0.11684,-0.068471,-0.095083,0.33163,0.067246,-0.21859,-0.97831,0.31199,0.13574,-0.025253,-0.13884,0.68597,0.99453,-1.2691,-0.52271,-0.089554,0.098148,-0.3375,-0.03483,0.20119,0.041639,0.32324,-0.21025,-0.019092,0.0024129,0.32926,0.43378,0.16361,-0.22362,0.24798,0.038585,-0.15098,0.20541,0.011967,0.13229,2.4476,2.2572,0.6783,0.031621,-0.4198,0.2794,1.1809,0.20675,-0.049603,-0.0039945,-0.50065,-0.10753,0.5299,-0.0017221,0.31434,0.28968,0.048503,-0.092083,0.14626,-0.11079,-0.10889,0.056678,0.25247,0.30814,0.15354,0.17287,-0.11524,0.047802,0.23057,0.25753,-0.36102,-0.8883,-0.2458,0.18904,-0.13211,-0.17292,0.44758,0.10525,-0.62641,1.28,-0.6155,-0.16563,0.12176,-0.25582,-0.019218,0.058272,-0.053473,0.083192,-0.26477,0.15992,0.078733,-0.089247,0.25041,-0.3925,-0.040413,0.12313,5.1173e-05,0.02592,0.017213,-0.06762
0.67188,0.72336,0.62612,0.4222,0.17051,0.0057829,0.009842,0.030207,0.0078104,-0.028084,-0.054807,-0.098566,-0.11755,-0.099721,-0.12653,-0.18943,-0.17824,-0.13568,-0.14251,-0.099917,-0.047172,-0.029538,-0.08319,-0.068108,0.11016,0.16501,0.10427,0.11559,0.16147,0.12155,0.32058,0.46667,0.45606,0.32111,0.1468,0.20331,0.18805,0.11079,0.13111,0.11716,0.026717,-0.00045307,-0.010831,-0.01419,-0.031489,-0.11164,-0.14145,-0.063316,-0.020441,-0.062937,-0.039765,-0.058484,-0.071227,0.021769,0.03253,-0.014873,-0.041569,-0.052094,-0.078144,-0.078775,-0.03526,0.013055,0.024908,-0.00030059,-0.053209,-0.065987,-0.06602,-0.07232,0.012296,0.07036,0.088233,-0.090401,-0.2179,-0.1422,-0.0077321,0.095024,0.21849,0.34065,0.34294,0.18641,0.037923,-0.0024349,0.008287,-0.0032867,-0.021546,-0.031924,-0.033985,-0.027386,-0.062286,-0.13695,-0.1598,-0.13303,-0.11646,-0.10246,-0.081076,0.0095673,0.1323,0.26495,0.49145,0.61045,-0.69063,-0.49617,-0.24864,-0.26872,-0.33603,-0.3305,-0.22468,-0.067121,-0.057288,-0.0060021,0.063241,0.14057,0.21782,0.25329,0.19909,0.085124,-0.04834,-0.11581,-0.092988,-0.04306,0.0089676,0.022631,0.025826,0.035921,0.10098,0.12589,0.097897,0.086698,0.09248,0.10022,0.067664,-0.05994,-0.28371,-0.35143,-0.43698,-0.55053,-0.49227,-0.37492,-0.19247,-0.052094,0.027179,0.12474,0.19636,0.23263,0.26385,0.36336,0.52671,0.66383,0.69606,0.57813,0.27354,-0.1662,-0.52858,-0.67361,-0.65675,-0.56961,-0.4324,-0.30396,-0.1982,-0.088628,0.029623,0.17368,0.35477,0.53649,0.61174,0.48348,0.19763,0.04534,0.12399,0.12536,0.11411,-0.097555,-0.24404,-0.24044,-0.23085,-0.19103,-0.15145,-0.14081,-0.14735,-0.14122,-0.079,-0.04939,-0.04618,-0.0032245,0.01718,0.040113,0.06285,0.081203,0.11159,0.16764,0.21238,0.21335,0.16923,0.084853,0.12324,0.24435,0.30914,0.34378,0.43142,0.51794,-0.022438,0.5732,0.01595,0.13218,-0.025196,0.4589,-0.41175,0.07602,-0.28601,0.33261,0.25588,0.66848,-0.14058,0.087385,-0.15173,0.037711,0.080626,-0.26092,-0.069817,-0.054305,-0.29794,0.024075,0.076974,-0.094586,0.021429,-0.11514,-0.052815,0.15863,0.22962,-0.32261,1.4243,-2.2525,-0.11024,-0.27098,-1.5782,-0.45503,0.2222,0.069345,0.74383,-0.89439,-0.03192,-0.077195,-0.55926,0.30147,0.26175,-0.023872,0.39479,0.027189,-0.49037,-0.35101,0.031323,0.09982,-0.092956,0.031474,0.21809,0.037594,-0.1201,0.36702,0.0093319,0.016031,2.5645,-1.1786,-1.7145,-0.3696,-1.1277,0.17045,-0.17913,-0.055347,0.82446,0.86178,-0.10306,0.41742,0.17211,0.41026,-0.030608,0.2461,0.23286,-0.15075,-0.11633,-0.27169,-0.13963,0.28448,-0.51235,0.089555,0.11918,-0.12427,-0.083066,-0.14752,-0.033325,-0.15625,0.097394,-1.2249,0.25305,-0.015755,-0.10927,0.0052191,0.58501,0.84346,-1.0689,-0.09903,-0.064785,0.34239,-0.074712,0.23057,-0.064721,0.30077,0.19363,0.042773,0.045136,0.068429,-0.065723,0.075264,0.0034883,-0.0074901,0.14609,-0.30902,0.011999,-0.27337,-0.072321,0.017447,2.6839,2.4319,0.45249,0.29921,-0.24715,0.089003,0.58512,0.27889,-0.2632,-0.38263,-0.87858,0.0041893,0.32107,-0.028927,0.023477,-0.049305,0.079727,0.38786,-0.076903,-0.085514,-0.27454,-0.3071,-0.14874,0.14205,-0.021687,-0.15258,-0.032994,-0.17722,0.18516,0.12909,-0.024602,-1.1124,-0.32788,0.12978,0.075875,-0.10735,0.3119,-0.33343,-0.76509,0.89302,-0.57342,0.12653,0.25632,-0.2948,-0.33095,0.022431,-0.36831,0.14978,-0.091668,-0.23027,-0.027241,-0.042383,0.029464,0.13129,0.035135,0.25745,0.01029,0.031904,0.014041,0.38899
0.76788,0.53209,0.1043,-0.012522,0.0022552,0.047097,0.11014,0.12956,0.10646,0.068652,-0.054127,-0.10624,-0.054617,-0.077885,-0.17379,-0.2901,-0.37905,-0.42223,-0.43105,-0.37922,-0.19856,-0.036408,-0.013483,0.015971,0.033761,0.0099194,-0.024002,0.0099344,0.087223,0.11435,0.13745,0.36663,0.71529,0.68027,0.45745,0.41441,0.33802,0.32962,0.37492,0.35501,0.14525,-0.035859,-0.032132,-0.023087,-0.030089,-0.033069,-0.055498,-0.055211,-0.012947,-0.054876,-0.15479,-0.17261,-0.060944,0.032049,0.041847,-0.0072194,-0.033733,-0.041741,-0.067368,-0.069659,-0.036007,0.0031546,0.025463,0.031787,0.019291,-0.04599,-0.10018,-0.077897,-0.045124,0.005329,-0.056127,-0.17246,-0.26479,-0.3358,-0.34624,-0.2697,-0.1594,-0.07355,-0.020784,0.0035937,0.018904,0.03093,0.047131,0.061192,0.06827,0.065862,0.020115,-0.019241,-0.0085494,0.017078,0.039215,0.044261,-0.027131,-0.1454,-0.18291,-0.12841,-0.046734,0.071482,0.042449,-0.085596,-0.93614,-0.60877,-0.23426,-0.096305,-0.020859,0.011288,0.01253,-0.031215,-0.023482,0.019993,0.16442,0.32473,0.3921,0.31023,0.11673,-0.078821,-0.16216,-0.16269,-0.15789,-0.13808,-0.11645,-0.08105,-0.035035,-0.036679,-0.068274,0.021804,0.10736,0.10431,0.11971,0.10413,0.083046,-0.42915,-0.48356,-0.32244,-0.23649,-0.11546,0.00017987,-0.030456,-0.025941,0.13878,0.24112,0.26119,0.31734,0.34726,0.36447,0.40831,0.48977,0.58336,0.63064,0.5489,0.29303,-0.11626,-0.48152,-0.63666,-0.6283,-0.54394,-0.41101,-0.30425,-0.21991,-0.099626,0.10662,0.31952,0.431,0.46309,0.41951,0.26041,0.094263,0.065424,0.080897,0.091872,-0.017205,-0.079347,-0.037799,-0.0031238,0.018357,0.030844,-0.057774,-0.13567,-0.13412,-0.14215,-0.16006,-0.1486,-0.073832,-0.032844,-0.061088,-0.085707,-0.050843,0.054682,0.15629,0.21042,0.21244,0.1537,0.045,-0.071483,-0.11404,-0.067799,-0.019936,0.034297,-0.11135,-0.38588,0.23099,0.9787,-0.75495,0.04952,-0.17719,0.038615,0.05674,0.20333,-0.28953,-0.16271,-0.20352,0.27535,0.20822,0.35308,-0.43305,0.022599,-0.42987,0.18504,0.18564,0.16001,-0.078408,-0.11811,0.23975,0.14397,0.036497,-0.022993,-0.068904,0.072657,0.073012,0.083232,2.286,0.59703,-1.6967,1.2235,-0.60621,-0.22094,0.064434,-0.30665,-0.81337,-1.2391,-0.06157,1.0989,-0.56204,-0.21552,-0.055812,0.0073182,-0.10379,0.18092,-0.17396,-0.23879,-0.073859,0.35475,0.11007,0.12529,-0.051079,-0.11522,-0.039157,0.2155,0.10124,0.40138,2.6008,-1.8604,-0.35717,-0.99666,-1.1206,0.22644,0.10526,0.23329,-0.027353,0.13332,-0.29052,0.11807,0.34724,-0.9138,0.069137,0.095302,0.076712,0.34032,0.18079,0.14633,0.030543,-0.07173,-0.23855,-0.053771,-0.12011,0.081683,-0.20427,-0.45559,-0.20898,-0.0060465,-0.17179,-0.28125,1.1545,0.34525,0.1617,-0.078268,0.53691,0.29558,-1.0006,-0.084523,-0.2636,-0.17512,-0.23652,-0.087659,-0.16857,-0.10123,0.40626,-0.069513,0.12782,-0.039315,0.29034,0.0090551,0.26861,0.36679,0.22176,-0.44097,-0.43722,0.14086,0.27063,0.0097521,2.8055,1.7517,1.4804,0.036104,-0.31722,0.76788,0.74513,-0.15431,-0.1309,0.40219,-0.47092,-0.081112,0.25728,-0.25032,0.55088,0.32818,0.25163,-0.011168,-0.10248,-0.15424,0.046331,0.06412,0.0007225,-0.236,-0.036471,0.15093,0.026329,-0.08945,-0.0665,0.22053,-0.10652,-0.46993,-1.2729,0.15831,-0.52023,-0.26129,0.6186,-0.6733,-0.30015,0.95091,-0.24167,-0.44712,0.12855,-0.036527,-0.02579,-0.13861,0.070969,0.22495,0.23397,-0.14766,-0.21103,-0.0090381,-0.16633,-0.38315,-0.2832,0.066086,0.025973,-0.18892,-0.12719,-0.2541
0.16018,0.39009,0.42862,0.27583,0.097324,0.073088,0.14884,0.11091,0.081811,0.090101,0.061773,0.05363,0.06278,0.05751,-0.037231,-0.12852,-0.18681,-0.26703,-0.29761,-0.26976,-0.21184,-0.18576,-0.1523,-0.065595,0.028131,0.098122,0.11388,0.099341,0.11778,0.25213,0.37379,0.37776,0.40831,0.31857,0.26438,0.31249,0.30282,0.24017,0.15803,0.13042,0.11783,0.13894,0.17897,0.17309,0.15193,0.13694,0.016109,-0.10344,-0.064005,-0.099693,-0.18851,-0.2653,-0.2217,-0.12587,-0.11158,-0.15708,-0.10156,-0.047623,-0.074814,-0.075984,-0.083759,-0.085964,-0.063905,-0.0316,-0.056755,-0.12158,-0.1084,-0.010405,0.0588,0.0071453,0.016336,0.053294,0.058308,0.022756,-0.0099493,0.0034179,0.021625,0.011841,-0.048107,-0.11819,-0.14712,-0.087233,0.026717,0.084037,0.084376,0.063588,0.037375,0.014958,-0.095699,-0.1585,-0.12833,-0.12867,-0.14719,-0.16241,-0.16501,-0.12107,0.032029,0.28023,0.58028,0.71887,-0.098039,-0.35044,-0.35557,-0.38005,-0.28553,-0.15133,-0.25292,-0.29202,-0.18214,-0.051608,-0.012924,0.060036,0.13152,0.14202,0.067445,-0.074349,-0.20361,-0.27855,-0.32083,-0.31482,-0.25321,-0.033717,0.14706,0.1721,0.15541,0.13283,0.14209,0.16359,0.16714,0.091706,-0.10216,-0.049478,-0.041831,-0.13539,-0.25205,-0.34637,-0.34141,-0.2907,-0.21791,-0.11215,0.02392,0.12369,0.172,0.22688,0.28536,0.30401,0.35007,0.42793,0.47166,0.40511,0.17598,-0.21528,-0.56996,-0.74364,-0.7446,-0.66546,-0.51928,-0.35275,-0.19758,-0.038629,0.12325,0.25808,0.33063,0.42254,0.53679,0.51042,0.37756,0.25325,0.050473,-0.073737,-0.058484,-0.043917,-0.032633,-0.069707,-0.098624,-0.065437,-0.081003,-0.099278,-0.071018,-0.044198,-0.038095,-0.043954,-0.049302,-0.077,-0.10866,-0.11784,-0.1046,-0.063991,0.083962,0.23789,0.28966,0.22727,0.11996,0.051474,0.022624,0.038808,0.20764,0.35473,0.47438,0.57717,0.1776,0.61858,0.011377,0.27695,0.12254,0.1279,-0.23097,0.076002,0.050877,0.0069397,0.030417,0.33686,-0.040863,-0.45537,-0.21499,-0.14975,0.26102,0.20018,0.13965,0.064689,0.10119,0.17853,0.13962,-0.17315,0.16904,-0.16154,-0.36203,0.28967,0.098385,-0.22306,0.6791,-2.5009,-0.1453,-0.68878,-1.7197,-0.2421,0.3216,0.10381,0.20669,-0.58638,-0.48286,0.19853,-0.61844,0.13022,0.17393,0.33955,-0.023888,0.31602,-0.61324,0.002269,0.24126,-0.10219,0.1636,0.010465,0.30712,0.013375,0.3014,-0.09591,-0.15312,-0.21934,2.3739,-1.2295,-1.6634,-0.4313,-0.91358,-0.33127,0.019345,0.45093,0.55673,0.80646,0.060869,-0.043817,-0.048175,-0.27692,0.28132,0.35194,0.26261,0.34306,-0.099422,-0.21431,0.069796,-0.24242,-0.0044023,-0.071364,-0.19956,-0.045793,0.085038,0.14865,0.18752,-0.098049,-0.32028,-1.0409,0.13764,0.13199,-0.0047403,-0.21701,0.35059,0.31874,-1.0734,-0.4033,-0.31394,-0.060309,-0.56976,-0.077984,0.59725,0.4917,0.42496,-0.23415,-0.13675,0.0087041,-0.14255,0.48057,0.032976,0.0056629,0.086093,-0.1461,-0.22806,-0.049676,-0.035653,0.074982,2.4097,2.6923,0.63669,0.23731,-0.086762,0.42501,0.34173,-0.28514,-0.23011,-0.26196,-0.2641,0.2318,0.47378,0.23363,0.13989,0.24127,-0.090237,-0.23292,0.34933,0.2471,-0.17901,-0.084846,0.034019,0.16296,-0.059825,-0.30047,0.18698,-0.12761,0.22314,-0.071154,-0.33317,-1.223,-0.15138,0.064027,-0.098684,-0.29671,0.30902,-0.29386,-0.36893,1.185,-0.49469,-0.27261,0.018651,-0.39487,0.14566,0.24956,-0.34524,-0.14576,-0.282,-0.068983,0.2607,-0.37197,0.26519,-0.10115,-0.30808,0.099751,0.10807,0.051155,0.13345,-0.04729
0.2719,0.33494,0.30614,0.21653,0.11915,0.078014,0.046492,0.045296,0.07573,0.06871,0.05006,0.05667,0.077075,0.081612,0.047614,-0.025103,-0.1111,-0.17049,-0.18124,-0.15302,-0.21028,-0.27829,-0.23409,-0.15104,-0.089836,-0.051696,-0.054408,-0.016545,0.22357,0.44941,0.42663,0.35658,0.4082,0.264,0.13327,0.18537,0.17269,0.10431,0.19068,0.27446,0.24198,0.22082,0.20671,0.22448,0.22309,0.20672,0.12051,0.030135,0.066967,0.032852,-0.052911,-0.18464,-0.2169,-0.12224,-0.11055,-0.1575,-0.15358,-0.1406,-0.16748,-0.16949,-0.15257,-0.063685,0.015669,0.0028916,-0.046087,-0.07972,-0.086024,-0.086976,-0.017354,0.026779,0.049357,-0.19347,-0.4662,-0.52041,-0.36519,-0.11128,0.17111,0.32817,0.26491,0.13275,0.030655,-0.0003894,0.019462,0.046839,0.028292,-0.0054186,-0.010261,-0.0028766,0.006204,-0.07673,-0.11979,-0.062803,-0.051198,-0.056228,-0.09374,-0.12416,-0.068942,0.093317,0.50416,0.788,0.70659,-0.17225,-0.36067,-0.32359,-0.32166,-0.35013,-0.40109,-0.28727,-0.058717,0.023976,0.084174,0.15032,0.19982,0.20178,0.13041,0.015613,-0.076338,-0.11918,-0.12128,-0.10058,-0.029281,0.025588,0.073868,0.12083,0.11729,0.05562,-0.0086458,-0.011177,-0.00037773,-0.1094,-0.26774,-0.11547,-0.0038645,-0.084553,-0.26611,-0.39864,-0.38644,-0.31878,-0.16732,-0.067345,-0.078356,-0.057624,0.025582,0.15909,0.32989,0.43985,0.4379,0.41358,0.44064,0.37567,0.16205,-0.19643,-0.52993,-0.69648,-0.68351,-0.59751,-0.47128,-0.32498,-0.1991,-0.080064,0.050934,0.17414,0.31389,0.47106,0.54783,0.46106,0.18867,0.0034152,0.058656,0.076284,0.096745,-0.064403,-0.13388,-0.10153,-0.15159,-0.17746,-0.1617,-0.14943,-0.15346,-0.034176,0.107,0.088999,0.033063,-0.019741,0.0077302,0.078577,0.10909,0.11219,0.095118,0.16934,0.29299,0.34068,0.27503,0.15327,0.12731,0.15173,0.19473,0.28526,0.4448,0.5564,0.031993,0.63277,-0.003892,0.18749,-0.28876,0.093471,0.0014949,-0.34936,-0.30909,0.061362,0.040179,-0.12202,0.052346,0.17983,-0.45264,-0.11676,0.038731,-0.042955,0.041128,-0.60371,-0.05027,-0.11439,0.10746,0.14694,-0.049261,-0.3254,-0.1918,0.3836,-0.015449,-0.23586,0.89923,-2.4912,-0.082309,-0.59746,-1.3799,-0.48639,0.8334,0.58645,0.49197,-0.27793,-0.1293,0.24707,-0.58108,-0.042045,0.27192,-0.17311,0.30483,-0.33373,-0.64465,-0.23548,-0.02108,-0.058057,0.15804,-0.20635,0.12118,0.422,-0.020794,0.38331,0.00052091,-0.49519,2.6235,-1.2468,-1.2406,-0.51446,-0.23792,0.98136,-0.56173,0.45219,0.80301,-0.070211,-0.09276,-0.13961,0.25234,0.15387,-0.18646,0.47849,0.090342,0.25313,0.083955,-0.019371,-0.25219,0.23425,-0.49757,0.025281,-0.063858,-0.21728,0.162,-0.2095,-0.017472,-0.16617,-0.099006,-1.3407,0.25486,0.19953,0.056531,0.22828,0.62491,0.10145,-0.64267,-0.027273,-0.020839,0.10107,-0.1198,0.18886,0.048064,0.70611,0.28662,0.029704,-0.66106,0.25559,0.030047,-0.046765,-0.24841,-0.10122,0.50767,-0.4559,-0.035745,-0.19614,0.039313,0.012955,2.6977,2.3253,0.64043,0.13025,0.21704,0.43785,0.60645,0.39999,0.12756,0.42972,-0.3062,-0.10591,0.049837,0.23239,-0.19992,-0.086556,0.20365,0.066196,-0.098961,-0.090203,-0.29389,-0.17418,-0.2985,0.33243,-0.11476,0.039383,-0.069791,-0.33242,-0.14372,-0.12947,-0.39606,-1.4009,-0.3082,-0.17521,0.11062,-0.50298,0.35086,-0.093482,-0.041048,0.80293,-0.37037,-0.053393,-0.073712,-0.36852,-0.097795,-0.15898,-0.017287,0.11112,0.087309,0.27666,0.32949,0.05759,0.025777,-0.19648,0.11548,0.14317,-0.11244,0.23325,-0.15031,0.35604
-0.04383,-0.10764,0.29837,0.065194,0.097621,0.17514,-0.053979,-0.029991,0.11384,0.089544,0.053217,0.074112,0.11935,0.12028,0.13961,0.13502,0.049307,-0.085064,-0.17428,-0.17911,-0.14593,-0.14786,-0.20289,-0.2794,-0.3502,-0.35449,-0.23314,-0.065145,-0.0089413,-0.086237,-0.093561,0.01846,0.21496,0.24655,0.19672,0.099606,-0.066746,-0.16039,-0.00024899,0.27837,0.31808,0.21907,0.21978,0.25637,0.26684,0.13031,0.013135,0.083897,0.10959,-0.0051985,-0.16132,-0.19012,-0.022183,0.16393,0.18978,0.11515,-0.012036,-0.049906,-0.0091385,0.00066069,0.0018261,0.015209,0.1625,0.26737,0.23474,0.11732,0.03705,0.042433,-0.017115,-0.023219,-0.21132,-0.34041,-0.31539,-0.25654,-0.19162,-0.14074,-0.1335,-0.12965,-0.12984,-0.15498,-0.13333,-0.027604,0.097398,0.15949,0.15672,0.11376,0.07834,0.084914,0.085482,0.093253,0.10629,0.015173,0.017588,0.1441,0.12131,-0.10842,-0.83542,-0.72297,0.52781,0.8467,1.3375,0.44121,-0.4178,-0.36838,-0.37103,-0.4198,-0.41245,-0.25963,-0.084971,-0.10518,-0.10083,-0.043714,0.0072544,0.024906,0.069009,0.054732,0.063234,0.030472,-0.052769,-0.062988,-0.030343,-0.015789,-0.054445,-0.14347,-0.22156,-0.22419,-0.14252,-0.13313,-0.18739,-0.16041,-0.056745,0.26428,0.31782,0.11529,-0.0089779,0.031106,0.16035,0.26167,0.21408,-0.07499,-0.11836,0.19354,0.17595,0.095002,0.24183,0.35165,0.53318,0.66396,0.59736,0.40987,0.22677,-0.0094381,-0.28637,-0.53843,-0.64353,-0.49016,-0.17703,-0.020973,-0.098011,-0.16278,-0.13947,-0.029163,0.27903,0.53812,0.58964,0.64766,0.66364,0.40888,0.034295,0.011362,-0.066419,-0.068267,-0.051546,-0.058044,-0.058986,-0.038528,-0.045573,-0.05116,-0.027835,-0.011527,-0.02974,-0.11337,-0.15686,-0.16768,-0.20725,-0.19796,-0.077009,0.031192,0.039055,0.090309,0.10254,0.30483,0.48382,0.4619,0.34445,0.31504,-1.055,-1.2106,0.42838,0.56006,0.87493,-0.15602,-0.89204,1.7219,-0.51191,0.5815,0.77649,-0.42868,0.4834,-0.0096258,0.44913,-0.17278,-0.30861,-0.56643,0.18974,-0.76865,-0.021274,-0.035568,-0.3062,-0.23791,0.024872,-0.27181,0.28926,0.18007,-0.0075381,-0.013334,-0.39322,0.22005,-0.14316,-0.65369,-0.28904,-1.156,-0.41024,0.17816,0.032438,0.31432,0.16128,0.89472,-0.75927,0.24654,-0.36919,0.22902,0.18616,-0.18233,0.4264,0.26055,0.16823,-0.33768,-0.097515,0.34246,-0.025117,-0.40596,0.18391,-0.24652,-0.097565,-0.15409,0.025655,0.14655,0.21726,-0.29711,0.77522,-0.26542,-2.1191,-2.1016,0.32275,0.26323,-1.1309,0.4022,0.037072,-0.35359,0.21139,0.065253,-0.13717,0.3133,0.47972,-0.031046,-0.10326,-0.079115,-0.11643,0.11066,0.030998,-0.33753,-0.054963,-0.067644,0.08896,-0.28122,-0.46204,-0.3171,-0.25316,-0.38631,-1.3971,-0.73705,0.042683,0.62973,1.9185,1.0503,-0.4429,-0.40125,-0.27008,-0.4498,-0.6615,-0.12977,-0.2737,-0.07929,0.36149,0.96243,-0.13228,0.077182,-0.48702,-0.11921,-0.052607,0.12689,-0.15388,0.02579,0.21328,0.18903,0.24411,0.2287,-0.21206,-0.22993,1.1274,1.2717,0.24293,1.899,0.85006,0.58232,-0.5025,0.18301,0.035604,0.67161,0.40703,0.28655,0.16429,0.63167,-0.27309,0.076965,0.37064,-0.27206,0.40759,-0.2866,-0.11694,0.32726,-0.49648,-0.20417,0.066051,-0.096053,-0.40835,-0.11149,-0.0016122,0.029521,-1.859,-0.84633,-0.10447,-1.323,-0.97796,-1.1719,-0.24997,-0.63464,0.22421,-0.18267,0.19072,0.16934,-0.78258,-0.54699,-0.3022,0.46396,-0.469,-0.4081,-0.016801,0.24547,0.38759,-0.24292,-0.16321,0.33283,-0.21273,0.23311,0.038169,-0.066348,0.096639,-0.12954
-0.11344,-0.1948,0.14264,-0.055035,0.039203,0.1817,0.12291,0.014921,0.079648,0.19949,0.18066,0.15811,0.14334,0.09462,0.094748,0.14355,0.14194,0.090839,-0.051974,-0.14677,-0.12333,-0.1174,-0.17635,-0.24575,-0.31982,-0.31967,-0.1523,0.070982,0.16795,0.12238,0.081922,0.096301,0.15643,0.17761,0.2167,0.082599,-0.10074,-0.15059,-0.13812,-0.071646,-0.048254,-0.060131,0.088049,0.20886,0.15963,-0.01088,-0.24383,-0.17579,-0.064636,-0.0094146,0.085144,0.17477,0.23006,0.30483,0.28195,0.029333,-0.1907,-0.16215,-0.099107,-0.044802,-0.066661,-0.12809,-0.14527,-0.089364,0.16608,0.23992,0.12322,0.011621,-0.11573,-0.086249,-0.12163,-0.12161,-0.17829,-0.21834,-0.24221,-0.24121,-0.18629,-0.1519,-0.1595,-0.17272,-0.097374,0.098882,0.2624,0.30485,0.26798,0.1869,0.14453,0.11586,0.10459,0.10825,0.12326,0.14452,0.099926,0.15811,0.23707,0.11821,0.00056605,-0.87004,-0.64467,0.92197,1.4108,0.49447,-0.38366,-0.31159,-0.26095,-0.23499,-0.28086,-0.26957,-0.14454,-0.018402,-0.052552,-0.026486,-0.01384,0.084168,0.19787,0.21736,0.19221,0.14593,0.11587,0.11243,0.13597,0.13887,0.078132,-0.069729,-0.21398,-0.21843,-0.14121,-0.083074,-0.05563,-0.052869,-0.10689,-0.011385,-0.011852,-0.17321,-0.15742,0.021546,0.14537,0.19474,0.21352,0.11105,-0.018171,-0.0555,-0.21241,-0.052598,0.30938,0.1782,-0.090052,0.007867,0.13942,0.20648,0.14219,-0.053405,-0.17389,-0.25781,-0.21706,-0.044935,0.078501,0.11519,0.073985,-0.062367,-0.1961,-0.25245,-0.24541,-0.16419,0.11026,0.43789,0.57888,0.34445,0.062931,0.04453,-0.01175,0.023557,-0.0030629,-0.022489,0.0034195,0.041263,0.078745,-0.00045256,-0.081455,-0.070982,-0.11129,-0.22636,-0.19286,-0.081198,-0.10618,-0.068955,-0.04939,-0.010247,0.020679,0.021952,0.067663,0.071704,0.25358,0.39416,0.34392,0.22396,0.099416,-1.015,-0.63718,0.66371,0.15137,-1.0424,-1.3176,0.88661,-0.72624,0.31695,1.4838,-0.7781,-0.82738,0.5017,0.69349,0.30609,0.2002,-0.18203,-0.51259,-0.43236,0.42195,0.52309,-0.22473,-0.36326,-0.15639,0.082312,0.49287,0.23468,0.037974,-0.40553,-0.2625,-0.53386,-0.28653,-0.00034202,-0.19001,-0.20356,0.072987,-0.32577,-0.10906,0.27782,-0.1496,0.7502,-0.3672,0.19513,0.23811,-0.16423,0.31653,0.072236,0.10114,-0.10331,0.015484,-0.0020727,-0.39249,-0.034052,0.40706,-0.57303,0.19578,-0.22923,0.18846,0.020748,-0.046331,0.14664,-0.0804,-0.1533,0.49291,0.51279,-1.4193,-2.1975,-0.38121,-0.27842,-0.86869,-0.3602,0.1404,-0.36292,-0.57021,0.088745,-0.27543,-0.23169,0.19637,0.13048,-0.026133,-0.076406,-0.12519,-0.0010182,-0.1226,-0.36355,0.17494,0.40144,0.65552,-0.23228,-0.22226,-0.25668,0.025136,-0.14319,-0.60286,0.46686,-0.36747,0.45511,1.9647,1.1157,-0.32456,0.26295,-0.19019,-1.2134,-0.87275,-0.18115,0.39029,-0.11778,0.35346,0.13295,-0.46374,-0.044679,-0.024904,-0.60879,-0.3744,0.060026,0.29458,0.20728,0.30877,-0.10708,0.072479,-0.011798,0.17451,0.34383,1.055,0.39764,-0.038247,1.9448,-0.15684,0.31721,-0.77046,0.2167,0.30305,0.18221,0.17572,0.51252,-0.2493,0.25263,0.24105,0.34773,0.21511,0.11497,0.6394,-0.27135,-0.52391,-0.10639,0.23261,0.16528,0.082548,0.30596,0.029748,-0.12126,-0.096373,-0.40821,-1.0973,0.36046,0.053669,-1.7059,-0.56516,-1.3834,-0.026785,0.29454,0.31462,0.58779,0.87859,0.56524,-0.10068,0.62914,0.26198,-0.16204,-0.53993,0.060473,-0.064904,-0.34758,0.2792,-0.51953,0.67973,0.32968,0.16475,-0.32881,-0.17783,0.085232,0.067132,-0.12402
0.2022,0.010414,0.26297,0.049987,0.10468,0.12351,0.043829,0.098973,0.13611,0.086116,0.032349,-0.0029588,-0.019704,-0.011501,0.024217,0.049364,0.033615,-0.011982,-0.055593,-0.1282,-0.19742,-0.20557,-0.18311,-0.17036,-0.13498,-0.078526,-0.046571,-0.029378,-0.0535,-0.10753,-0.021561,0.079057,0.17,0.17382,0.1866,0.16135,0.086593,0.0051042,-0.04956,-0.072079,-0.078177,-0.090539,-0.045109,-0.0082225,-0.039955,-0.065072,-0.0046237,0.094174,0.13485,0.096462,0.0065907,-0.020277,0.099,0.23337,0.30547,0.24376,0.076056,-0.073821,-0.1397,-0.10669,-0.060158,-0.036332,-0.01379,0.01674,0.15643,0.12055,0.013775,0.044828,-0.10409,-0.032843,-0.045489,-0.08065,-0.073777,-0.06703,-0.052813,-0.076475,-0.0804,-0.038691,-0.024152,0.0064008,0.13813,0.23159,0.23306,0.21924,0.20833,0.15624,0.12966,0.10528,0.098184,0.10434,0.11787,0.13089,0.048969,0.036016,0.083337,0.03735,-0.05766,-0.52541,-0.52255,0.31563,1.49,0.536,-0.38916,-0.3442,-0.31806,-0.30681,-0.233,-0.14452,-0.163,-0.15068,-0.11715,-0.07388,-0.017771,0.069212,0.14837,0.16724,0.14452,0.10819,0.077421,0.072789,0.053536,0.037777,0.067601,0.05766,-0.0082808,-0.054022,-0.054744,-0.048478,-0.036237,-0.012416,-0.090304,0.078177,0.17513,-0.008239,-0.09308,-0.083664,-0.0038611,0.0015144,-0.02278,0.0044669,0.0013385,0.023482,0.030837,0.034309,0.062577,0.12959,0.2506,0.37407,0.42272,0.3586,0.19122,-0.041715,-0.087769,-0.11032,-0.24661,-0.18212,0.13421,0.21826,0.09259,0.096487,0.0087366,-0.026664,0.055891,0.14085,0.33234,0.60725,0.62068,0.17919,-0.18056,-0.072529,-0.06644,-0.062346,-0.041846,-0.025857,-0.080934,-0.11732,-0.079026,-0.10717,-0.14722,-0.15241,-0.19798,-0.27075,-0.18738,-0.046446,-0.080175,-0.056539,-0.044227,0.018855,0.077064,0.077363,0.099502,0.071623,0.23493,0.35443,0.30199,0.21916,0.19736,-1.7551,-1.2433,0.94684,1.2283,-0.91688,-0.80097,1.9216,-0.01493,1.1477,0.17991,0.17575,0.43806,0.32803,0.76607,0.073601,-0.53799,-0.31898,0.31764,0.0095454,-0.076544,0.39722,-0.39696,-0.072649,-0.3323,-0.070955,0.15471,0.19423,-0.30243,0.2569,-0.10303,0.32072,0.099949,-0.22865,-0.51246,-0.23201,0.40509,0.29936,0.010229,-0.18165,0.60618,0.61971,0.027737,-0.089199,0.17565,-0.29233,-0.028592,-0.12159,0.29747,0.031243,0.008054,-0.17615,-0.27516,-0.20309,-0.010734,-0.14229,0.13146,0.23647,0.00033739,0.016485,-0.080689,-0.011534,0.069878,-0.013626,0.32081,0.50244,-1.9335,-1.8152,0.090413,0.12754,-0.54157,-0.24481,0.41629,0.098112,0.073723,0.33902,0.222,0.17663,0.077626,-0.06882,0.077641,-0.12096,-0.24471,0.056277,0.024606,-0.14532,0.23036,0.35631,0.23699,-0.22109,-0.14976,-0.11324,-0.081424,-0.14952,-2.5557,-0.72846,-0.7864,1.187,0.18815,0.81629,-0.56689,0.063784,-0.10232,-0.52408,-0.68042,0.59331,-0.43911,-0.23661,-0.14826,0.24775,0.13858,0.22402,0.16314,-0.28273,-0.076524,0.23757,0.19036,-0.054596,0.18048,0.26329,-0.37619,0.11982,0.1059,-0.14436,0.87506,0.6165,-0.35218,2.0096,1.1613,0.056778,-0.2271,0.087278,-0.28729,-0.29398,-0.093555,0.21777,-0.12426,0.26963,0.026886,0.24478,0.20693,0.10745,0.26299,-0.082474,-0.33206,0.23989,-0.13024,0.035638,0.11152,0.10784,-0.22106,-0.16099,-0.34403,0.21643,-2.1493,-0.03994,0.58099,-1.7278,-0.83415,-0.50754,-0.26037,-0.50731,-0.046044,-0.038677,0.16767,0.39813,-0.15767,-0.60001,-0.47525,0.51542,-0.34094,-0.27354,-0.13285,-0.18652,-0.072809,-0.14511,0.17961,-0.019422,-0.12803,0.16475,-0.24314,-0.032181,0.012387,-0.40248
-1.0152,-0.13207,0.50727,-0.18781,-0.27225,-0.16497,0.035024,0.16603,0.14761,0.084513,0.069032,0.10423,0.11715,0.13967,0.13218,0.092043,0.12236,0.21972,0.24943,0.16176,0.069723,0.070515,0.081043,0.010169,-0.099592,-0.11389,-0.0056097,0.0553,0.030063,0.10608,0.24717,0.077328,-0.0046321,0.10939,0.19042,0.21144,0.11986,0.0015848,-0.054401,-0.071472,-0.073034,-0.0022641,0.0095792,-0.074252,-0.14227,-0.15336,0.015341,0.18573,0.24972,0.26852,0.2308,0.082735,0.001363,0.078688,0.060684,-0.016903,-0.069498,-0.074509,-0.069054,-0.029192,-0.022747,-0.036379,-0.021102,0.011507,0.020254,0.00033567,0.0067323,-0.014774,-0.016445,-0.012085,-0.08306,-0.11762,-0.21157,-0.28962,-0.27958,-0.22392,-0.14118,-0.19654,-0.31803,-0.41924,-0.49073,-0.39057,-0.080608,0.16054,0.17538,0.12404,0.14078,0.21721,0.22481,0.22203,0.2124,0.1486,0.12066,0.16462,0.21382,0.33302,0.45866,0.38547,-0.092575,-0.42102,1.1708,2.1744,1.9702,-0.30427,-0.2821,-0.34225,-0.28711,-0.16719,-0.19781,-0.17376,-0.060987,0.040371,0.083783,0.14565,0.12213,0.1432,0.20053,0.21697,0.22025,0.19647,0.12373,0.079036,0.063059,0.20327,0.28854,0.2488,0.28973,0.33204,0.27844,0.18922,-0.065008,-0.49543,-0.62819,-0.5736,-0.32051,-0.25903,-0.12042,-0.021055,0.039989,0.057807,0.061846,-0.061717,-0.2656,-0.38031,-0.39051,-0.27085,-0.13539,-0.045359,0.04963,0.08049,0.002392,-0.21637,-0.45461,-0.56622,-0.48427,-0.33223,-0.1708,-0.079631,-0.064845,-0.17738,-0.27928,-0.25964,-0.20785,-0.15058,-0.017765,0.058786,0.056113,0.050167,0.039704,0.022723,-0.017457,-0.0044303,-0.053218,-0.089947,-0.073597,-0.050941,-0.021383,-0.074682,-0.10704,-0.029652,0.040396,-0.043909,-0.16706,-0.22399,-0.2801,-0.27821,-0.13379,0.0014356,-0.032614,0.0087482,-0.028637,0.055234,0.12843,0.070398,0.23419,0.40385,0.37599,0.29967,0.076959,-0.17027,1.6185,-1.1186,-1.0687,1.9191,-0.098607,1.1986,0.27515,-0.17763,-0.24667,0.52025,0.66604,0.11844,-0.30443,0.0927,0.59269,-0.40631,-0.0046324,0.33927,0.1838,0.18185,0.14455,-0.26097,0.25417,-0.36326,-0.014634,-0.13732,-0.02783,-0.15814,-0.14255,0.041284,-0.70359,-0.2828,0.11936,0.4189,0.42368,-0.23676,-0.0046303,0.37799,0.33511,0.16485,0.11353,0.089705,-0.33451,0.054222,-0.19627,0.12739,-0.20485,0.2525,0.11154,0.094846,-0.021739,0.076518,-0.032033,0.13563,-0.1437,0.21977,-0.09067,-0.48337,0.27472,-0.18725,-0.13029,0.60288,-1.9804,-2.1883,0.32381,1.3708,-0.39474,0.0028345,0.19089,0.4258,0.21144,-0.59942,0.026933,-0.019733,-0.23186,0.017174,0.19929,0.21312,0.041256,0.19268,0.47592,-0.11039,0.029207,0.303,0.045734,-0.15347,0.083632,0.0297,0.012905,0.0014308,-2.9443,-0.96225,-0.7522,1.7386,0.40083,0.92098,-0.26524,0.62177,-0.03469,-0.22375,-0.046418,0.33088,-0.061053,-0.33605,0.078244,-0.16659,-0.58286,0.032742,-0.12713,0.14154,-0.12293,0.11075,0.05521,0.30891,-0.23518,-0.10377,0.013323,0.082046,-0.082195,-0.13104,0.46498,0.44115,-0.049239,1.8673,0.31519,-0.51467,-0.05442,0.66983,0.088764,0.31615,0.027947,0.32774,0.31861,0.10848,0.27805,0.11921,0.031757,-0.0023489,0.12551,0.10953,0.12346,0.038375,0.33074,0.034906,0.34501,0.0051224,-0.28209,-0.03418,0.079353,0.2124,-2.41,-0.22956,0.57284,-2.1761,-1.331,-0.46371,-0.3764,0.12675,-0.15729,0.49185,0.45259,0.37812,0.23337,0.23847,0.13798,0.18342,-0.11889,-0.66161,-0.20312,-0.077219,-0.38614,-0.21466,0.10399,0.078264,0.01168,0.057108,0.16966,-0.2343,0.14335,0.065572
0.60378,-0.41743,-0.61203,-0.41693,-0.42377,-0.38472,-0.094487,0.15198,0.14599,0.073665,0.0033243,0.027973,0.085099,0.080329,0.098395,0.099427,0.076028,0.06181,0.057966,0.063946,0.067064,0.04556,-0.014848,-0.071099,0.049134,0.33448,0.38906,0.21476,0.14724,0.083999,-0.009945,-0.27576,-0.22141,0.13632,0.14704,0.069538,-0.045057,-0.069138,-0.062603,-0.049924,0.034303,0.088393,0.053645,0.02218,-0.0097285,-0.02051,0.006692,0.056901,0.10759,0.10844,0.056351,0.052314,0.1416,0.20382,0.1632,0.045053,-0.054782,-0.029005,0.027621,0.017288,-0.053752,-0.10415,-0.05884,0.13599,0.27899,0.20651,0.041966,0.11987,0.11312,-0.12223,-0.12839,-0.23582,-0.32193,-0.38382,-0.39676,-0.34948,-0.28067,-0.24393,-0.24776,-0.25849,-0.22462,-0.12391,-0.043732,0.058618,0.16293,0.17047,0.13576,0.10841,0.077018,0.070891,0.085454,0.12365,0.14791,0.087426,0.031093,-0.0083645,-0.01881,0.096629,0.16464,0.37368,-1.5318,1.0715,2.0594,0.054043,-0.01611,-0.0095211,-0.098505,-0.18183,-0.22974,-0.20381,-0.15943,-0.093488,-0.039609,-0.014076,0.044344,0.044036,0.12789,0.20692,0.20694,0.22119,0.23292,0.21143,0.20706,0.17887,0.2259,0.26775,0.23985,0.09985,-0.066922,-0.030605,0.13708,-1.0654,-1.0051,-0.015008,-0.12993,-0.056074,0.022146,0.04594,0.037672,0.024739,-0.045807,-0.15411,-0.20467,-0.20759,-0.15593,-0.053322,0.053385,0.1446,0.21793,0.2307,0.12173,-0.1099,-0.35823,-0.47957,-0.40482,-0.17943,0.060043,0.12997,0.037223,-0.13771,-0.31534,-0.36358,-0.27916,-0.18322,-0.02325,0.39464,0.70355,0.62062,0.22665,0.0077329,-0.066663,-0.14768,-0.097629,-0.06412,-0.043698,-0.0231,0.013034,0.064079,0.10326,0.11693,0.090328,0.0047736,-0.14977,-0.18252,-0.13228,-0.18173,-0.16718,-0.15008,-0.048041,0.064605,0.10268,0.14478,0.10797,0.21636,0.29194,0.20904,0.13998,0.17618,-0.25835,-1.4103,0.1622,-0.70303,-1.9823,0.18684,-0.17913,0.63538,0.071556,-0.14563,-0.67722,0.4216,-0.31109,1.5187,0.41708,0.62585,0.16932,-1.0496,0.95971,0.13968,-0.87709,-0.34948,-0.16165,-0.25849,0.037113,-1.1998,-0.68884,1.3219,0.54333,-0.073661,0.17835,-0.2768,-0.40326,0.30231,-0.46273,0.307,0.94429,0.23255,-0.35624,-0.61664,-0.12425,-0.17024,-0.43992,-0.0024947,-0.39711,0.015353,-0.32914,0.44402,0.24465,-0.77571,0.4228,-0.087248,-0.44248,0.49584,-0.43229,0.66925,0.416,-0.42842,-0.029325,0.16479,-0.32453,-0.1257,2.3703,-0.44093,1.2304,-1.1154,-1.2941,1.437,-0.015781,-0.3915,-0.69627,1.2116,-0.54348,1.3345,0.84624,0.75856,0.94803,-0.59112,0.063861,0.39369,-0.42692,0.59407,-0.59727,-0.67599,-0.51036,-0.27271,0.50039,-0.39406,-0.78695,0.88954,0.025066,0.50091,-0.19782,1.6348,0.49935,1.0409,0.096229,0.16975,0.36018,0.77886,-1.0167,-0.25897,-0.019837,0.69518,0.048445,-0.52834,-0.99039,1.6882,-0.56656,0.75008,0.10386,-0.4596,0.35702,0.18314,0.47335,0.40206,0.35049,0.3243,-0.068547,-0.075392,-0.27428,0.028281,0.54914,0.038447,0.30775,2.517,-0.3681,-0.92142,-0.60139,-0.49075,0.021643,-0.41833,-0.098078,0.15591,0.61968,0.039758,0.036563,-0.49186,1.055,-0.068809,-0.567,0.34446,-0.17245,0.75331,0.43213,-0.070258,-0.25911,-0.2082,0.36652,0.28726,-0.11919,0.20886,0.079876,1.5301,-0.7544,0.28306,-0.63278,-0.029775,-0.10021,0.079261,-0.75701,1.0256,-0.59399,0.67331,-1.2622,1.0933,-1.0886,0.26321,-1.2649,0.1118,0.20155,-0.057467,0.25911,0.18792,-0.35066,0.092879,-0.4976,-0.44689,-0.39238,-0.29773,-0.07098,-0.72907
0.21636,0.098367,0.13984,0.0077526,0.024075,0.069343,0.12052,0.17561,0.15465,0.089945,0.026157,0.0038723,0.032497,0.064384,0.079264,0.066263,0.023175,-0.048513,-0.12158,-0.14611,-0.12467,-0.086863,-0.10692,-0.1357,-0.1232,-0.12305,-0.11051,-0.076738,0.020837,0.12086,0.23637,0.043574,0.11622,0.30448,0.22988,0.043447,-0.083007,-0.1448,-0.11437,-0.014308,0.041656,0.029801,0.017893,0.0068451,-0.067215,-0.13546,-0.097301,-0.03071,0.0023677,0.012376,-0.032467,-0.065055,0.0038246,0.19807,0.30973,0.15219,-0.028588,-0.12155,-0.17323,-0.14942,-0.13536,-0.12362,-0.059909,-0.0094723,-0.01124,0.11151,0.19763,0.09435,-0.13267,-0.062964,0.027014,0.10273,0.11415,0.068815,0.034078,0.033375,0.032573,0.067913,0.1835,0.28901,0.24655,0.16381,0.13997,0.1443,0.10533,0.085485,-0.0049038,-0.059614,-0.021043,0.020773,0.052125,-0.11198,-0.26027,-0.2677,-0.17481,-0.062205,-0.26806,0.21233,0.65537,0.82292,1.059,0.049217,-0.38127,-0.35828,-0.33706,-0.34181,-0.26228,-0.14665,-0.17852,-0.14486,-0.064819,0.074655,0.20124,0.25013,0.24569,0.19924,0.1564,0.1066,0.042509,0.011801,0.028791,0.066794,0.22357,0.31036,0.26814,0.10029,-0.064643,-0.065132,-0.073533,-0.11593,-0.57169,-0.66492,-0.56181,-0.34257,0.00057163,0.14296,0.22589,0.28308,0.28463,0.19569,0.038869,-0.030042,0.014344,0.060817,0.11156,0.20701,0.34475,0.44691,0.4669,0.39489,0.25498,0.019572,-0.19012,-0.19871,-0.13417,0.070663,0.33469,0.27536,0.043482,0.00053889,-0.033405,0.015901,0.16667,0.32693,0.3531,0.55016,0.63572,0.31686,-0.1803,-0.097176,-0.099725,-0.1104,-0.092617,-0.075448,-0.052819,-0.08071,-0.15673,-0.18764,-0.19746,-0.2135,-0.22634,-0.098709,0.044402,-0.001745,0.02306,0.042069,0.12463,0.24455,0.31688,0.34937,0.33961,0.43845,0.47989,0.32371,-1.8984,-2.2256,-0.46764,0.11854,0.36099,0.46637,2.0111,-1.2971,-1.1662,0.79479,-1.1759,1.6349,0.47939,0.62958,-0.64377,0.60544,0.51102,-0.030519,-0.13969,0.29395,0.19901,-0.17881,-0.40388,0.34353,0.14288,-0.12871,0.18032,-0.080922,0.27286,0.11977,0.52993,0.064903,0.1846,-0.25269,-0.4639,-0.10454,-0.51819,-0.035923,-0.13358,-0.15221,0.17578,0.058093,0.11181,-0.48584,0.23852,-0.22065,0.25475,0.086213,0.012494,-0.1788,-0.056058,-0.16346,0.11114,0.10369,-0.18308,-0.40963,-0.0077762,-0.53754,0.17312,-0.077115,0.039217,0.19512,0.063301,-0.11669,0.15769,0.035604,0.041973,0.26072,-1.7759,-2.2723,-0.21649,-0.33313,0.60757,-0.79275,0.51964,0.55514,-0.32701,0.7263,-0.10052,-0.024393,-0.25603,-0.005622,-0.31205,-0.3026,0.034059,0.40492,0.18508,0.0092401,0.11202,0.34153,0.11763,0.0018534,0.058326,0.19278,0.18727,0.22457,-3.0326,-0.50698,-0.39326,1.8455,0.099988,0.58176,-0.70306,0.80989,-0.38582,-0.19017,-0.11268,0.22675,-0.15029,0.2415,-0.18831,-0.13965,-0.11962,0.51183,0.094723,0.20145,-0.17296,-0.030649,0.22521,0.29433,0.38438,0.06432,-0.20235,-0.098183,0.025122,-0.17669,0.57483,0.28178,0.20826,2.1181,0.45931,-0.57807,0.4447,-0.14555,-0.057071,-0.17978,-0.21333,-0.023238,-0.12587,0.075505,0.11634,0.29856,0.055613,0.073172,-0.17388,-0.43922,-0.1235,-0.064065,0.18838,-0.11555,0.28055,0.012994,0.010627,-0.03401,-0.10953,-0.16962,-2.3831,0.29644,0.1973,-2.0289,-1.4848,0.12691,-0.36339,-0.092473,-0.049105,0.84895,0.48501,0.42023,0.0039643,-0.33193,-0.21598,-0.068901,-0.21045,-0.23095,-0.01807,-0.16822,0.10194,-0.21092,-0.0056786,-0.12162,0.20186,-0.29599,-0.43421,-0.44698,-0.16277,0.019034
0.8187,0.62445,0.25365,0.094432,0.030219,0.045556,0.16202,0.22395,0.18145,0.11715,0.065867,0.038495,0.039864,0.0638,0.094462,0.13539,0.1611,0.13171,-0.047635,-0.15451,-0.12114,-0.12021,-0.17839,-0.27672,-0.31449,-0.21982,-0.18795,-0.22383,-0.083972,0.085089,-0.014966,0.14204,0.3249,0.30808,0.2235,0.20877,0.12007,0.015035,-0.030406,-0.0051058,0.0046341,-0.013602,-0.031719,-0.045847,-0.013965,-0.017649,-0.017201,0.061158,0.10401,0.063566,-0.038128,0.047223,0.21805,0.067851,-0.23766,-0.24148,-0.20751,-0.20731,-0.19898,-0.20404,-0.16021,-0.11155,-0.077411,-0.041029,-0.023527,0.11866,0.17988,0.02302,-0.11746,-0.058981,-0.06374,-0.081398,-0.086491,-0.0048743,0.089919,0.11788,0.13498,0.037542,-0.10592,-0.11952,-0.037028,0.039925,0.13186,0.21459,0.23308,0.2033,0.18236,0.1518,0.13735,0.14275,0.16189,0.18512,0.086832,0.02808,0.083912,0.10652,0.076151,-0.045702,-0.3978,-0.59964,-0.92134,-0.60154,-0.24335,-0.17665,-0.17224,-0.20429,-0.19264,-0.13987,-0.15492,-0.13206,-0.099738,-0.05568,0.044026,0.1408,0.17144,0.17417,0.16259,0.13045,0.13529,0.17716,0.21058,0.20689,0.14433,0.031129,-0.02695,0.021581,0.045653,0.041857,-0.074038,-0.25124,-0.10581,-0.21907,-0.33539,-0.27898,-0.15601,-0.15614,-0.053211,0.056803,0.10722,0.027922,-0.095075,-0.1328,-0.11554,-0.059477,0.011069,0.1411,0.3272,0.47183,0.53454,0.49583,0.34182,-0.018599,-0.40467,-0.26131,0.113,0.045739,-0.1573,-0.12856,-0.16024,-0.14834,-0.15848,-0.12308,0.015419,0.15701,0.21419,0.24426,0.37693,0.3102,-0.0049574,0.052066,0.060242,0.091969,-0.083029,-0.23094,-0.2108,-0.18044,-0.15273,-0.11581,-0.067531,-0.065353,-0.11062,-0.17968,-0.11522,-0.012241,-0.068741,-0.072112,-0.076089,-0.018969,0.04136,0.049343,0.08829,0.076415,0.24029,0.32495,0.27386,0.32554,0.32881,0.21401,-0.11385,-0.40222,-0.33812,-0.77068,-1.3108,-0.09536,-0.36572,0.23836,-0.031475,-0.65048,-0.777,0.55466,0.86637,0.045071,-0.24832,-0.48068,0.060686,-0.52483,0.20674,0.18277,0.06915,-0.045346,-0.1063,0.0084006,-0.030387,-0.23995,0.003058,-0.24678,0.30116,-0.17983,0.21871,-0.13501,2.3938,0.072713,-0.26308,0.45023,-0.8367,0.18669,-0.69001,0.30283,0.39144,0.42968,0.060917,-0.3258,-0.18074,0.16924,0.12351,-0.065021,-0.1718,0.34174,-0.089177,0.13537,-0.087587,-0.13205,-0.016958,-0.24612,-0.35784,0.32837,-0.10995,-0.11547,0.25889,-0.0092636,2.291,-0.31161,-0.18495,-0.76951,-1.7566,0.18868,-0.7053,-0.91341,0.24996,0.30557,0.032293,-0.25188,-0.13371,0.23815,0.10322,-0.65838,0.59723,-0.11868,0.40553,0.016588,-0.34077,-0.13823,-0.23556,-0.10334,0.19158,0.2575,0.25655,-0.06321,0.032038,-0.019098,0.0058358,0.42083,0.22695,0.664,0.21742,0.70316,0.82731,0.9022,0.33755,-0.11607,0.16872,0.34654,-0.028159,-0.34882,0.3471,0.44902,-0.336,0.21402,-0.20452,-0.1833,0.20106,-0.23246,0.12552,-0.18514,0.17761,-0.011085,0.12468,-0.32829,0.067208,-0.051676,3.2468,-0.59847,0.749,0.74685,0.19553,-0.4602,-0.29538,1.2641,0.098008,-0.13143,0.027324,0.58171,0.17069,0.26504,-0.28772,0.010618,-0.42316,0.24304,-0.041791,0.14904,-0.089989,-0.099956,-0.20183,0.022418,0.37267,0.14136,-0.05381,-0.18042,-0.24108,0.20339,-0.0094843,0.42762,-0.3245,-0.033221,-0.31193,-0.60842,-0.15711,0.6654,-0.28672,0.14531,-0.32573,0.5893,-0.12536,0.31267,0.046864,0.31814,-0.1538,-0.14658,-0.39191,-0.30473,0.20759,0.28569,-0.20811,-0.12588,0.096151,-0.017782,0.32896,0.052289,-0.36681,-0.16882
-0.049218,0.085004,0.50682,0.18435,0.0089975,0.051544,0.016772,0.063043,0.15686,0.13751,0.10756,0.098723,0.062414,0.062486,0.10197,0.099777,-0.043782,-0.22958,-0.28452,-0.23949,-0.16933,-0.12433,-0.12333,-0.15436,-0.23855,-0.32176,-0.30378,-0.22737,-0.13049,-0.066357,-0.10646,0.14589,0.42329,0.38505,0.15277,-0.047962,-0.1916,-0.18817,-0.047702,0.016818,-0.028949,-0.051809,-0.074077,-0.097938,0.017161,0.092647,0.097135,0.17288,0.21266,0.16961,0.061172,0.02146,0.094227,0.20665,0.21125,0.052109,-0.11841,-0.17504,-0.14188,-0.12311,-0.12674,-0.056142,0.035881,0.065611,0.060516,0.024129,-0.11304,-0.1095,-0.037391,0.043929,0.042402,0.011102,0.039218,0.084688,0.1032,0.05978,-0.047247,-0.10741,-0.15278,-0.14512,0.023313,0.24718,0.33496,0.32719,0.19335,0.089916,0.059082,0.043384,0.059219,-0.056448,-0.083729,0.026534,0.029876,-0.0028552,-0.1388,0.35694,0.19993,-0.44355,0.15668,0.34102,1.1789,0.10338,-0.48933,-0.4396,-0.35398,-0.31524,-0.35284,-0.20892,-0.0070934,-0.016073,0.031319,0.044579,0.12377,0.22661,0.24233,0.20087,0.083943,-0.05898,-0.10874,-0.06042,0.016593,0.065243,0.12641,0.072776,-0.071901,-0.1262,-0.10428,-0.053796,-0.010593,-0.11491,-0.11043,-0.22395,-0.36423,-0.2784,0.065659,0.19499,0.28125,0.3041,0.23046,0.056482,-0.052907,-0.05837,-0.0902,-0.080228,0.016701,0.2595,0.50614,0.59933,0.62041,0.57374,0.43151,0.23637,0.14196,0.053755,0.025428,0.20531,0.20255,0.022889,-0.0067612,-0.083609,-0.089006,0.0046018,0.15472,0.26727,0.27261,0.61541,0.90034,0.63309,-0.045409,-0.041726,-0.12588,-0.17063,-0.15061,-0.12659,-0.098376,-0.071734,-0.15789,-0.22402,-0.19028,-0.19176,-0.12489,-0.081443,-0.18208,-0.25175,-0.15567,-0.010639,0.030839,0.11454,0.14486,0.34917,0.56064,0.60959,0.51553,0.36429,0.30044,-2.154,-2.3999,-0.15416,0.40809,0.55436,2.0367,-0.46099,-1.2053,-0.82799,-1.3221,1.133,-0.86615,0.3019,0.75377,0.89218,1.1529,0.33025,-0.31257,-0.022908,0.56709,-0.38797,-0.17864,0.83326,-0.0043365,0.022028,0.12285,-0.01004,-0.049084,-0.29464,-0.60927,-0.021432,-0.082708,0.25767,0.0053464,0.3983,-0.8309,-0.092161,-0.15144,0.10873,0.57728,-0.03411,-0.12962,0.30714,0.064454,0.032758,-0.10116,-0.20659,-0.13203,0.020212,0.035333,0.02294,-0.11592,0.03777,0.25904,0.10737,-0.20652,-0.13219,-0.056082,0.22827,-0.2621,-0.17939,0.0049147,-0.11428,0.0075917,-0.19361,-0.13383,0.47979,-1.8939,-2.774,0.15336,0.98509,-0.40966,-0.189,0.36759,0.42244,0.55901,-0.47431,0.2443,0.016686,-0.22425,-0.21354,0.025897,-0.22821,-0.023798,0.053309,-0.031642,-0.13962,0.13387,0.45025,0.40718,-0.14041,-0.061077,0.16772,0.20932,-0.057123,-3.0969,-0.77561,-0.33918,2.0714,0.34349,0.91715,-0.51111,0.40733,-0.23012,-0.3047,-0.1665,0.40805,-0.30558,-0.18786,0.038918,-0.2667,-0.99112,0.16017,0.24008,-0.4507,-0.13995,-0.12735,0.0072409,0.31279,0.068107,0.13861,0.16272,-0.18172,-0.23162,-0.083959,0.45022,0.53337,0.078549,2.5873,0.49344,-0.33561,-0.14105,0.14494,-0.045646,-0.19894,0.10685,0.53937,0.37334,0.13241,0.21777,-0.22342,0.11574,0.0042557,0.072386,0.088729,0.047171,0.20284,0.098069,0.046337,0.11264,0.043216,-0.18283,0.42346,-0.1289,-0.063686,-3.3259,-0.29797,0.25764,0.46834,-1.6665,-0.54002,-0.70306,-0.093937,0.61383,0.34826,-0.18352,0.74319,-0.27405,0.64493,0.3156,-0.37741,-0.35359,-0.17964,-0.39951,-0.65796,-0.059586,-0.22852,-0.032101,0.31278,0.17508,0.044786,-0.023552,-0.13511,-0.21907,0.15526
0.29198,0.30185,0.42451,0.16379,0.067816,0.068127,0.034126,0.073011,0.11519,0.085821,0.042747,0.0079082,0.0079767,0.037216,0.049032,0.054383,0.062706,0.041418,-0.029699,-0.093136,-0.11654,-0.098943,-0.057578,-0.095771,-0.25424,-0.36062,-0.25467,-0.092128,-0.023758,-0.040688,0.0017246,0.037539,0.13049,0.11585,0.12449,0.038215,-0.093876,-0.1439,-0.14659,-0.12151,-0.087428,-0.074297,-0.087166,-0.10174,-0.13146,-0.088347,0.00097473,0.074278,0.13404,0.11622,0.032926,0.039783,0.12456,0.1043,-0.027787,-0.20019,-0.3128,-0.26072,-0.10126,-0.010406,-0.0282,-0.035942,-0.0043965,0.046777,0.15524,0.086929,0.098779,0.11423,-0.11278,-0.032675,0.068288,0.17819,0.23812,0.22652,0.1853,0.18611,0.24159,0.20545,0.00077591,-0.015933,0.20742,0.25686,0.17586,0.17141,0.13023,0.11307,0.085031,0.073795,0.083564,0.098641,0.11184,-0.037446,-0.083714,-0.063222,-0.16499,-0.13251,-0.0055988,-0.11382,0.33875,0.55981,1.4557,-0.046374,-0.55458,-0.39927,-0.39484,-0.26555,-0.11192,-0.12633,-0.13926,-0.16465,-0.16381,-0.13509,-0.018301,0.10299,0.12842,0.12461,0.1564,0.16498,0.11007,0.054787,0.029783,0.045084,0.13619,0.21151,0.15541,0.083669,0.12861,0.070932,-0.053587,-0.099645,-0.19577,-0.10896,0.025174,-0.017152,-0.13663,-0.05244,0.04026,0.084537,0.093476,0.081505,0.015421,-0.038801,-0.010557,0.00010008,0.044503,0.075515,0.15087,0.28518,0.3883,0.39003,0.26066,0.073465,-0.074084,-0.13583,-0.070602,0.1046,0.27422,0.3373,0.23155,-0.0037786,-0.16573,-0.15024,-0.053532,0.087179,0.44416,0.75097,0.58787,0.052269,-0.24057,-0.11101,-0.096235,-0.10207,-0.077627,-0.056191,-0.035632,-0.16012,-0.26895,-0.25703,-0.21431,-0.193,-0.25363,-0.1433,0.029186,-0.02261,-0.013176,-0.013703,0.035071,0.087236,0.094548,0.1359,0.13323,0.42293,0.64774,0.54964,0.428,-1.6578,-2.0121,-0.0076888,0.34585,0.49519,1.4033,-1.1497,-0.68708,1.9607,0.27475,1.5442,-0.27552,-0.11403,-0.16764,0.52825,0.46426,0.23034,-0.58653,-0.28935,0.14993,-0.087433,0.01368,0.46234,-0.53311,0.10197,-0.024144,-0.22455,-0.06524,0.28392,-0.63195,0.21889,0.034968,-0.18253,0.010988,0.1106,-0.63529,-0.36812,0.69351,0.31244,0.21019,0.21375,-0.20061,-0.016917,0.13091,0.075992,-0.023829,-0.30938,-0.024765,0.082686,0.31842,0.018191,-0.20932,0.067448,-0.14005,-0.0010634,-0.080068,0.037386,0.075197,0.06389,-0.044357,0.06904,0.24054,-0.15615,0.040816,0.010288,0.14978,0.87964,-1.9011,-1.8993,-0.084975,0.8588,-0.47552,-0.58673,0.34993,0.61053,0.36912,0.055649,0.195,0.14348,0.0055993,-0.26241,0.3581,0.083408,-0.20752,0.037067,-0.18462,-0.29923,0.11738,0.34424,0.43458,-0.16922,0.0069238,-0.1204,0.17346,-0.0094059,-2.7084,-0.6141,-1.1846,1.4001,0.085085,0.86918,-0.35731,0.78558,-0.12438,-0.48755,-0.44733,0.51595,-0.24425,-0.29354,-0.088958,0.13688,-0.48586,0.060942,-0.0089518,-0.40116,-0.041041,0.40306,0.15679,-0.12132,0.053445,0.15593,-0.012563,-0.35964,0.028555,-0.1204,0.56025,0.42919,-0.78514,2.0794,0.41854,-0.51332,-0.23623,0.52762,-0.12815,-0.36034,-0.26129,0.36578,0.29761,0.30003,-0.010325,-0.099298,-0.040199,0.47356,0.089487,0.091799,-0.28695,0.27354,0.098676,0.23137,0.24166,0.084836,0.11215,0.16842,-0.23819,0.089964,-2.7591,-0.41377,1.0107,0.52843,-1.1519,-0.23089,-0.80391,-0.20071,-0.19689,-0.12095,-0.16504,0.90354,-0.0095985,0.35883,0.23055,-0.1273,-0.44112,0.082181,-0.33034,-0.3479,-0.12156,-0.016306,0.5762,0.35053,0.082542,0.32095,-0.055791,-0.11229,0.033619,-0.24206
0.067744,-0.14373,0.22115,0.14858,0.15054,0.2181,0.17315,0.16335,0.20154,0.17397,0.12968,0.10632,0.026974,-0.01628,0.026495,0.054747,0.035693,-0.061712,-0.17678,-0.21645,-0.20343,-0.18127,-0.15477,-0.091646,-0.045571,-0.12555,-0.25165,-0.24699,-0.081749,0.060904,0.03165,-0.038878,-0.021857,0.045989,-0.027811,-0.11427,-0.14143,-0.051528,0.031682,0.024638,0.037464,0.02737,0.0012929,-0.0059906,0.013661,0.032839,0.073183,0.12305,0.11417,0.041537,0.026649,0.048013,0.086858,0.078173,-0.099678,-0.26066,-0.2701,-0.20774,-0.14782,-0.078178,-0.10737,-0.1796,-0.2114,-0.10298,-0.02945,-0.12316,-0.093581,0.023405,0.079848,0.057863,0.048817,0.15033,0.22125,0.2429,0.2346,0.18643,0.097858,0.016261,0.0061984,0.089632,0.29468,0.43493,0.37927,0.25121,0.18179,0.093975,0.065158,0.053244,0.058468,0.070233,0.093249,0.11646,0.068417,0.10409,0.19149,0.11732,-0.22426,-0.23531,0.085543,-0.041447,1.5179,0.60336,-0.4251,-0.42238,-0.36291,-0.34154,-0.40795,-0.26614,-0.052458,-0.077944,-0.05714,-0.067838,-0.0028942,0.11468,0.18674,0.2051,0.17879,0.11004,0.017686,-0.037768,-0.034253,-0.0072845,0.023001,0.098363,0.20707,0.2253,0.1792,0.18815,0.10528,-0.078956,-0.20557,-0.19254,-0.23573,-0.19428,0.08952,0.15284,0.1876,0.091998,-0.053383,-0.078491,-0.15805,-0.21475,-0.16815,-0.054809,0.16711,0.38832,0.48353,0.45713,0.33869,0.19344,0.19169,0.29689,0.21594,0.15533,0.27586,0.4163,0.34208,0.15058,0.13217,-0.053936,-0.2619,-0.32103,-0.32038,-0.1145,0.34478,0.52836,0.33961,0.011222,-0.15413,-0.17773,-0.16442,-0.13773,-0.11663,-0.089555,-0.063399,-0.092136,-0.11932,-0.14742,-0.19039,-0.2054,-0.24762,-0.3217,-0.24485,-0.078936,-0.07258,-0.0067078,0.02214,0.079571,0.12529,0.12236,0.14756,0.12843,0.32019,0.46623,0.42883,0.33232,0.36506,-1.9581,-2.0765,0.49294,1.8976,-1.7786,-1.052,1.7378,-0.077591,1.3615,0.39529,0.11115,-0.88895,0.70772,1.0227,-0.17313,0.20706,-0.1061,-0.33964,-0.48116,-0.1746,0.36515,0.17287,0.38494,-0.20205,-0.16099,-0.31396,0.20188,-0.35333,0.35009,0.17222,0.10238,-0.24231,0.41792,-0.67188,0.2249,0.71173,0.6434,0.22915,0.22376,-0.37659,-0.076959,0.13376,0.19887,0.02433,-0.2584,-0.084616,-0.1735,-0.18988,0.35186,-0.48133,-0.040882,0.078603,0.13074,-0.16334,0.21472,0.090897,-0.0061,0.21656,0.0034072,-0.50053,-0.0018578,0.0085636,-0.078924,-0.36818,1.3167,-1.8591,-2.2068,0.3816,0.59505,-0.22245,-0.77966,0.26163,0.7775,0.32052,-0.40289,0.4139,-0.43615,0.26792,0.079645,-0.0085794,-0.082806,0.20921,0.012708,-0.42725,0.48595,0.13158,0.50053,0.52288,-0.049725,0.11579,-0.51486,0.14967,0.0073143,-1.9187,0.38007,-1.2442,0.47165,2.5504,0.7305,-0.56187,1.1662,-0.089212,-0.17412,-0.061347,-0.074549,0.27849,0.1634,0.54519,0.25125,-0.34903,-0.080726,0.3853,-0.16387,0.096687,-0.0097489,-0.49261,-0.32865,0.15807,0.061337,0.30423,0.17108,0.41658,0.17398,0.36107,-0.1281,-0.65279,1.8487,0.19186,-0.92519,-0.38785,0.64017,-0.0075108,-0.21487,-0.2118,0.16212,0.42808,0.056236,0.075082,0.085605,0.13941,-0.19954,-0.2043,-0.057442,-0.4149,0.25722,0.509,0.076982,-0.054215,0.51965,-0.14111,-0.16168,-0.2768,-0.067439,-2.4404,0.51307,1.1144,-2.0155,-1.1516,-0.29512,-0.15185,0.056885,-0.51061,-0.12139,0.29158,0.32039,0.40839,-0.24396,0.051136,0.77005,-0.56482,-0.36864,-0.31424,0.19867,-0.54281,0.40469,0.018392,-0.37481,0.062796,0.16686,-0.15397,-0.11253,0.054746,0.1029
0.40804,-0.17455,-0.69052,-0.48751,-0.097611,0.27764,0.23537,0.21541,0.1495,0.12193,0.18529,0.2789,0.2821,0.29233,0.25821,0.14405,0.10315,0.18521,0.23351,0.21323,0.1153,0.011676,-0.013382,-0.02576,-0.095193,-0.18542,-0.19197,0.024248,0.24228,0.23695,0.12673,-0.14654,0.020113,0.23909,0.20403,0.23352,0.16611,0.035476,-0.031579,-0.028652,-0.018649,0.015442,-0.020596,-0.069741,-0.078828,-0.084445,-0.064427,-0.020378,-0.01762,-0.019296,0.11124,0.098415,0.0754,0.15303,0.1572,0.067058,-0.033049,-0.0066253,0.018418,-0.081281,-0.19808,-0.21324,-0.1074,-0.0038389,0.044372,0.081601,0.098054,0.11386,0.019725,-0.097036,-0.15052,-0.26513,-0.29855,-0.32896,-0.29268,-0.26,-0.22362,-0.17507,-0.13753,-0.12982,-0.15406,-0.183,-0.17666,-0.13396,-0.022339,0.11181,0.16378,0.12713,0.037331,-0.0073777,0.015563,0.019217,0.074086,0.16121,0.21497,0.25493,0.2725,0.23821,-0.39823,-0.75025,2.3703,1.8555,0.13501,-0.17425,-0.34403,-0.25503,0.015318,-0.027156,0.016786,0.035707,0.10069,0.15049,0.093209,0.098058,0.027542,0.11521,0.23058,0.25075,0.26409,0.26548,0.23173,0.23102,0.31365,0.31142,0.22651,0.16184,0.13443,0.18963,0.23386,0.27234,0.14713,-0.5627,-0.54151,-0.34128,-0.3189,-0.39037,-0.26902,-0.10007,0.015587,0.036765,-0.0070303,-0.19755,-0.37775,-0.37634,-0.28748,-0.176,-0.068486,-0.056069,-0.32405,-0.35412,0.015862,-0.048385,-0.27529,-0.39775,-0.39732,-0.2448,-0.051945,-0.061086,-0.27619,-0.47229,-0.55344,-0.49055,-0.33289,-0.19284,-0.12101,-0.074823,-0.0072984,0.071246,0.037205,0.027366,0.04169,0.032,0.063868,0.075879,0.077439,0.047148,0.038271,0.075821,0.085677,0.068319,0.063881,0.074823,0.054694,-0.00082868,-0.14162,-0.32968,-0.44339,-0.46289,-0.39028,-0.18467,-0.005781,0.01439,0.065399,0.065862,0.024868,0.23345,0.36451,0.305,-0.19146,-0.69181,1.9778,-1.3862,-1.4332,1.2583,-0.54529,1.3106,0.35948,0.22991,0.029967,0.5834,1.1279,-0.3386,-0.43427,0.39146,0.42384,-0.20733,-0.018039,0.34228,0.42456,0.30723,-0.43574,-0.26887,0.17238,-0.19899,-0.56363,-0.15662,-0.28087,0.31224,0.030113,0.13443,-0.46224,0.12801,-0.047097,0.074023,0.20714,0.11013,-0.24495,0.005188,-0.20408,0.2548,0.10367,0.16263,0.090661,-0.10727,-0.034331,0.083158,0.042231,0.40299,-0.011473,0.0047014,0.66518,0.36629,-0.097562,-0.28983,-0.19751,0.27497,-0.28205,-0.019165,-0.11838,0.19332,-0.085594,0.79968,-1.3935,-2.357,0.057785,1.0647,-0.48389,-0.02716,0.32323,-0.042918,0.15275,-0.40259,0.17905,-0.2054,-0.02199,0.094088,-0.1715,0.57999,-0.0024008,-0.30068,0.043649,-0.23304,0.029014,0.21211,0.058476,0.044565,0.079509,0.071652,-0.35557,0.32369,-1.8049,0.18921,-0.62729,0.96255,2.507,0.93208,-0.4973,0.60776,-0.050038,0.029466,-0.041507,-0.22527,0.18289,0.33123,0.1586,0.057285,0.28096,-0.16371,0.36343,-0.22775,-0.40047,-0.16965,-0.27113,-0.064766,-0.12256,-0.30291,0.26476,-0.22297,0.17218,-0.11568,0.45425,0.24104,-0.0047271,1.806,-0.24588,-0.36369,-0.32738,0.3784,0.29764,0.58605,0.050234,0.33383,-0.050466,0.04662,0.35414,0.042054,0.25688,-0.11275,0.14992,0.44637,-0.34228,-0.16403,0.23577,-0.062022,-0.16482,0.12469,-0.13392,0.13496,-0.34709,-0.15403,-2.3544,0.33018,0.34458,-1.721,-1.493,-0.62626,-0.31979,-0.39096,-0.18589,-0.016623,0.39421,-0.056445,0.52353,-0.51661,-0.0797,0.43204,-0.34727,-0.30031,0.20727,0.29517,-0.42182,0.20269,0.36741,0.065412,-0.033719,-0.43043,0.56659,-0.28201,0.056367,0.054146
0.088959,0.36584,0.39396,0.047165,-0.2862,-0.12868,0.07108,0.13996,0.20767,0.1672,0.092022,0.026309,-0.0034621,0.022582,0.094979,0.13924,0.097907,-0.017637,-0.13558,-0.20707,-0.17954,-0.091652,-0.058406,-0.092496,-0.12456,-0.13952,-0.1691,-0.17944,-0.091234,0.10194,0.14482,0.09538,0.10466,0.11622,0.10677,-0.0033413,-0.043816,-0.084282,-0.10513,-0.023359,0.047799,0.03124,0.012754,-0.0066018,0.025729,0.023651,0.010452,0.070174,0.11025,0.08667,0.0067979,0.073388,0.18189,0.1915,0.19364,0.0028445,-0.19685,-0.17224,-0.11019,-0.091471,-0.11851,-0.11275,-0.028282,0.054647,0.016247,-0.072279,-0.091343,0.0090953,0.00068847,-0.043644,0.031851,0.042743,0.071824,0.11837,0.11455,0.085526,0.073451,0.05136,0.020235,0.032796,0.16737,0.27601,0.25645,0.20982,0.19289,0.13544,0.10891,0.072996,0.066463,0.09545,0.031643,-0.022406,-0.061038,-0.14428,-0.096921,-0.28152,-0.25338,0.12006,0.58659,0.81306,0.30377,-0.27246,-0.39048,-0.28201,-0.12907,-0.21584,-0.38038,-0.33687,-0.25193,-0.28629,-0.25166,-0.16009,-0.029959,0.13196,0.24199,0.24491,0.18234,0.084847,-0.014283,-0.021273,0.07429,0.16201,0.17874,0.17523,0.16781,0.13924,0.12372,0.13062,0.04963,-0.13512,-0.30472,-0.16115,-0.17369,-0.32807,-0.20523,-0.070968,-0.029759,0.014415,0.033384,0.011124,-0.032562,-0.037487,-0.03914,-0.040554,-0.0065516,0.12007,0.26571,0.35406,0.40749,0.40445,0.27678,0.072543,-0.017867,-0.010485,-0.0089297,0.02617,0.087942,0.13789,0.10977,-0.019519,-0.092443,-0.048946,0.026832,0.19477,0.40137,0.47214,0.38436,0.16741,-0.07971,-0.090123,-0.019425,-0.055386,-0.089737,-0.066315,-0.041105,-0.013234,0.012821,-0.065993,-0.14561,-0.148,-0.18781,-0.25759,-0.17576,-0.027323,-0.047798,0.0022,0.041061,0.12401,0.20784,0.21982,0.44924,0.57373,0.43801,0.27804,0.27464,-1.588,-1.8034,0.11334,0.36388,0.47035,1.4728,-1.5475,-0.56155,0.81771,-1.0849,1.2384,0.76576,0.51864,-0.64976,0.7472,0.68562,0.034478,-0.0015078,-0.047041,0.58629,-0.40744,0.15545,0.5844,0.28885,-0.021638,-0.15891,0.15393,0.5407,-0.033495,0.12739,-0.11496,0.52399,-0.003853,-0.107,-0.11635,-0.30616,-0.11199,0.30975,0.21231,-0.1891,0.02716,-0.033719,-0.26613,0.072605,-0.086633,-0.0028559,-0.20218,0.33902,-0.08156,-0.068404,-0.12713,-0.21902,0.29145,-0.053025,-0.14711,0.029027,-0.10414,-0.075404,-0.13983,0.014191,0.017947,0.056185,-0.14192,0.17501,0.11297,0.24492,0.41532,-1.7369,-1.6338,-0.27799,-0.094935,0.26586,-0.84721,-0.070878,0.66004,-0.19537,0.77888,0.033613,-0.23744,0.16735,-0.60606,0.094941,0.07824,0.14877,0.18809,-0.22567,-0.34014,0.3403,0.27708,0.3174,0.066883,0.25502,-0.20064,-0.22078,0.086081,-1.5829,-0.06205,-0.78507,0.61521,1.917,0.4085,-0.28527,1.0025,-0.42346,0.33565,0.097183,-0.057763,0.34694,0.20929,0.18078,0.055112,-0.13724,0.53728,0.11154,-0.57638,0.071976,0.092653,0.03509,-0.14458,0.31829,0.3215,-0.079093,0.24688,-0.22238,-0.021734,0.81146,0.45687,-0.3734,1.7537,0.36899,-0.6224,-0.19211,0.06025,-0.095859,-0.20499,0.0042126,0.30493,0.19071,0.20076,0.20113,0.1161,-0.14544,0.20695,0.044925,-0.24733,-0.33598,0.00068808,0.32254,0.07325,0.43052,-0.021775,-0.081153,-0.099869,-0.15581,0.13439,-1.9638,0.096293,0.67314,-1.5981,-1.1966,0.094671,-0.31573,-0.4174,-0.62715,0.33593,0.62165,0.31175,0.103,-0.20721,-0.070267,0.35463,-0.17315,-0.1375,-0.10843,-0.15765,-0.24512,0.1532,0.37336,-0.037508,0.022961,0.083269,0.23029,-0.14684,-0.13281,0.002547
0.33793,0.044042,0.24674,0.0053992,0.013517,0.054215,0.053944,0.11359,0.12337,0.084175,0.080782,0.11998,0.13272,0.16153,0.16777,0.1548,0.13002,0.044053,-0.069089,-0.10985,-0.08423,-0.10254,-0.16589,-0.20477,-0.19409,-0.13758,-0.11482,-0.14111,-0.097321,0.11514,0.31195,0.12303,0.1508,0.13067,0.12952,0.080495,-0.012229,-0.071129,-0.10297,-0.10787,-0.027606,0.022072,-0.022256,-0.061778,-0.050639,-0.01309,0.031046,0.071647,0.045221,-0.024181,-0.061513,-0.064541,0.00040677,0.046926,0.054864,0.0059876,-0.11374,-0.17752,-0.12667,-0.024982,-0.036813,-0.088524,-0.058384,-0.035728,-0.028001,0.092826,0.096219,0.008008,-0.14958,-0.025711,0.0915,0.15994,0.16895,0.13027,0.087045,0.072822,0.075834,0.062559,0.051388,0.13611,0.24204,0.24382,0.20461,0.20447,0.16015,0.13404,0.086373,0.060187,0.066028,0.078234,0.085614,-0.0052962,-0.059007,0.029414,0.078195,0.10548,0.061179,0.053022,-0.27157,-0.64147,1.7559,0.87359,-0.39749,-0.34789,-0.39726,-0.4355,-0.27752,-0.070465,-0.11858,-0.10759,0.0025393,0.10075,0.12831,0.18467,0.16823,0.22361,0.25723,0.17803,0.1008,0.080047,0.11281,0.16174,0.15923,0.16341,0.19318,0.19786,0.19681,0.19752,0.16279,0.064514,-0.4714,-0.6259,-0.24762,0.14852,-0.027974,-0.029625,0.015344,0.067488,0.10372,0.13109,0.056089,-0.11383,-0.2205,-0.24612,-0.1168,0.11267,0.27009,0.30603,0.20848,0.10871,0.1226,0.068476,-0.085762,-0.13272,-0.11674,-0.051783,0.12623,0.29363,0.31416,0.17789,0.024686,0.027401,0.13754,0.21892,0.20867,0.42321,0.62246,0.30518,-0.24566,-0.12495,-0.11218,-0.12273,-0.10894,-0.092769,-0.071257,-0.10254,-0.18478,-0.21341,-0.20256,-0.21759,-0.25119,-0.14276,-0.012095,-0.077388,-0.082632,-0.089337,-0.017503,0.073034,0.10994,0.16009,0.14243,0.19776,0.35286,0.41724,0.3635,0.3266,0.3655,-2.1517,-2.043,0.22381,1.958,-0.82789,-1.0335,2.0646,0.26505,1.6932,-0.28828,0.44349,-0.41179,0.6665,0.81196,0.2466,-0.61775,-0.05925,0.2435,0.41689,-0.21982,0.58341,-0.39333,0.074414,-0.015538,-0.071731,-0.022833,0.028742,-0.2568,0.32223,0.064132,-6.0308e-05,0.29555,0.44821,-0.52113,0.069098,0.29146,0.45729,0.28322,-0.18014,0.0082669,-0.20027,0.56949,-0.095857,0.28103,-0.14959,-0.078307,0.089555,0.033058,0.049778,-0.19096,-0.016648,-0.2005,-0.18676,0.061112,0.1563,0.1085,0.17504,-0.23782,0.08526,-0.14817,-0.031698,0.19846,-0.11701,-0.077674,0.81024,-1.6127,-2.1287,0.27506,0.65125,0.37434,-0.93655,0.47912,0.32502,0.24327,-0.010721,0.23841,-0.36434,-0.1721,0.24542,-0.093651,0.18581,0.079217,0.053019,-0.061339,0.00045604,0.020376,0.28369,0.13638,-0.19727,0.17119,0.18598,-0.18804,0.43053,-2.9307,-0.52376,-0.88039,1.595,0.56628,0.49864,-1.0223,1.1147,-0.29816,-0.50515,-0.48858,0.72986,-0.45101,-0.1703,0.10202,-0.36497,-0.25801,0.22128,0.30897,-0.25029,-0.11791,0.072821,-0.11959,-0.033542,0.41984,0.35176,-0.20735,-0.054554,-0.20693,0.038178,0.55824,0.2783,-0.18509,1.9333,0.23792,-1.0171,0.057232,0.45716,0.014166,-0.11321,-0.33031,0.31748,0.12479,0.29125,0.26362,0.22191,0.4048,0.20149,0.056274,0.036502,-0.069371,0.1568,0.24666,0.13564,0.012439,-0.084543,-0.26632,-0.01087,-0.214,0.10971,-3.2172,-0.24967,0.73223,0.68715,-1.4161,0.10438,-0.9291,-0.040943,0.24143,0.035853,-0.41099,0.83001,0.22437,0.34164,0.22697,-0.0080353,0.027981,0.014975,-0.37388,-0.21616,-0.27416,-0.068613,0.26829,0.042293,-0.0028846,0.46799,-0.22,-0.1627,0.12258,-0.35761
0.46341,0.48568,0.058621,-0.3422,-0.33937,-0.098658,0.088292,0.15038,0.17273,0.13192,0.087962,0.058591,0.045328,0.074757,0.15057,0.20789,0.18871,0.096034,-0.049581,-0.086071,-0.030996,-0.030574,-0.07645,-0.12485,-0.136,-0.11841,-0.15474,-0.22729,-0.25539,-0.23461,-0.05573,0.068198,0.15072,0.13951,0.1541,0.059334,-0.1279,-0.20188,-0.1443,-0.041557,0.0090391,0.049723,0.081077,0.11444,0.085999,0.011351,-0.0399,-0.1556,-0.095231,-0.014127,-0.027834,-0.027415,0.076915,0.20412,0.15117,-0.011042,-0.1437,-0.22546,-0.21553,-0.19848,-0.18787,-0.10422,-0.029484,0.10396,0.21888,0.23552,0.13388,0.14112,0.18028,0.0067529,0.040307,-0.15692,-0.32065,-0.24569,-0.090179,-0.031193,-0.045151,-0.10023,-0.17877,-0.22716,-0.16505,0.022554,0.19571,0.2419,0.21715,0.1403,0.052103,0.068297,0.13971,0.1521,0.16793,0.17765,0.1003,0.034107,0.11461,0.2152,-0.0008449,-0.36597,-0.24324,0.052231,-0.52038,-0.40133,-0.12,0.062595,0.035061,-0.14643,-0.34124,-0.26805,-0.095681,-0.090177,-0.060411,-0.0301,0.034568,0.14187,0.22719,0.24144,0.19468,0.1195,0.07561,0.049016,0.036436,0.033466,-0.017595,-0.08988,-0.12821,-0.13692,-0.15923,-0.17279,-0.15106,-0.072757,-0.090456,0.019753,0.11589,-0.044351,-0.13228,-0.0080763,0.14488,0.21294,0.19022,0.073146,-0.069272,-0.12666,-0.035552,0.18429,0.47985,0.58357,0.19567,-0.11343,-0.03803,0.088278,0.11752,0.18066,0.019468,-0.21035,-0.16154,0.068867,0.061684,-0.068965,-0.033214,-0.04317,-0.012285,-0.18396,-0.22067,0.11714,0.26704,0.24286,0.46506,0.55172,0.27909,0.025405,0.053568,-0.082845,-0.16157,-0.16411,-0.1799,-0.15896,-0.11764,-0.066199,-0.01492,0.012857,-0.027699,-0.052873,-0.090119,-0.18436,-0.22072,-0.19385,-0.098299,0.049206,0.13272,0.12145,0.12494,0.079403,0.11624,0.22356,0.29422,0.30388,0.17634,-0.12434,-0.045256,0.23341,-0.80165,-1.2746,-1.4348,-0.27404,-0.85753,-0.05933,0.84018,-0.19228,-0.42993,0.42141,0.71732,0.027222,-0.30679,-0.38582,0.23415,-0.60374,0.58806,0.47886,-0.43626,-0.18425,0.25182,-0.08308,-0.011114,0.026556,0.1975,-0.42708,0.65312,-0.22366,0.27686,0.082721,1.655,-0.39517,0.22191,-1.0342,-0.95477,0.38814,0.04505,0.41708,-0.14481,0.72654,-0.42579,0.020646,0.28597,0.14923,0.052126,0.29952,-0.11301,-0.12756,-0.29214,0.37978,-0.17418,0.015436,0.11796,-0.34877,-0.055336,0.14113,-0.30456,-0.1675,0.03613,-0.038709,2.2739,0.30734,0.19265,-1.5238,0.45246,0.53761,-0.51205,-0.12717,-0.18695,-0.22199,-0.49429,0.24529,-0.99652,0.28345,0.4753,0.30144,0.03723,-0.0968,-0.15808,0.043517,-0.21922,-0.096259,0.6493,0.32983,0.4014,-0.3664,0.27904,-0.7107,-0.028449,-0.039768,-0.13249,0.76623,-0.12369,0.63596,0.85795,0.97338,0.13566,0.04354,0.13683,-0.34445,-0.45108,-0.055216,-0.11656,0.30623,0.14674,0.3069,-0.76232,-0.24084,-0.08742,-0.47079,-0.48113,-0.043402,0.15612,0.096406,0.35951,0.57942,-0.045302,-0.16749,0.32401,0.2969,2.8223,-0.24641,0.29251,1.1259,0.13824,0.64692,-0.50781,0.0041023,-0.25012,-0.36296,0.18467,0.21582,-0.47573,0.64007,-0.37108,-0.3059,-0.010266,0.20055,0.58292,-0.15108,-0.071371,0.073952,0.28106,-0.39325,-0.03979,0.50626,-0.15478,0.088333,-0.2044,0.068025,0.18303,0.85284,-0.27379,-0.35875,-0.29543,-0.83542,-0.079938,-0.19907,0.0049133,-0.10538,0.53294,0.6438,-0.43828,0.049431,0.3138,-0.31062,-0.14058,0.061896,-0.39183,0.32338,0.30305,-0.2421,0.50887,0.20342,0.25366,-0.3391,0.040616,-0.35002,-0.53418,-0.12189
0.1057,-0.045677,0.42588,0.36968,0.19461,0.1919,0.053391,-0.01617,0.075204,0.064807,0.015357,0.038146,0.12159,0.14138,0.05924,-0.11444,-0.26248,-0.31995,-0.30504,-0.23598,-0.16941,-0.13094,-0.11949,-0.11836,-0.096574,-0.047891,-0.028856,-0.032143,-0.008963,0.018286,0.22027,0.082081,0.38951,0.47822,0.21813,0.11021,0.035413,0.0429,0.10007,0.13888,0.12763,0.094949,0.065796,0.047608,0.038005,-0.11251,-0.25527,-0.18459,-0.15251,-0.19826,-0.17019,-0.14375,-0.066716,0.11047,0.21522,0.19627,0.052792,-0.085865,-0.087667,-0.019902,0.031614,-0.038872,-0.10602,-0.067531,-0.041841,-0.033429,0.044584,0.071264,-0.01819,0.058775,0.069001,0.061976,0.066154,0.029686,-0.013188,-0.071341,-0.10629,-0.077307,-0.052447,-0.094453,-0.084395,0.09984,0.2755,0.28234,0.19701,0.087351,0.049325,0.04404,0.064047,0.1059,0.046424,-0.023009,-0.045086,-0.032072,-0.16752,-0.27567,0.046161,-0.037453,0.555,0.76098,1.4176,0.33591,-0.47595,-0.44365,-0.43849,-0.47813,-0.50672,-0.26535,0.051497,0.050397,0.18237,0.37064,0.45892,0.43163,0.27796,0.043771,-0.11381,-0.14468,-0.10453,-0.025297,0.046558,0.048927,0.016516,-0.014186,-0.033336,-0.010611,0.0035004,-0.0012155,-0.0021457,0.0021671,-0.60843,-0.79498,-0.49705,-0.13269,0.074795,0.12457,0.1768,0.17139,0.11228,0.01838,-0.035818,0.052229,0.23318,0.3708,0.3445,0.2581,0.28511,0.42931,0.48657,0.39656,0.33123,0.23553,0.013248,-0.23155,-0.41283,-0.43276,-0.17301,0.14502,0.27035,0.2341,0.08335,-0.035616,-0.026058,0.055896,0.12779,0.11389,0.8742,0.91565,-0.052856,-0.036051,-0.10455,-0.14359,-0.12925,-0.11195,-0.088164,-0.11152,-0.12544,-0.097783,-0.088996,-0.070977,-0.080348,-0.11024,-0.16446,-0.24151,-0.24808,-0.11452,0.032502,0.094517,0.20858,0.26553,0.50836,0.62455,0.51009,0.40367,0.59285,-1.6551,-2.2413,0.014531,0.41188,0.55468,1.7324,-0.30183,-1.3571,1.7162,-1.1102,1.5418,1.0256,0.12885,-0.56493,0.36751,0.30763,0.33983,-0.41409,-0.030457,0.50018,-0.15572,0.1608,0.32312,-0.052356,0.53111,0.30361,0.17789,0.10539,-0.22888,-0.032904,-0.012077,-0.20626,-0.19726,0.04979,-0.14993,-0.72151,-0.44058,-0.69715,0.18649,0.37728,-0.47339,0.14976,0.46935,0.58081,-0.40385,0.19471,0.038476,-0.35009,-0.18822,-0.019879,0.060734,0.082186,0.012626,0.20749,-0.21633,0.075429,-0.0057392,0.13429,0.16165,0.082742,-0.25101,-0.22364,-0.22854,-0.33141,-0.04235,0.010483,-0.27449,-2.1191,-2.7873,-0.33529,0.70937,-0.35538,-0.080099,0.51751,0.60956,0.18896,-0.25604,0.28009,-0.31704,0.039112,0.033158,-0.38286,0.23157,-0.1562,-0.184,-0.0055451,0.14897,0.46336,0.50537,0.62261,-0.23922,-0.37392,-0.042842,0.041193,0.0061406,-2.8725,-1.1291,0.22737,2.1384,-0.032881,0.81294,0.14204,0.62979,-0.34977,0.099021,0.13135,0.50899,-0.41638,-0.11007,-0.017443,0.038249,-0.17723,-0.15942,0.38298,-0.038612,-0.17997,0.085518,-0.023295,0.53932,-0.042673,-0.072934,0.13847,-0.10479,0.26483,0.1864,0.52765,1.0683,0.713,2.4742,0.62823,-0.27337,0.2819,0.27573,-0.1919,-0.062633,0.070654,0.5021,0.4874,-0.0029817,0.42039,0.08896,0.35401,-0.028156,0.22965,0.20399,-0.22943,0.10739,0.24335,-0.13574,-0.30813,-0.13363,0.064156,0.011974,-0.35576,0.053208,-2.3841,-0.44256,-0.2094,-2.0467,-1.7557,-0.56009,-0.2831,-0.32686,-0.53389,0.4445,-0.25542,0.17866,0.22732,-0.31884,-0.21614,0.5029,-0.34484,-0.66757,-0.14186,0.01525,-0.49364,-0.1882,0.37505,0.22619,-0.033078,-0.37114,-0.24058,-0.31415,0.067301,-0.12053
-0.66559,0.010367,0.37616,-0.19561,-0.2736,-0.22005,-0.035777,0.045918,0.069741,0.11115,0.088189,0.064918,0.051693,0.02046,0.070994,0.15827,0.15742,0.09188,0.037619,0.055166,0.092545,0.081223,0.023758,-0.042238,-0.10297,-0.1288,-0.059322,0.19649,0.36988,0.42292,0.46721,-0.3938,-0.5772,0.20675,0.22302,0.1583,0.03129,-0.010775,-0.060643,-0.12281,0.02116,0.13981,0.10855,0.075497,0.028069,0.090027,0.21327,0.30888,0.36697,0.32325,0.093058,-0.09567,-0.026924,-0.0086385,-0.041041,0.024067,0.10233,0.057295,-0.0053826,-0.0071054,0.024366,0.040771,0.065484,0.11318,0.13174,0.081453,0.053096,0.11791,0.15589,0.16847,0.15288,0.037099,-0.22471,-0.5989,-0.77952,-0.74313,-0.50242,-0.18842,-0.054691,-0.1463,-0.27321,-0.31596,-0.28105,-0.19906,-0.062105,0.094648,0.17655,0.13441,-0.0065835,-0.045147,0.010216,0.027691,0.08278,0.13927,0.19127,0.2423,0.22472,0.13886,-0.20015,-0.35423,-0.58169,2.0057,2.4832,-0.10118,-0.16137,-0.1842,-0.32438,-0.36562,-0.19815,-0.081764,-0.09915,-0.062206,-0.046579,0.10485,0.29202,0.33831,0.30658,0.25238,0.20392,0.20645,0.23995,0.22642,0.18357,0.11318,0.034405,-0.0044823,-0.001466,0.13684,0.2256,0.17631,0.084102,-1.1783,-1.0856,0.069258,-0.108,-0.18983,-0.21983,-0.20139,-0.17804,-0.089769,-0.10225,-0.16503,-0.2003,-0.21057,-0.20212,-0.2145,-0.13516,0.052761,0.14185,0.044843,-0.043363,-0.15168,-0.31268,-0.2639,-0.1827,-0.17708,-0.33524,-0.54587,-0.60162,-0.47091,-0.15039,0.12352,0.20169,0.21387,0.27688,0.36094,0.37739,0.37541,0.26251,0.18222,0.13406,0.063827,-0.0034235,0.057942,0.22626,0.24575,0.13114,-0.0013872,-0.032036,0.033671,0.11252,0.14416,0.11273,0.004398,-0.18307,-0.38742,-0.5217,-0.53897,-0.41464,-0.18926,-0.037008,0.0036209,0.062966,0.037138,0.2606,0.44631,0.38197,0.29959,-0.24652,-1.0237,1.659,0.18342,-1.6442,-1.7606,-1.5007,0.91615,-1.2298,0.7279,0.65017,0.41842,1.3709,0.2576,0.033831,0.46379,-0.17098,-0.50906,0.15993,0.14072,-0.6003,0.40182,0.3966,-0.55638,0.59693,-0.62799,-0.50211,-0.11206,-0.45066,0.045429,-0.33176,0.4926,-0.94914,-0.39742,-0.8915,0.18456,1.0005,-0.037399,-0.093577,-0.30497,0.17859,-0.092338,0.017059,0.1098,-0.44653,0.10422,0.15964,0.31138,0.55935,-0.73531,0.41096,0.36528,0.19058,0.69893,-0.65561,0.60128,0.14547,0.13283,0.032574,-0.044197,0.057368,-0.08447,0.10328,-0.1209,-1.698,-3.0916,0.20527,1.7106,-0.19773,0.0033794,1.0668,0.57904,1.0608,-0.92079,0.95211,0.61317,-0.23968,0.029023,-0.63549,0.43825,-0.2376,0.1358,-0.63567,-0.044613,-0.24892,-0.030423,-0.23238,0.41188,-0.0053065,0.016963,-0.097125,-0.16351,0.26701,2.2992,0.82893,0.95585,0.031754,-0.75006,-1.4195,0.37331,-1.1755,-0.66428,-1.1801,0.80118,0.3096,-1.2164,-1.0561,1.7798,-0.90313,0.12651,-1.6446,-0.21366,0.92617,-0.0022117,-0.099923,-0.3001,0.72382,0.35985,-0.17377,-0.20075,-0.68249,0.28135,0.24086,0.71318,0.64288,2.5948,0.030238,-0.62488,0.2483,0.094548,-0.11268,0.42129,-0.45362,-0.088384,0.18413,-0.019623,-0.7297,-0.48252,1.4029,-0.27458,-0.59693,0.84835,0.21299,0.29873,-0.14307,-0.37215,0.32098,0.02945,0.24726,-0.029507,-0.14047,0.088853,0.71716,1.8141,-1.2419,0.23996,-0.83367,0.74404,-0.14079,-0.463,-0.016922,1.6172,-0.38348,1.2278,-1.8543,1.6733,-0.99488,0.43426,-0.99763,-0.17661,0.65513,0.38151,0.19528,0.05291,-0.12929,0.015465,-0.80406,1.2002,0.45545,0.19493,0.017598,0.72624
0.28265,0.16407,0.2688,0.20146,0.11479,0.11486,0.16662,0.18423,0.13514,0.019172,-0.034766,0.0037681,0.053839,0.063007,0.004249,-0.10996,-0.22403,-0.293,-0.30722,-0.27106,-0.2126,-0.1408,-0.097418,-0.089384,-0.057605,0.018573,0.065532,0.040182,0.054755,-0.012198,0.024811,0.058219,0.16062,0.18591,0.01116,-0.12462,-0.1742,-0.12058,-0.022146,-0.014939,-0.075763,-0.098433,-0.054725,-0.082928,-0.19869,-0.21616,-0.069556,0.10105,0.16033,0.12091,0.016792,0.063723,0.15708,0.052738,-0.16883,-0.23229,-0.10356,-0.028131,-0.01373,-0.0049198,0.025198,0.047911,0.051752,0.059968,0.066027,0.13508,0.12793,0.18769,0.20399,-0.077446,-0.037944,-0.058231,-0.10803,-0.16385,-0.19784,-0.14088,0.047042,0.20278,0.14153,-0.076718,-0.18419,-0.083906,0.025022,0.0030702,-0.052716,-0.099782,-0.11835,-0.088565,-0.20172,-0.30987,-0.26854,0.5119,0.71478,0.054517,0.2695,0.29988,0.2542,0.17021,0.16317,0.18902,1.2442,-0.11004,-0.46575,-0.27812,-0.2941,-0.17506,-0.073496,-0.13612,-0.12488,0.019276,0.19447,0.30225,0.35559,0.3317,0.21486,0.039867,-0.096768,-0.1575,-0.16704,-0.13462,-0.066196,-0.0093204,-8.7427e-05,-0.030267,-0.053699,-0.10265,-0.16235,-0.17498,-0.19711,-0.15397,-0.13647,-0.88207,-0.74176,0.11917,0.20124,0.24824,0.27046,0.25813,0.20335,0.22891,0.35453,0.41585,0.29618,-0.049565,-0.22055,-0.089014,0.24937,0.55366,0.60689,0.52447,0.31962,0.08098,-0.00038171,0.11604,0.27078,0.34024,0.16541,-0.1006,-0.11946,-0.079124,0.11441,0.40657,0.58612,0.60685,0.49247,0.50698,0.67002,0.61118,0.19333,-0.11213,-0.067389,-0.099599,-0.1206,-0.093949,-0.066709,-0.041525,-0.14401,-0.24035,-0.22575,-0.17425,-0.14903,-0.174,-0.16581,-0.12948,-0.078896,0.022859,0.17167,0.33109,0.59794,0.70779,0.60614,-1.6623,-1.9369,-0.0075326,0.1665,0.15,0.071532,-0.01436,0.022755,0.10096,1.7665,-1.2032,-1.7581,0.26003,-1.2834,1.3195,0.45212,0.33235,-0.41559,0.29285,0.64136,-0.22474,-0.090287,0.47906,-0.21315,-0.47772,-0.10434,-0.49331,-0.45244,0.20328,-0.14538,-0.50239,0.48106,-0.68568,0.14454,-0.32162,-0.16536,-0.27898,-0.10156,0.36373,-0.84787,-0.36386,-0.42328,-0.37814,0.67603,0.30087,-0.28063,-0.31956,-0.32707,-0.2295,-0.17039,0.36909,-0.13532,0.32189,-0.032808,0.18276,0.41009,-0.41401,0.13957,-0.30076,0.55949,0.22292,-0.57737,0.23177,-0.2095,0.14644,0.39754,0.13905,0.18888,-0.12283,0.38262,0.042406,-0.7549,-2.8017,-0.046518,1.4983,-0.11098,0.27832,1.0986,0.16309,0.64721,-0.23792,0.98571,0.6645,-0.55125,-0.14495,-0.56137,0.022433,0.033528,0.17307,-0.1318,-0.20234,-0.1974,0.0068035,-0.35558,0.82721,-0.023924,0.14254,0.03141,0.0080859,-1.4351,-0.21875,0.22131,1.9196,-1.4276,0.93771,0.24576,0.35818,-0.81903,-1.6542,-0.28926,-1.0704,1.4183,0.29987,-0.20489,-0.0009387,-0.18191,-0.4638,-0.13528,0.054722,-0.576,0.40825,0.28874,0.071536,0.14034,-0.1033,0.34438,-0.12903,-0.53928,-0.40002,0.38309,0.42707,0.14614,2.5375,-0.30733,-0.11765,0.1109,-0.33815,-0.26956,0.20832,-0.14176,0.31979,-0.19135,-0.31433,-0.133,-0.095271,0.86998,0.14754,-0.42536,0.40208,0.17471,-0.026036,-0.24202,-0.20302,0.52159,-0.54011,-0.14172,0.12224,0.55665,-0.069472,-1.6944,-0.12157,-0.54904,2.1268,-0.77773,-1.2063,-0.30594,0.75744,0.34463,1.3239,1.431,0.67563,0.37801,0.063002,-0.31097,-0.2571,-0.39215,-0.047879,0.3443,0.35157,-0.34014,-0.42705,0.083287,0.28346,-0.24734,0.098302,0.32208,-0.58109,-0.38305,0.50607
0.0071156,0.0061945,0.36542,0.19371,0.16487,0.29715,0.29583,0.097209,0.059803,0.14401,0.12711,0.11674,0.11087,0.045351,0.010073,0.04614,0.059937,0.035367,-0.034704,-0.13021,-0.14279,-0.13588,-0.16608,-0.20837,-0.29317,-0.30259,-0.18236,-0.060682,-0.03889,-0.05185,0.17561,0.080671,0.04751,-0.014529,-0.0029828,-0.065207,-0.14864,-0.15992,-0.062296,0.003601,-0.0014471,0.021433,0.029554,0.010677,-0.01558,0.0051404,0.068951,0.096114,0.053458,-0.043802,-0.11788,-0.048593,-0.0029841,0.010698,-0.010167,-0.20304,-0.30428,-0.25433,-0.11116,-0.001775,-0.027446,-0.074224,-0.024614,0.043325,0.081591,0.077187,-0.091073,-0.081448,0.0016295,0.013089,0.052325,0.072381,0.068297,0.051371,0.056017,0.092187,0.13005,0.074138,-0.009527,-0.028119,0.10601,0.26981,0.27088,0.18287,0.1384,0.076253,0.060624,0.057226,0.070259,0.095154,0.13979,0.18057,0.12429,0.046954,-0.013521,-0.14425,-0.14182,-0.056069,0.10463,0.43169,1.1499,0.26531,-0.33901,-0.28539,-0.27582,-0.32757,-0.42096,-0.3968,-0.18725,0.018469,0.026545,0.067366,0.059936,0.12236,0.1967,0.20773,0.19713,0.17169,0.12376,0.11382,0.16955,0.24599,0.27351,0.2054,0.1184,0.1027,0.025135,-0.07475,-0.069848,-0.040542,-0.52596,-0.6646,-0.32132,0.0046935,-0.010412,0.15051,0.19904,0.22455,0.11688,-0.01601,-0.019106,-0.056575,-0.079694,-0.056308,0.0029091,0.16838,0.34273,0.34647,0.23568,0.1257,0.071428,0.024045,0.037353,0.15492,0.1246,0.13737,0.29682,0.36435,0.27657,0.046972,-0.21009,-0.26659,-0.13666,0.010133,0.094257,0.49043,0.86256,0.64889,-0.058402,-0.11792,-0.11922,-0.13478,-0.14414,-0.12412,-0.098334,-0.065747,-0.038812,-0.12139,-0.19607,-0.18909,-0.23045,-0.31278,-0.2254,-0.044053,-0.038039,0.017615,0.033844,0.08471,0.1375,0.16238,0.21757,0.21366,0.40308,0.46527,0.32075,0.30311,-1.9133,-2.1299,0.29167,0.54539,1.3969,-1.6112,-1.6271,1.735,-0.14364,1.7474,0.16922,0.006575,-0.30993,0.75146,0.48561,0.27258,-0.48007,0.0025614,0.10808,-0.54718,0.29392,0.37202,-0.078186,0.0031401,-0.43557,-0.2579,-0.24967,0.23305,-0.20858,-0.11073,-0.11241,0.2188,-0.019395,0.3253,-0.5926,0.20989,0.23096,-0.010568,0.42106,0.29468,-0.65044,-0.21993,0.12509,0.0048022,0.094089,-0.31165,0.027581,0.062965,0.16269,-0.109,-0.15611,-0.082607,-0.15488,0.096842,0.042081,0.10697,0.011965,-0.15584,-0.056553,0.1855,-0.27029,0.077609,-0.10521,0.23581,-0.083918,0.91793,-1.6187,-2.4536,-0.22271,0.59292,-0.35383,-0.91323,0.53944,0.51138,0.16821,-0.0056646,0.027089,0.073991,-0.083191,0.30597,-0.0013496,-0.39944,0.12373,-0.10787,-0.35998,0.076231,0.064628,0.36905,0.5193,-0.022735,-0.089056,0.005682,0.31968,0.10204,-2.893,-0.22106,-0.83295,2.1938,0.14793,1.084,0.13472,0.95274,0.13803,0.47488,0.14381,0.38382,-0.047106,0.18515,-0.074571,-0.2437,-0.34763,-0.086922,0.39495,-0.28733,0.030167,0.082557,-0.013108,-0.20126,0.37574,-0.17048,0.16304,-0.25781,0.25144,-0.020171,0.34232,0.085539,-0.3153,2.2142,-0.44822,-0.75711,-0.41967,0.60407,0.33403,-0.11902,-0.24128,0.23512,0.26585,0.1272,0.025855,-0.035335,0.22669,0.12618,-0.070435,-0.041833,-0.31887,0.13458,0.2495,0.10382,0.10369,0.38291,0.17505,0.064188,-0.2917,-0.080661,-2.3443,0.55368,0.5061,-1.7754,-1.6473,-0.41441,-0.58996,-0.12522,-0.46389,0.011515,0.16848,0.58604,0.52903,-0.45186,-0.13659,0.43906,-0.47551,-0.37255,-0.0041004,0.38752,-0.15245,0.41748,0.29944,-0.28847,-0.15627,0.29209,0.14124,-0.18298,-0.20533,0.12987
-0.21256,-0.069704,0.0072682,-0.20883,-0.081166,0.17761,0.23564,0.1849,0.1547,0.11399,0.074087,0.094235,0.14375,0.13715,0.11257,0.13829,0.18997,0.1485,0.034478,-0.063028,-0.09594,-0.078439,-0.091962,-0.14639,-0.15004,-0.14619,-0.1683,-0.16772,-0.15934,-0.15314,0.016513,0.16599,0.27423,0.23755,0.23574,0.19857,0.07326,-0.042525,-0.085311,-0.077471,-0.036995,-0.019978,-0.036727,-0.051496,-0.081448,-0.086363,-0.040624,0.020683,0.060645,0.031206,-0.05714,-0.05908,0.073671,0.25426,0.31384,0.17972,0.095361,0.055391,-0.050637,-0.071056,-0.066402,-0.038101,-0.027137,-0.044717,-0.047254,-0.054005,-0.040414,-0.083813,-0.1215,-0.11388,-0.25691,-0.35487,-0.38426,-0.32508,-0.11622,0.039786,0.032095,-0.0093454,0.17047,0.38763,0.34439,0.23889,0.18143,0.1463,0.098567,0.087667,0.113,0.11666,0.12198,0.12956,0.12404,0.13338,0.14855,0.084762,0.016503,-0.049466,-0.15297,-0.83929,-0.59786,0.76992,0.72601,-0.24463,-0.42629,-0.13556,-0.19082,-0.31252,-0.24607,-0.069497,-0.092014,-0.090987,-0.056692,0.040888,0.11724,0.10314,0.14984,0.20718,0.20727,0.1626,0.090101,0.022598,0.061667,0.13736,0.11841,0.043601,-0.045683,-0.10631,-0.11389,-0.099526,-0.07006,-0.025177,-0.093444,0.072603,0.22813,0.049902,-0.11851,-0.083282,0.03945,0.14013,0.19305,0.20223,0.1507,0.049748,-0.0026188,0.015368,0.046183,0.10018,0.19147,0.28996,0.34088,0.32152,0.2553,0.29731,0.13804,-0.15846,-0.26239,0.045001,0.28471,0.090474,-0.22731,-0.23933,-0.16128,-0.031499,0.010905,0.0097244,0.11679,0.22756,0.23004,0.08165,0.046321,0.0012906,-0.056417,0.026286,0.065772,0.058861,-0.10105,-0.20167,-0.16791,-0.13249,-0.16913,-0.21438,-0.2391,-0.14671,-0.036222,-0.069363,-0.06279,0.012484,0.078788,0.088896,0.1162,0.093362,0.10453,0.11671,0.067202,0.15672,0.20865,0.09945,-0.048255,-1.1199,-0.44258,0.88438,-0.32623,-1.2894,-0.67416,0.67568,-0.62553,0.16307,1.2586,-0.4581,-0.43138,0.78162,0.59256,-0.10911,0.40269,-0.18584,0.5487,-0.70713,-0.33129,0.20798,-0.11535,-0.59852,-0.25598,-0.066675,0.55176,0.45403,0.17041,-0.091575,0.22221,-0.70477,-0.090097,-0.08226,-0.0044313,-0.17541,0.68274,-0.359,-0.40508,-0.029587,0.66484,0.53592,-0.20185,0.39791,0.31712,-0.13555,0.25282,-0.26015,-0.12202,-0.42276,0.34951,0.1285,-0.57787,-0.48044,0.031105,-0.59526,-0.069793,-0.0038228,0.1858,0.12714,-0.45739,0.44277,0.14394,-0.063432,0.8081,0.79703,-1.3248,-1.4071,0.092608,0.33304,-0.71185,-0.077359,0.52804,-0.84083,-0.63492,0.088966,-0.36776,0.13244,-0.37041,-0.18737,0.03443,-0.15646,-0.016305,0.042726,0.015704,0.20711,0.12617,0.65704,-0.025745,-0.32122,-0.12589,-0.066296,-0.22647,0.037926,-1.3373,-0.098528,-0.86741,0.41193,1.6988,0.925,-0.39298,0.028004,-0.13038,-0.58833,-0.10722,0.0055071,0.19458,0.40809,0.062582,0.20766,0.16292,0.73194,-0.13644,-0.13725,-0.16468,-0.65697,0.11549,0.11818,0.32578,0.34938,-0.22813,0.018097,0.14945,-0.054847,1.4245,0.33467,-0.4058,1.4454,0.76364,0.51658,-0.34815,-0.11135,0.13982,-0.46075,0.29941,-0.051652,-0.7586,0.056438,0.40451,0.050023,-0.24197,0.19969,0.084344,-0.69824,-0.50172,-0.19514,0.052059,-0.094666,0.40798,0.11674,-0.16952,-0.44616,-0.43835,-0.030695,-1.7421,0.14121,0.68382,-1.1438,-0.58967,-0.59531,-0.26363,-0.33179,0.14097,0.03777,0.61412,0.22706,-0.40997,-0.20652,-0.77117,0.1156,0.39039,-0.05855,-0.20597,-0.27177,0.17332,0.22357,0.088108,0.091828,0.33797,-0.16041,-0.156,-0.018726,0.021118,-0.43778
0.2871,0.44888,0.26832,-0.061272,-0.22841,-0.097098,0.065753,0.17227,0.22609,0.18495,0.119,0.090013,0.10883,0.10373,0.091781,0.071486,0.025782,-0.023447,-0.19087,-0.32205,-0.25493,-0.10491,-0.041371,-0.12002,-0.23228,-0.24421,-0.18066,-0.10003,0.055153,0.17543,0.16015,0.0828,0.075666,0.11722,0.12201,0.039222,-0.022663,-0.041132,-0.0014932,0.038232,0.023851,-0.0012348,-0.019399,0.043316,0.036675,-0.051017,-0.042336,0.00018099,0.016134,-0.02598,-0.072675,-0.084259,-0.12221,-0.13363,-0.18394,-0.13774,-0.042743,-0.023844,-0.02792,-0.039116,-0.037182,-0.0014786,0.045165,0.052348,0.0033673,-0.092163,-0.10788,0.020454,0.047934,-0.051154,-0.12642,-0.12082,-0.014975,0.075155,0.094917,0.132,0.11537,0.012552,0.031757,0.18779,0.29182,0.30919,0.23508,0.10836,0.068413,0.097239,0.098205,0.095094,0.10507,0.076266,0.059437,0.08379,0.10098,0.060048,0.01309,0.032009,-0.098013,-0.41395,-0.27781,0.3068,0.5892,-0.22132,-0.36024,-0.20169,-0.04974,-0.12628,-0.26529,-0.26,-0.19055,-0.21331,-0.18063,-0.050278,0.066739,0.076702,0.11937,0.1236,0.070967,0.031846,0.056367,0.075591,0.13932,0.28316,0.31989,0.24,0.14541,0.12078,0.14391,0.057902,-0.073452,-0.17967,-0.33312,-0.19274,-0.21983,-0.26017,-0.038376,0.090182,0.15579,0.17592,0.13621,0.0080815,-0.10322,-0.11098,-0.086449,-0.032273,0.024548,0.072339,0.14519,0.21269,0.21889,0.14704,0.035585,0.024047,0.14684,0.22714,0.29133,0.28101,0.079328,-0.1825,-0.23556,-0.22636,-0.15964,-0.039947,0.083363,0.20681,0.36735,0.48029,0.46154,0.23935,-0.029776,-0.104,-0.094815,-0.071724,-0.11964,-0.2101,-0.23649,-0.2032,-0.17248,-0.14058,-0.043212,0.029563,-0.0016465,-0.058692,-0.11947,-0.12663,-0.035641,0.042214,0.052805,0.11694,0.14216,0.19539,0.23585,0.2055,0.15051,0.11013,0.073884,0.048541,0.11063,-1.5908,-1.3459,0.67488,1.2035,-1.793,-1.2693,1.6598,0.1609,1.2041,0.23326,0.35387,0.065986,0.52313,0.55503,0.27462,-0.21801,0.39085,0.50787,-0.26808,0.13339,0.32891,0.29337,-0.50136,-0.54777,-0.20169,-0.20547,0.057817,-0.36482,-0.097324,0.22691,0.056246,0.28993,0.15652,-0.096994,0.27938,0.45799,0.0051748,-0.027099,-0.12457,0.08444,-0.15686,0.14399,-0.09336,-0.074858,-0.0001097,0.2475,0.12194,-0.080563,-0.36556,0.022778,0.10266,-0.24903,0.18165,-0.14984,0.43193,-0.15476,-0.14579,0.0060508,0.066952,-0.1596,-0.032293,0.15297,0.026342,0.48671,0.86789,-0.6689,-1.8527,0.39595,1.6877,0.0069455,-0.12774,0.37659,-0.14388,0.048601,0.15931,0.11925,-0.15525,-0.14228,-0.2872,0.33501,0.2953,0.39067,-0.16749,-0.62993,-0.18783,0.074228,0.24398,-0.010028,0.12035,0.19681,-0.45533,-0.11136,-0.19184,-2.3057,0.081962,-1.0356,1.6923,0.047662,0.61789,-0.14659,0.52942,-0.24551,0.030576,0.1259,0.48111,-0.052165,0.030456,-0.23137,-0.14059,-0.20129,0.095886,-0.22202,-0.44727,0.25411,0.11163,-0.053733,-0.2742,0.069099,0.25165,-0.25081,-0.040942,-0.00094035,0.09644,0.89449,-0.12577,-0.38668,1.7424,0.25502,-0.42588,0.026098,0.093517,-0.023054,0.11446,-0.30968,0.32705,-0.017217,0.2115,-0.079031,-0.28718,-0.078354,0.57895,-0.33337,-0.047912,-0.04568,-0.073901,0.44882,-0.083852,0.17326,0.017461,0.25703,-0.10418,-0.15703,0.17526,-1.6743,0.57312,0.74595,-1.3966,-1.375,-0.14925,-0.45448,-0.69614,-0.66465,0.21264,0.45264,0.2485,0.33963,-0.46369,-0.25411,0.011863,-0.18442,-0.061242,0.0075907,0.37795,-0.15992,0.63988,0.36602,-0.20516,0.058538,-0.060297,0.33583,0.028471,-0.10325,0.18446
-1.0028,-0.56854,-0.084173,-0.22419,-0.41723,-0.32895,-0.060974,0.10953,0.15314,0.1222,0.088267,0.079171,0.073025,0.094575,0.11644,0.14083,0.18267,0.17596,0.095353,-0.0019936,-0.061946,-0.034873,0.094673,0.1648,0.095236,0.066663,0.13431,0.20893,0.20318,0.22094,0.31493,-0.14855,-0.18194,0.079297,0.19832,0.23284,0.1888,0.10845,0.027373,-0.043563,0.048871,0.10783,0.062477,0.066284,0.075569,0.076819,0.086935,0.05496,-0.044062,-0.14728,-0.16272,-0.11323,0.049483,0.23108,0.26433,0.19671,0.065932,-0.069782,-0.097556,-0.048999,-0.0011043,-0.028238,-0.052966,-0.021219,0.088638,0.090597,-0.025418,-0.033975,0.087002,0.035206,-0.038993,-0.065736,-0.054386,-0.086623,-0.11173,-0.11027,-0.06278,-0.11512,-0.28953,-0.46666,-0.43763,-0.12075,0.1726,0.20002,0.15771,0.15516,0.20712,0.21556,0.20422,0.19854,0.12236,0.084324,0.11866,0.095268,0.093355,0.10835,0.076109,0.16128,0.018813,0.3868,-0.20219,1.7164,2.2039,-0.095423,-0.023084,-0.049531,-0.2733,-0.29081,-0.16134,-0.19238,-0.14447,-0.085531,-0.047578,0.057124,0.099252,0.21678,0.30778,0.28052,0.2347,0.18365,0.14839,0.28842,0.4383,0.40337,0.31343,0.25949,0.24939,0.24827,0.25469,0.23002,-0.2221,-0.79439,-0.81184,-0.68149,-0.39603,-0.34248,-0.20102,-0.10378,-0.10258,-0.10459,-0.1734,-0.33071,-0.36074,-0.24853,-0.074216,0.091494,0.15484,0.090111,-0.015314,-0.078302,-0.023901,0.090518,-0.15129,-0.53038,-0.71586,-0.61159,-0.23874,0.090852,0.17846,0.16313,-0.014883,-0.20153,-0.22949,-0.18588,0.020724,0.28961,0.43346,0.44523,0.17431,-0.16339,-0.18953,-0.1141,-0.093453,-0.10388,-0.10823,-0.074451,-0.040984,-0.14145,-0.18099,-0.060055,-0.074281,-0.13304,-0.17608,-0.26119,-0.28634,-0.14722,0.0059129,-0.017502,0.041418,0.015888,0.10933,0.20052,0.17341,0.27797,0.36333,0.32187,0.24361,0.23665,-1.083,-2.0957,-0.20834,-0.95345,-1.1876,-0.30629,-0.25155,0.40854,0.028636,-0.13788,-1.1465,0.37558,-0.027928,1.6341,-0.010138,0.18616,0.32478,-0.80737,0.7488,0.74309,-0.45744,-0.099949,0.48928,0.1824,-0.025861,-1.2621,-0.2481,1.0071,0.9013,0.42033,0.044998,-0.83329,-0.60007,-0.23276,-0.12488,0.75138,1.0881,-0.39684,0.052876,-0.41418,0.4057,-0.051205,-0.34417,0.013511,-0.41357,0.18723,-0.12666,0.3064,-0.35535,-0.12293,0.31783,-0.19868,-0.32401,0.42871,0.038961,0.41229,0.33527,-0.38251,-0.015825,-0.27102,-0.30829,-0.28238,-0.024346,0.87983,-2.129,-2.9808,0.86035,-0.47136,1.1918,-0.86697,-0.22207,1.3332,1.11,-0.55791,0.4073,-0.87496,-0.22144,0.0077071,-0.31142,0.36128,-0.37727,-0.11877,-0.69825,0.42065,0.083747,0.79978,-0.049354,-0.39864,0.12671,-0.2274,-0.35048,-0.0026575,-0.074888,2.2023,0.77399,0.76148,-0.30129,-1.221,-0.6933,1.0614,-0.72612,0.11037,-0.37754,0.32538,-0.075977,-0.95602,-0.63537,2.0704,-0.81096,0.54871,-0.57134,-0.62397,0.14165,-0.40393,0.42819,0.20576,0.79861,0.31421,-0.43462,-0.70234,0.12181,0.81349,0.69227,0.19843,0.3826,1.9932,0.73396,-1.2151,0.40388,-0.10493,-0.30815,-0.16465,-0.19421,0.61647,0.42617,0.3517,0.22953,0.054293,0.41634,0.094068,-0.24699,0.23556,0.20189,0.20276,0.56165,-0.1742,-0.45073,0.20724,0.2806,0.15397,-0.46427,0.56366,0.020416,0.9944,-0.6903,-0.0050547,-0.78953,1.0688,-0.11922,0.22078,-0.10569,1.7247,0.046224,1.3401,-1.7905,1.0255,-0.43694,0.62002,-0.63273,0.071034,-0.41593,0.37041,-0.61112,0.16123,0.52332,0.19955,-0.029873,-0.27994,-0.23407,0.046313,0.41001,-0.46028
-1.2081,-0.40779,0.51663,-0.63435,-0.35934,0.0072794,0.13746,0.16721,0.14873,0.13212,0.10563,0.094062,0.087687,0.083397,0.075886,0.091913,0.091335,0.14333,0.26889,0.36689,0.36282,0.26999,0.16302,0.12898,0.12994,0.077306,0.084939,0.21262,0.2498,0.085155,0.14289,0.045538,-0.2418,-0.15096,-0.093763,-0.043162,-0.06796,-0.14188,-0.10856,-0.065443,-0.066881,-0.069596,-0.099521,-0.041841,-0.10074,-0.14585,0.094755,0.18479,-0.0091533,-0.08666,0.073722,0.18308,0.26303,0.13797,-0.092411,-0.11318,-0.092747,0.00071017,0.036293,-0.039556,-0.16424,-0.25824,-0.21569,0.028121,0.19796,0.15106,0.063513,0.078628,0.17763,0.12594,-0.053148,-0.1818,-0.3591,-0.3998,-0.38905,-0.3298,-0.23331,-0.16037,-0.14559,-0.15075,-0.14019,-0.092075,-0.024159,0.04927,0.10189,0.095594,0.04519,-0.017563,7.8238e-05,0.058611,0.063989,0.088901,0.10579,0.063605,0.17175,0.42224,0.35186,0.030184,-0.21482,-0.2957,-0.72816,1.3535,2.1975,0.051855,0.065043,0.12396,0.016303,-0.0041527,0.026367,0.0049315,0.0036498,-0.043417,-0.037085,-0.0092654,-0.0054717,0.021465,0.019465,0.14061,0.27831,0.3301,0.35069,0.31125,0.2324,0.20155,0.23362,0.22814,0.19287,0.17431,0.18171,0.23312,0.22842,-0.46891,-0.86237,-0.76229,-0.22292,-0.3237,-0.21986,-0.10658,-0.023698,0.043377,0.02915,-0.062945,-0.12842,-0.46402,-0.7354,-0.64211,-0.33592,-0.2368,-0.31739,-0.31665,-0.14133,0.0010654,-0.11768,-0.16495,-0.079752,-0.025788,0.0015575,-0.088085,-0.2429,-0.38613,-0.49478,-0.51244,-0.4061,-0.14904,0.029687,0.057373,0.12711,0.25771,0.38291,0.23068,0.12438,0.018542,-0.068655,-0.047008,-0.03761,-0.021701,0.00081622,0.029019,0.050805,0.057691,0.045433,-0.0061782,-0.093143,-0.1824,-0.25362,-0.29042,-0.26786,-0.19357,-0.064624,0.023776,0.034775,0.064339,0.033229,0.16919,0.34777,0.40127,0.30002,0.11229,0.32177,0.59505,2.5567,-1.7644,-1.351,0.83581,-0.72486,1.7893,-0.034852,0.62046,-0.452,0.90031,0.68848,-0.51095,0.11176,0.28484,-0.34719,-0.64826,-0.33,0.19371,-0.0023215,-0.49187,-0.049339,0.062392,0.04215,-0.16827,-0.25809,0.050452,-0.072267,0.13838,-0.26501,-0.28417,-0.62367,0.48925,0.37329,-0.32625,0.4041,0.066278,0.094023,-0.51205,-0.1282,0.076381,0.040074,-0.30927,-0.25668,-0.10716,-0.083194,-0.19296,0.22141,0.041609,-0.4704,0.086691,0.07617,-0.2206,-0.028323,-0.19152,0.44175,0.16476,0.34172,0.1068,0.36996,-0.3471,-0.16731,1.4108,-1.5382,-2.8669,0.5656,0.2705,0.61665,-0.28954,0.63858,0.40659,-0.053009,-0.16192,0.12056,0.2774,0.085215,-0.043772,0.28739,0.23419,0.22748,-0.070018,-0.21354,0.13244,-0.44256,0.12767,0.079642,0.44089,-0.040013,-0.0057435,0.4829,0.097152,0.30962,3.3881,-0.30388,0.73094,-0.11244,-0.5555,-1.5374,0.74201,-0.50042,-1.2514,-0.4779,0.41609,-0.4665,-0.2337,-1.0163,0.62767,-0.83769,0.23786,-0.10665,-0.61153,0.25904,-0.27128,0.51222,-0.1841,0.69455,-0.65157,0.084153,-0.28229,-0.030488,0.29116,0.45317,-0.33329,-0.37045,2.1723,-0.1289,-0.69765,-0.037448,-0.17371,0.34524,-0.054454,-0.24095,0.078358,-0.22224,-0.047837,-0.36373,-0.022587,-0.12444,0.11124,0.056121,-0.11164,-0.47771,-0.25038,0.20643,-0.12874,0.14209,-0.15482,0.019398,0.0078802,-0.051396,-0.16838,-0.046858,1.9975,-0.0094585,-0.28258,-0.5465,0.51947,-0.57334,0.71982,1.4084,1.8102,0.13248,1.556,-1.1806,1.1526,-0.71287,0.13424,-0.47502,-0.48967,-0.61446,0.064605,-0.66298,0.095184,0.34453,0.09652,-0.076102,1.1027,-0.046878,0.73941,0.36247,0.080459
0.34551,-0.014383,0.018437,0.080537,0.18695,0.13732,0.078534,0.092925,0.076348,0.065444,0.075146,0.074628,0.046903,0.038404,0.07832,0.1159,0.12214,0.015458,-0.13771,-0.19493,-0.18655,-0.15638,-0.10193,-0.10202,-0.19884,-0.24288,-0.22906,-0.24107,-0.16114,0.10766,0.27747,-0.012309,0.15031,0.2127,-0.0097178,-0.0057341,-0.047165,-0.056387,-0.025031,0.070926,0.11419,0.084527,0.062798,0.053454,0.039548,0.024878,0.047049,0.099826,0.11778,0.06863,-0.0010665,-0.01992,0.0029561,-0.048535,-0.17259,-0.24109,-0.23617,-0.18851,-0.13393,-0.11362,-0.064538,-0.04569,-0.025163,0.033386,0.067651,0.046417,-0.16344,-0.058951,0.21275,0.0090652,0.021465,0.11164,0.18631,0.22318,0.23064,0.20201,0.13952,0.030045,-0.12537,-0.19445,-0.022771,0.23264,0.30683,0.26544,0.14423,0.060208,0.058971,0.061201,0.06853,0.079527,0.080963,0.098963,0.11965,0.029735,-0.050528,-0.025201,-0.067094,-0.33582,-0.355,-0.22419,1.2827,0.40214,-0.21446,-0.19713,-0.23034,-0.11622,0.028215,-0.010197,-0.021834,0.039304,0.10216,0.090195,0.14982,0.22014,0.24144,0.23538,0.20836,0.12656,0.012666,-0.045467,-0.044665,-0.017031,0.034603,0.14797,0.17387,0.13319,0.13709,0.15083,0.13117,0.026934,-0.48251,-0.67886,-0.45954,-0.16027,-0.051201,0.0021067,0.1469,0.15728,0.13925,0.033565,-0.10643,-0.15124,-0.05236,0.12287,0.23794,0.26037,0.30444,0.36021,0.34217,0.23712,0.12628,-0.0087087,-0.12221,-0.071162,0.049823,0.049928,0.0097021,0.021342,-0.032223,-0.036358,-0.12959,-0.1988,-0.11099,0.032657,0.13658,0.46556,0.86156,0.86116,0.28937,-0.17753,-0.17461,-0.15253,-0.13252,-0.10481,-0.12648,-0.2057,-0.23876,-0.20554,-0.14856,-0.11868,-0.083008,-0.088637,-0.19048,-0.2492,-0.22243,-0.063811,0.080265,0.10326,0.14194,0.12535,0.14837,0.17008,0.12257,0.2221,0.29326,0.26819,0.24641,-1.7972,-1.7538,0.25976,1.774,-0.53041,-1.3781,1.866,0.034229,1.5163,-0.28665,0.30269,-0.47616,0.67465,0.56142,0.30176,0.048119,-0.47226,0.040703,-0.56695,0.12353,0.39264,-0.19349,0.0028914,0.21884,0.034226,-0.069181,0.35233,-0.54259,-0.079654,-0.070021,0.16095,0.26525,-0.2043,-0.46018,-0.016016,-0.12389,0.13579,0.33261,0.076538,-0.23863,-0.42777,0.33176,-0.12312,-0.38955,-0.12309,0.042969,0.065874,-0.020426,0.21106,-0.11122,0.045081,-0.30104,0.2843,-0.08923,0.16267,0.27785,-0.14397,0.25952,0.20346,0.098801,0.12821,-0.28606,0.12187,0.091851,0.72431,-1.4753,-2.5696,0.37416,0.50909,0.31545,-0.54172,0.19396,0.75617,0.18972,-0.092586,-0.083215,-0.238,0.2873,-0.034771,0.16735,-0.28903,-0.19337,-0.17065,-0.2589,0.04585,-0.0066869,0.032662,0.1538,-0.32687,-0.027665,-0.4115,0.19983,0.11245,-2.6505,-0.6192,-0.43045,2.1909,0.14766,0.55451,-0.33491,1.0477,-0.32034,0.45161,-0.045348,0.26492,-0.1346,0.21537,0.51638,-0.07905,-0.30842,-0.092157,0.052424,-0.069029,0.21216,0.35129,0.0011301,-0.6806,0.056052,0.051055,0.15283,0.074445,0.34228,-0.04046,0.76176,0.1655,0.19733,1.9892,0.22318,-0.59849,0.38902,0.37433,0.061476,0.10734,-0.28597,0.091449,0.40516,0.47319,-0.41291,0.066788,-0.22268,0.069073,-0.023792,-0.02229,-0.24551,0.054129,0.18131,0.20975,-0.1445,0.26412,0.17132,0.081468,-0.020071,0.2753,-2.148,0.036601,0.29482,-1.8067,-1.7079,-0.05757,-0.34807,-0.039393,-0.40904,0.71241,0.47026,0.37228,0.47546,-0.54673,0.32322,0.19069,-0.59502,-0.17096,-0.12561,0.32993,0.13231,0.20301,0.52026,0.0090049,-0.019079,0.0035821,0.28934,-0.17652,-0.26866,0.29594
-0.02029,0.13105,0.063845,-0.24853,-0.40803,-0.35624,-0.022541,0.18783,0.059232,0.062217,0.17648,0.16361,0.16718,0.166,0.14426,0.1738,0.2129,0.15923,0.035653,-0.086104,-0.14927,-0.097318,0.048441,0.11214,0.063575,0.048011,0.091068,0.054431,-0.076306,-0.090635,0.22583,0.1212,0.057143,0.17486,0.16031,0.11252,0.010551,-0.04722,-0.048734,-0.056171,-0.028237,-0.034611,-0.068738,-0.081155,-0.057543,-0.034871,-0.0062747,0.028467,0.019729,-0.041396,0.039902,0.15197,0.28687,0.34951,0.096726,-0.24678,-0.27396,-0.24889,-0.20871,-0.14017,-0.13112,-0.17279,-0.17483,-0.066594,0.0040091,-0.068208,-0.11359,-0.04907,0.04183,-0.06161,-0.085308,-0.013021,-0.0059018,-0.034066,-0.037808,-0.019809,-0.10181,-0.23514,-0.3296,-0.33179,-0.1626,0.10668,0.25598,0.24704,0.19104,0.19382,0.25612,0.27034,0.26321,0.25632,0.16912,0.12157,0.16288,0.13004,0.089576,0.045963,0.0077734,0.18062,-0.036207,-0.37564,-0.5576,-0.35472,-0.10278,0.0015676,0.11019,0.14661,-0.15291,-0.44788,-0.44633,-0.22732,0.012832,0.026066,0.078015,0.0767,0.16668,0.25712,0.24117,0.18292,0.1003,0.010057,0.023441,0.20097,0.33507,0.30322,0.21612,0.16628,0.18055,0.2057,0.22596,0.22073,-0.031119,-0.55001,-0.75689,-0.66432,-0.27432,-0.13125,0.019603,0.052051,0.00054392,-0.0084873,-0.11579,-0.22967,-0.22149,-0.13059,0.068043,0.24317,0.30523,0.30672,0.25391,0.1588,0.1883,0.081917,-0.31546,-0.56486,-0.42918,-0.18775,-0.059368,0.015151,0.044743,-0.044832,-0.19404,-0.23337,-0.21221,-0.032639,0.27976,0.45264,0.44518,0.35622,0.081914,-0.12419,-0.10604,-0.061378,-0.043558,-0.097149,-0.14218,-0.10831,-0.10521,-0.06982,0.0079397,0.020696,-0.074102,-0.10348,-0.096876,-0.1654,-0.17756,-0.04772,0.083856,0.03691,0.050705,0.00028492,0.047848,0.11635,0.10493,0.25155,0.33807,0.2529,0.2103,0.28899,0.081579,-0.29337,0.17635,-0.72029,-1.5747,-0.07316,-0.25311,0.25196,0.39188,0.19355,-1.0495,0.66573,0.66051,0.31029,0.17972,-0.47244,0.33684,-0.53857,0.61265,0.81383,0.45515,0.068868,0.46461,-0.0017812,-0.081618,0.51267,0.21657,-0.40996,-0.066937,-0.33298,0.18493,0.01881,1.4541,0.53673,-0.46738,0.68769,-0.29382,0.10494,-0.66438,-0.57897,0.1256,0.15916,-0.49674,-0.11781,-0.472,0.14929,-0.49761,0.34917,-0.39226,0.024337,0.05503,0.28105,-0.043764,-0.59023,0.23213,-0.09827,-0.085983,-0.5284,-0.02252,0.13639,-0.073362,0.38836,1.1736,-0.2841,0.15434,-1.7884,0.53326,0.76083,1.1906,-1.5908,-0.41707,-0.032642,-0.39277,0.038462,-0.0068392,-1.3481,0.71432,-0.23007,-0.58701,-0.18959,-0.30887,0.27164,-0.60993,-0.1178,0.48333,0.32217,-0.0055276,-0.29993,0.26541,0.12107,0.012824,0.28901,-0.52568,0.57978,0.23584,1.2792,0.16992,0.25646,0.08202,0.89296,0.4022,-0.016952,0.3496,-0.15862,0.003132,-0.19319,0.914,0.64176,-0.31629,0.40686,0.1062,0.39686,-0.58281,-0.28428,-0.050064,0.12951,0.49784,-0.25753,-0.10417,-0.080714,0.77575,0.20005,1.9267,-0.40473,0.91553,1.0912,-0.10025,-1.3522,-0.45679,-0.12599,0.15256,-0.18298,-0.029292,0.32633,0.44012,0.21682,0.3787,0.14536,-0.11235,-0.33872,0.43446,-0.19318,-0.0016767,0.41339,0.53052,-0.27725,-0.32562,0.20199,0.42113,-0.078721,-0.70954,0.18819,-0.72919,0.32012,-0.31115,0.006545,-0.98542,0.077004,-0.16085,0.35338,-0.39705,0.528,0.29837,0.24513,0.24853,0.2043,0.41214,0.4866,-0.13706,-0.20605,-0.80453,-0.23988,0.25192,-0.22937,0.1946,-0.41749,0.64896,-0.09941,0.1393,0.090376,-0.15021,-0.57075
-0.13298,0.0089722,0.17673,-0.10107,-0.21375,0.020708,0.24991,0.2448,0.18218,0.11659,0.060101,0.046561,0.1076,0.18054,0.19779,0.12157,-0.066169,-0.22545,-0.25795,-0.20668,-0.13113,-0.087913,-0.10344,-0.14987,-0.18813,-0.19149,-0.13371,-0.035333,0.07728,0.091589,-0.020216,-0.083788,0.030093,0.20129,0.076212,-0.00075831,-0.063413,-0.082395,-0.038992,-0.01278,-0.0342,-0.04498,-0.026213,-0.010458,-0.0322,-0.046922,0.0039011,0.087882,0.1343,0.099316,-0.0074931,0.041645,0.17127,0.086878,-0.079314,-0.11274,-0.052633,-0.030094,-0.028693,-0.014217,0.010673,0.027331,0.049957,0.059542,0.11568,0.11816,0.1359,0.063163,-0.059315,-0.016193,-0.13196,-0.21261,-0.24787,-0.23756,-0.08525,0.1167,0.22875,0.19291,0.020748,-0.044365,0.17482,0.32192,0.24703,0.1578,0.15276,0.11591,0.10347,0.035115,-0.013383,0.0018274,0.021693,-0.037667,-0.12391,-0.1924,-0.45485,-0.4217,-0.067616,0.34872,0.71297,0.85643,0.63669,0.13384,-0.23502,-0.24425,-0.21229,-0.31935,-0.48498,-0.39108,-0.1505,-0.098889,-0.0037933,0.17528,0.33839,0.39492,0.36146,0.23885,0.052339,-0.093926,-0.12238,-0.06951,0.010664,0.055315,0.034393,-0.033438,-0.084713,-0.093436,-0.07528,-0.04783,-0.10555,-0.20581,-0.12205,-0.44876,-0.55215,-0.23001,0.1648,0.17233,0.20361,0.22506,0.2055,0.097921,-0.0017828,-0.0053928,-0.021693,0.017255,0.10354,0.21221,0.32454,0.42777,0.52108,0.54164,0.44219,0.27314,0.090616,0.11429,0.2438,0.11818,-0.15713,-0.19911,-0.18948,-0.058265,0.20041,0.41979,0.50807,0.49662,0.64577,0.76053,0.64055,0.37103,0.17576,0.051509,-0.091102,-0.065792,-0.046091,-0.03468,-0.16024,-0.24757,-0.2237,-0.21251,-0.17915,-0.1595,-0.21973,-0.29662,-0.19369,-0.01058,-0.041802,-0.022194,-0.016856,0.051388,0.13506,0.15889,0.1679,0.33604,0.39029,0.19809,-1.6224,-1.7752,-0.027668,0.21571,0.35407,0.44708,1.5534,-1.1483,-1.4169,1.3844,-0.61946,1.4048,0.026799,0.79318,0.75956,0.44046,0.83583,0.13755,-0.57679,0.24988,0.91577,-0.37493,0.31409,0.074197,-0.13085,-0.3273,-0.10638,-0.46415,0.38147,0.35412,0.25403,-0.45783,0.075119,0.40372,0.12509,0.2435,-0.55609,-0.20613,-0.31407,-0.6332,0.22878,0.084815,0.31623,-0.40724,-0.16062,0.3159,0.055919,0.073495,0.16035,-0.063043,0.013998,-0.11634,0.49058,-0.16643,-0.23103,0.10793,0.40721,-0.3409,-0.3201,-0.058329,-0.061005,0.30243,-0.044616,-0.0096364,0.33938,-0.082431,0.45835,0.32502,-1.2008,-2.5379,-0.010077,-0.16645,0.28752,-0.32803,0.44836,-0.36555,-0.15551,0.036771,0.026788,0.61408,0.06651,-0.56679,-0.095901,0.35944,0.12793,0.21059,-0.16565,-0.2081,0.041536,0.1092,0.0713,0.1379,0.054337,-0.11613,-0.34176,-0.36425,-2.5393,-0.39683,-0.085782,2.0582,0.006183,0.72161,-0.55972,0.30029,-0.16815,-0.36856,0.014016,0.36405,-0.039147,0.18155,-0.22634,0.41234,-0.018102,-0.12346,-0.2243,-0.0024831,-0.43164,-0.16323,-0.068563,-0.29361,0.079942,0.15268,-0.11001,0.14714,-0.27928,-0.61386,0.67886,0.47959,0.10081,2.3816,0.25,-0.17528,-0.012114,-0.50526,-0.12439,-0.11777,0.13001,-0.044548,-0.49101,0.13179,-0.56883,-0.21485,0.22461,0.046311,0.055126,-0.091747,-0.11322,-0.30079,-0.22381,-0.16068,0.6689,0.061469,0.18531,-0.2935,-0.29842,-0.10088,-2.4823,-0.056885,-0.00094671,0.76636,-1.4365,-0.065822,-0.70083,-0.39163,0.5144,0.2402,0.039962,0.75473,-0.49622,0.10201,-0.63775,0.045529,-0.052827,-0.037382,-0.077761,0.025387,0.71234,-0.26153,0.033803,0.069161,0.14624,0.3972,0.17474,-0.14029,0.099949,0.48015
0.0035262,0.07206,0.19694,0.062519,-0.015355,0.011933,0.12457,0.1871,0.17057,0.12855,-0.016905,-0.076602,-0.020109,-0.045641,-0.12116,-0.10021,-0.044361,-0.06671,-0.048832,-0.0079991,-0.015859,-0.072747,-0.12617,-0.15151,-0.091663,-0.0061329,0.037397,0.056501,0.074026,0.045254,-0.056098,0.06563,0.24822,0.33656,0.35635,0.28982,0.072239,-0.17331,-0.23456,-0.19274,-0.099378,-0.029446,0.031771,0.092749,0.066817,-0.0033591,0.019954,0.081069,0.063408,0.083824,0.074984,0.094709,0.22959,0.25656,0.025546,-0.212,-0.23078,-0.19519,-0.10284,-0.070274,-0.089561,-0.086413,-0.052593,-0.0092439,0.12366,0.23153,0.22809,0.23888,0.3211,0.21189,-0.068999,-0.20068,-0.42516,-0.53121,-0.56156,-0.51717,-0.40934,-0.27878,-0.202,-0.18799,-0.16195,-0.06464,0.08589,0.17777,0.16064,0.096391,0.043686,0.017119,0.012394,0.030132,0.058152,0.097611,0.13306,0.04227,-0.090015,-0.12946,-0.16342,-0.25983,-0.18368,-0.051047,0.6866,0.044302,-0.21226,-0.15375,-0.18473,-0.2541,-0.17249,-0.011923,-0.014687,0.031803,0.20493,0.3776,0.44029,0.35376,0.20265,0.047305,-0.038724,-0.043503,-0.019249,0.016609,-0.019808,-0.11504,-0.17515,-0.20986,-0.1821,-0.15676,-0.16086,-0.15655,-0.20317,-0.27086,-0.18261,-0.18952,-0.22872,-0.17148,-0.041421,0.063709,0.13571,0.21337,0.29649,0.30894,0.23742,0.12445,0.0061793,-0.11941,-0.21219,-0.20517,-0.070459,0.062965,0.029867,0.031972,0.0087419,-0.16628,-0.31159,-0.26887,-0.125,-0.038056,0.037207,0.064994,-0.050121,-0.18298,-0.20674,-0.1515,-0.057674,0.029592,0.05426,-0.075478,-0.27284,-0.24777,0.020074,0.16684,0.19272,0.11789,0.08017,0.14285,0.17105,0.18831,0.20387,0.21957,0.22634,0.22664,0.20651,0.12298,-0.030039,-0.15298,-0.1783,-0.15256,-0.11422,-0.079763,-0.0033452,0.096002,0.15237,0.1726,0.14708,0.1505,0.10481,0.02397,0.052751,0.026704,0.11259,0.27439,-0.15896,-1.3025,-1.701,-0.00094126,-0.5202,-0.13754,0.98143,-0.90868,0.077094,-0.27051,0.46533,-0.077788,0.26774,0.74803,-0.0016551,-0.17095,-0.45327,0.21942,0.0093223,-0.21153,-0.19372,-0.26627,0.2252,-0.26342,-0.15378,-0.30005,-0.17502,0.024831,-0.4127,0.10287,1.3626,-0.56409,0.20105,-1.6668,-1.2681,0.16557,0.092986,1.2753,-0.22047,0.25888,0.28399,0.71403,-0.52811,0.00087138,-0.10555,0.00061055,0.039988,0.14863,-0.084466,-0.42179,0.20805,0.058892,-0.29808,0.29156,-0.14833,0.21576,-0.1102,-0.26027,0.35143,-0.096471,2.1207,0.054649,-0.0079534,-1.372,-0.046367,-0.69289,-1.3283,0.0023502,-0.36885,0.85409,-0.3879,0.029967,0.26597,0.012013,-0.43062,-0.20487,-0.25548,0.021609,0.20358,0.33242,0.21247,0.078008,-0.042451,0.2419,-0.23901,0.5729,0.407,0.019158,0.17496,0.028411,-0.54767,0.78631,0.018087,0.45675,0.61158,1.0865,0.89941,-0.52645,-0.21235,-0.3113,-0.21904,-0.33173,0.07579,-0.02982,-0.57321,-0.11709,0.020382,0.067392,-0.14252,0.22325,-0.10822,0.058855,0.28361,0.08056,0.12357,-0.58917,-0.1571,0.27482,-0.10934,-0.24389,2.5097,0.11184,0.47357,0.60566,-0.94528,1.3179,-0.89136,0.48473,-0.0059185,0.12425,0.037636,-0.62468,-0.027621,-0.28167,0.047973,0.16631,0.24889,0.033523,-0.30262,0.18031,-0.02436,0.0074919,0.42784,-0.063518,0.68707,-0.11083,-0.14754,-0.070739,-0.35013,-0.26093,-0.56967,0.88731,-0.33394,0.030142,-0.33888,-1.5282,0.24903,-0.5122,-0.47975,0.083468,0.20172,-0.41249,-0.28096,0.09669,-0.46804,-0.20655,0.26078,-0.064285,0.31569,-0.31206,0.11039,-0.39973,0.047826,-0.39139,0.17634,0.32521,0.35137,0.019265,0.39991,0.076512
-0.11701,-0.1696,0.059546,0.1577,0.2942,0.27814,0.15796,0.096374,0.075227,0.034007,-0.0050656,0.042646,0.11668,0.11917,0.13651,0.12769,0.097566,0.094246,0.053952,-0.0088856,-0.3449,-0.38561,-0.010582,0.14962,0.13913,-0.036512,-0.12309,-0.085969,-0.048558,-0.042458,-0.034896,0.055438,0.12815,0.11412,0.055414,-0.003182,-0.00022179,-0.0054888,-0.019417,0.060125,0.12302,0.081471,0.034224,0.0030478,-0.012544,0.04497,0.085949,0.068117,0.056499,-0.00027951,-0.068244,-0.07245,-0.027039,0.022668,0.047578,0.046276,0.0076254,-0.0097836,0.0067777,-0.032347,-0.080863,-0.059206,-0.044994,-0.040105,-0.041285,-0.042087,-0.053146,-0.093429,-0.055567,0.047158,0.12776,0.16515,0.11101,0.016781,-0.030438,-0.010921,0.045953,-0.083486,-0.16255,0.11434,0.36425,0.30567,0.19083,0.17905,0.13299,0.1144,0.11978,0.14261,0.10905,0.081223,0.10157,0.14934,0.18376,0.14248,0.12967,0.089665,-0.1826,-0.66643,-0.53045,0.48605,0.88199,0.33386,-0.1766,-0.21162,-0.23934,-0.27521,-0.20348,-0.087754,-0.099175,-0.078425,-0.038241,0.029668,0.0746,0.080331,0.10337,0.072117,0.283,0.4618,0.44322,0.32292,-1.4462,-1.441,0.32502,0.4219,0.35701,0.2788,0.24356,0.25404,0.20634,0.15758,0.11706,0.10917,0.15414,0.006145,-0.007168,0.004195,-0.019042,-0.025322,-0.021257,-0.049989,-0.14139,-0.23583,-0.28398,-0.26462,-0.16529,0.0055804,0.16902,0.22276,0.17323,0.079671,-0.02631,-0.076765,0.0056763,-0.018001,-0.10523,-0.093814,-0.0077563,0.085075,0.14171,0.14318,0.14826,0.17578,0.15953,0.12438,0.030085,-0.1654,-0.34888,-0.37963,-0.21557,-0.1267,-0.11826,-0.09155,-0.086179,-0.071481,-0.048605,-0.016834,0.015058,-0.053814,-0.12142,-0.19164,-0.26792,-0.1583,-3.6641e-05,-0.055063,-0.053259,-0.062738,-0.01754,0.0074554,0.028956,0.086907,0.11641,0.16112,0.13374,0.29646,0.41928,0.3362,0.20911,-1.7549,-1.2215,1.0482,2.7417,-1.7007,-0.48231,1.6517,0.91735,-1.2625,0.06571,0.26268,-0.65889,0.088561,0.88902,-0.23195,-0.26948,0.068357,0.30855,-0.080893,0.084613,0.056046,0.027487,0.048167,0.030833,-0.18488,0.10977,-0.36406,-0.030706,0.070851,0.26299,0.41924,0.56467,-0.28668,-1.0626,1.0979,0.80876,0.47528,-1.887,-1.816,0.59846,0.27857,0.039372,0.52378,0.10847,0.50972,-0.095516,-0.055189,0.2979,-0.23654,-0.076812,0.14437,-0.038255,-0.13034,-0.2247,0.197,-0.31215,0.045543,-0.0014803,-0.036132,-0.0015591,0.25159,0.41038,-0.09916,-1.2653,0.16062,-0.26763,0.21363,-0.086707,0.09298,-0.073907,-0.21744,0.21587,-0.25046,-0.034963,-0.094024,-0.093802,-0.17379,-0.046854,0.23489,0.033183,0.1634,0.23086,0.20606,0.19486,0.19638,-0.0052362,0.029646,-0.078701,-0.18907,0.057611,0.033625,-0.26811,0.0041282,-2.703,1.2976,-0.72053,-1.7104,1.6378,0.49343,-0.41752,0.77601,-0.20619,0.21285,-0.067261,-0.28473,-0.031089,0.27558,0.080247,0.27239,0.064812,-0.14231,-0.0016133,0.012696,0.14522,-0.071273,-0.37133,0.30255,0.18386,0.17559,-0.28985,0.13917,0.015297,-0.30472,-0.90283,-0.0096346,-0.054871,-0.61231,-0.17701,-0.34673,-0.48465,0.37021,-0.1382,0.17935,0.031314,-0.13145,-0.13234,0.32328,0.0021212,0.39444,0.10606,-0.16342,-0.04191,-0.026981,-0.061034,0.10779,-0.33957,-0.14457,0.078213,-0.0094594,-0.072211,-0.22746,-0.2578,-0.042846,-2.9306,1.2428,0.052026,-2.0177,1.2411,0.37238,-0.19136,-0.18628,0.46337,0.50093,-0.16689,-0.14812,-0.28379,-0.27296,0.010595,0.34084,0.30151,-0.05911,-0.0061132,0.22963,0.11421,-0.21402,-0.39724,-0.56719,-0.29162,-0.019427,0.099358,-0.16628,0.20188,0.031394
0.21723,0.11288,-0.030896,0.038375,0.073704,0.099989,0.18004,0.18869,0.17737,0.13844,0.12106,0.13168,0.16469,0.18926,0.18897,0.27422,0.36318,0.21161,-0.017067,-0.14133,0.20113,0.03073,-0.43821,-0.28987,-0.16331,0.16165,0.45902,0.3219,0.10979,0.094953,0.22142,0.091688,0.061894,0.032279,-0.068234,-0.012275,-0.025772,-0.094768,0.025319,0.13694,0.10259,0.0531,0.019775,0.018877,0.067789,0.055455,0.020895,0.053062,0.06378,0.031317,-0.016592,-0.067777,-0.043268,0.030311,0.027655,-0.018691,-0.020668,-0.0036922,-0.022708,-0.028405,-0.0028815,0.034722,0.060219,0.072199,0.066501,0.029758,-0.0055239,0.019323,0.10134,0.02919,-0.085967,-0.083289,-0.090797,-0.049779,-0.054341,-0.12599,-0.19398,-0.29144,-0.37418,-0.37574,-0.19448,0.095923,0.2662,0.30193,0.28021,0.20727,0.16039,0.10998,0.08191,0.082396,0.10381,0.13186,0.1189,0.22178,0.36186,0.28069,0.07396,-0.093409,-0.52921,-0.81238,-0.78542,-0.48427,-0.20158,-0.21229,-0.056823,0.13565,0.053609,0.021314,0.012635,0.082234,0.14809,0.14262,0.1834,0.18622,0.41426,0.58762,0.5517,0.46035,0.43328,0.35533,-2.0029,-2.0013,0.17589,0.32326,0.35478,0.36357,0.32846,0.40892,0.35234,0.15664,-0.11101,-0.47115,-0.51241,-0.43534,-0.26357,-0.38679,-0.31709,-0.2167,-0.15654,-0.1755,-0.27089,-0.31486,-0.28409,-0.16146,0.0021973,0.12055,0.18509,0.21393,0.20263,0.14114,0.028028,-0.15282,-0.35963,-0.45677,-0.42273,-0.35394,-0.2819,-0.25779,-0.24137,-0.19459,-0.11124,0.023145,0.16489,0.24352,0.20908,0.14521,0.12954,0.1435,0.13832,-0.022402,-0.065921,-0.03768,-0.073195,-0.098348,-0.071018,-0.026863,0.032007,-0.0013921,-0.035476,-0.016985,-0.1198,-0.28669,-0.25738,-0.14654,-0.19365,-0.18536,-0.1812,-0.10996,-0.02245,0.025829,0.10217,0.10821,0.31808,0.47838,0.44837,0.35857,0.26467,0.18742,0.065701,0.026862,1.4498,0.36296,-1.3733,-1.0615,2.1597,-0.51042,1.3085,-0.22911,-0.77615,0.50464,1.536,-0.0043036,0.40509,-0.53207,-0.2096,0.18866,0.46976,0.39998,0.038969,-0.11126,-0.24884,-0.1443,-0.27347,-0.0026419,0.46023,0.015176,0.055486,0.21695,-0.18805,-0.083196,1.2113,2.2412,-1.4466,0.83854,-2.9014,-1.771,0.045961,-0.17954,-0.49343,0.67208,0.21928,-0.40582,-0.51374,0.08738,0.36171,0.5298,0.16292,0.20492,-0.23358,0.1824,-0.17023,-0.15593,-0.36482,-0.57077,0.24031,-0.10182,0.1767,0.062062,0.14167,0.18392,0.72615,-1.7853,1.7514,0.37701,-0.16588,0.4258,0.44498,-0.8812,-0.60881,0.43017,0.59154,-0.71311,0.055898,0.60526,0.35869,0.28927,0.3779,0.1302,0.11713,-0.08682,-0.0071821,0.04642,-0.072935,0.1675,0.10166,-0.23828,-0.15631,-0.30511,-0.3822,0.029261,-1.4832,2.0102,1.7939,-1.7201,-0.34088,0.14138,0.5191,1.1698,0.27961,0.12161,0.10134,0.33643,-0.18636,-0.40997,0.41206,0.38214,-0.24,-0.45627,0.042222,-0.65841,-0.051319,-0.073174,-0.086722,-0.35881,0.1997,-0.1468,0.1578,0.2847,0.069683,0.06533,1.4077,0.002517,2.4136,-1.6787,-0.096531,-0.56574,-0.66249,0.61527,-0.31507,-1.0065,0.10163,0.3388,0.072193,0.1508,-0.12921,0.095406,0.10134,-0.33843,0.45233,-0.093306,-0.22535,0.078135,0.25213,0.0022656,-0.21941,0.01834,-0.15074,-0.41417,0.15132,0.24987,-1.2252,1.6239,-2.4143,-0.31463,1.8554,0.21668,-0.27992,0.40953,0.10127,0.11783,-0.9503,0.014139,0.37021,0.5516,0.58181,0.54844,-0.58436,-0.19111,-0.018947,0.061088,0.42365,0.21662,0.095531,-0.090166,0.085352,-0.15872,0.18776,0.22304,-0.5234,-0.16388
0.51033,0.12123,-0.036663,0.08652,0.35232,0.28898,0.13779,0.21589,0.22812,0.17192,0.12124,0.084158,0.070062,0.066999,0.084951,0.084285,0.055753,0.063513,0.055756,-0.046072,-0.20732,-0.24769,-0.35473,-0.20825,0.041049,0.26405,0.25617,0.048808,-0.073313,0.028256,0.15684,0.16869,0.16286,0.041586,0.029034,0.015707,0.019919,0.02092,-0.010386,-0.00081429,0.011393,-0.024044,-0.048831,-0.062698,0.0073745,0.083048,0.12886,0.19181,0.20397,0.13038,0.03265,0.0055188,0.068884,0.11214,0.09176,-0.0026573,-0.10134,-0.11702,-0.096588,-0.073368,-0.04863,-0.027054,-0.00041731,0.0075058,-0.0082505,0.0051828,0.047879,0.10585,0.19132,0.15686,0.082023,0.095667,0.076079,0.073234,0.048116,0.017621,0.010612,-0.031327,-0.016849,0.13419,0.33047,0.34001,0.20455,0.11717,0.10705,0.061901,0.042975,0.027185,0.029653,0.039386,0.054249,0.066744,-0.011563,0.046591,0.15028,-0.071569,-0.25204,-0.38769,-0.58046,0.06811,1.6813,1.2055,-0.2503,-0.45232,-0.48485,-0.36668,-0.115,-0.083141,-0.14816,-0.13084,-0.11897,-0.061079,0.0035026,0.026085,0.076214,0.068946,0.30232,0.49886,0.49747,0.45689,-1.5364,-1.6785,0.10638,0.23272,0.28014,0.27666,0.2851,0.31181,0.30842,0.11313,-0.1811,0.12884,0.11947,-0.14057,-0.18073,-0.078412,-0.020755,-0.074357,-0.12675,-0.14722,-0.19183,-0.18793,-0.17198,-0.10271,0.015456,0.19403,0.36806,0.45065,0.4004,0.2347,0.11448,0.017237,-0.13107,-0.16762,-0.12135,-0.097517,-0.051368,0.034438,0.048527,0.062769,0.060066,0.088267,0.17961,0.2764,0.3119,0.31206,0.24352,0.13067,0.064476,-0.050171,-0.083965,-0.068275,-0.11374,-0.14274,-0.12096,-0.090002,-0.055474,-0.13917,-0.24345,-0.27513,-0.31503,-0.36667,-0.24391,-0.053898,-0.076762,-0.037847,-0.00977,0.076386,0.14563,0.12982,0.13462,0.099335,0.30438,0.50006,0.47746,0.32098,0.13068,-2.0839,-1.2899,1.1508,2.0592,-1.7077,-0.26017,2.7596,-0.75029,0.1278,-0.1476,0.40394,0.17857,0.34113,1.0327,0.24105,0.92532,-0.61619,-0.045977,0.50057,0.22973,-0.075952,-0.23747,-0.039264,-0.14747,-0.6898,0.19807,-0.18649,0.30879,-0.063188,0.26889,0.21592,-0.14276,-0.6076,-1.5916,0.24092,-0.1864,1.1102,-1.7072,1.2523,0.54927,-0.15748,-0.089662,0.25828,-0.094419,-0.30409,-0.35253,0.033697,0.29272,0.27931,-0.061795,-0.045301,-0.5344,-0.12913,0.18927,-0.22368,0.10597,-0.060813,0.2475,-0.20924,-0.36494,0.24447,0.30851,-0.20571,-1.5875,-0.51644,-1.1302,-0.29081,-0.15229,0.041765,-0.23126,-0.31793,0.37628,-0.026129,0.22095,-0.06342,-0.040419,0.35063,0.21384,0.45127,0.32363,0.035015,-0.27414,-0.064849,-0.013167,0.16786,-0.19814,0.34856,0.021445,-0.13576,-0.12935,-0.18527,-0.087627,0.21026,-3.971,-0.45876,-0.50753,0.48801,-0.34648,-0.86217,0.69573,-0.071844,0.47511,-0.083724,-0.57784,0.51574,-0.089663,0.65954,0.21218,0.41816,-0.076306,0.20554,0.29736,0.088466,-0.03028,-0.0088518,-0.3175,-0.12325,0.42408,0.23069,0.047249,0.09775,-0.20984,0.29711,-1.0574,0.56078,0.55366,-0.3259,0.22848,-0.35791,-0.70963,0.32614,-0.055155,-0.33377,-0.34688,-0.20451,0.049181,0.44121,-0.13202,0.21911,0.15392,-0.13329,0.21995,-0.10942,-0.45956,0.1698,-0.13627,0.063348,-0.21342,-0.20744,-0.25398,-0.30552,-0.30362,0.090889,-3.6452,0.31809,-0.36346,-2.1176,1.0014,0.11925,-0.57352,-0.60462,-0.2642,0.10874,-0.0015938,0.021334,0.27272,-0.56695,0.11419,0.43265,-0.56188,-0.089846,0.10827,0.1325,-0.12953,0.049973,0.18349,0.080057,-0.11205,-0.044935,-0.3777,0.31483,-0.11207,0.25303
0.19621,-0.11479,-0.055614,-0.012312,0.1276,0.14115,0.035932,0.044214,0.12102,0.11394,0.084063,0.066952,0.0062825,0.01493,0.13273,0.21535,0.19924,0.086367,-0.17718,-0.36323,0.14353,0.1441,-0.3106,-0.077825,0.18921,0.31524,0.19429,-0.023657,-0.12698,-0.079099,0.046522,0.11841,0.21458,0.26787,0.21187,0.084896,0.062958,0.0040458,-0.023464,-0.014592,-0.0093816,0.036866,0.055562,0.018448,-0.019991,-0.017943,0.040859,0.099733,0.098477,0.027132,-0.041236,-0.053272,0.0069081,0.10211,0.15276,0.10917,0.038504,0.016467,0.0087967,-0.012546,-0.00029087,0.023457,0.052966,0.06976,0.061716,0.047046,0.04621,0.021297,0.015397,-0.0098789,-0.08055,-0.079286,-0.050061,-0.020318,-0.043937,-0.093263,-0.099896,-0.042382,0.056435,0.15805,0.23939,0.2896,0.26202,0.14775,0.063213,0.045977,0.026156,0.014914,0.028269,-0.071117,-0.059453,0.030421,-0.042543,-0.37228,-0.26814,0.14906,-0.037313,0.51466,0.78623,0.86006,1.2226,0.33705,-0.3198,-0.30477,-0.28328,-0.32556,-0.35002,-0.19796,-0.013377,-0.046957,-0.013057,0.0064967,0.12982,0.30761,0.40335,0.4102,0.35429,0.27198,0.33348,0.27344,-1.9733,-1.9827,0.19324,0.32542,0.34327,0.30283,0.35195,0.41543,0.25889,0.042138,-0.10679,-0.11247,-0.11366,-0.21585,-0.20071,-0.16104,-0.083382,0.035968,0.059191,0.023989,-0.011756,-0.093332,-0.18047,-0.19286,-0.15948,0.0050261,0.22151,0.32397,0.27576,0.1575,0.10376,0.022687,-0.09269,-0.16495,-0.19564,-0.12559,0.005403,0.093508,0.034386,-0.032761,0.011354,0.10436,0.21661,0.25785,0.2499,0.16643,0.11882,0.093816,0.078762,0.034415,-0.016264,-0.013748,-0.085758,-0.13981,-0.1162,-0.078421,-0.038473,-0.08113,-0.097419,-0.055725,-0.081957,-0.15079,-0.23331,-0.26216,-0.14527,-0.011861,0.03722,0.13422,0.17315,0.43091,0.69415,0.71385,0.55131,0.51657,-1.7991,-2.2606,0.043645,0.33765,0.44653,0.53351,4.0861,-1.08,-0.44187,1.5591,-0.17577,-0.92518,-0.0063974,0.75489,0.11173,0.56821,0.9331,-0.011961,-0.75494,0.17613,0.38381,0.13626,0.15571,-0.30945,-0.17608,0.21846,-0.071545,0.33479,-0.015188,-0.24736,0.37389,0.054378,0.34229,-0.2184,-0.028742,0.10342,-1.9371,0.55697,-0.4673,0.82527,-2.0477,1.1423,0.61008,-0.087806,0.14806,0.026276,-0.098794,-0.27343,-0.40802,-0.055183,0.16532,-0.22432,0.292,0.19191,-0.14642,-0.49304,-0.05866,0.28569,-0.15887,-0.048009,0.080094,-0.28795,-0.20921,-0.19517,0.24425,-0.15703,-1.8186,-0.80918,-0.6872,-0.30074,-0.55636,0.14181,-0.26084,-0.22405,0.55522,0.080436,0.29007,-0.081745,0.21176,0.20138,-0.10204,-0.078813,-0.00062908,0.042518,-0.17868,-0.14288,-0.35748,0.28853,0.073968,0.39398,-0.27806,0.21003,-0.2176,-0.15016,-0.028615,0.16096,-4.393,0.21365,0.29774,-0.43056,-1.024,0.6555,0.073122,0.36909,-0.13988,0.59981,0.54851,0.28471,-0.4768,0.27498,-0.37215,-0.00086667,-0.017856,0.041782,0.022456,-0.34455,-0.26549,0.044165,0.23244,-0.042168,0.30276,-0.12083,0.18256,-0.10825,-0.39588,0.34738,-1.2476,0.47694,0.85436,-0.28534,0.37707,-0.17603,-0.24341,0.046715,-0.095878,-0.36187,-0.19282,-0.072358,-0.034143,0.25133,0.048266,-0.22691,0.30564,0.39632,-0.25235,0.093055,-0.25545,0.10434,0.32205,-0.24297,0.017774,-0.31627,-0.15142,-0.09665,-0.013316,0.090405,-3.2705,0.23847,-1.201,2.1399,1.9461,-0.37294,-0.43584,0.25102,-0.54496,0.6471,1.1846,-0.17797,0.58674,-0.14124,-0.19498,0.29757,-0.31632,-0.094843,0.029001,0.020737,0.10275,0.18727,0.19499,0.14491,0.066108,-0.1016,-0.37243,0.16279,-0.32538,-0.069555
-0.47914,-0.44175,-0.10106,0.021354,0.13315,0.21383,0.26883,0.22651,0.16759,0.093876,0.050431,0.053322,0.088811,0.12766,0.1259,0.13293,0.090888,-0.065297,-0.19144,-0.44812,0.29734,0.4282,-0.33384,-0.060401,0.12539,0.16265,0.15647,0.064858,-0.045827,0.06986,0.34845,0.096645,0.047364,0.23255,0.15202,0.12112,0.05008,-0.014831,-0.086117,-0.14723,-0.17749,-0.17742,-0.18689,-0.14481,-0.14666,-0.1967,-0.082369,0.095898,0.15901,0.11781,0.029144,0.016351,0.078465,0.14521,0.15331,0.1166,0.00079809,-0.095983,-0.091189,-0.056299,-0.018238,0.083219,0.16425,0.15198,0.12595,0.11551,0.038444,-0.039019,-0.00708,0.0011489,0.010219,-0.032977,-0.06453,-0.084744,-0.07646,-0.056049,-0.016594,-0.094587,-0.1241,0.11667,0.36145,0.28708,0.091157,0.043588,0.061338,0.12583,0.1497,0.15182,0.15712,-0.084033,-0.13259,0.072875,0.0077001,-0.37195,-0.19643,0.10434,0.063087,0.46691,0.72679,0.87896,0.82213,0.28971,-0.29894,-0.34392,-0.18529,0.0097228,-0.074581,-0.10395,-0.10318,-0.041309,0.026548,0.060527,0.16428,0.22043,0.46172,0.61136,0.54191,0.43587,0.35595,0.13733,-2.2061,-2.2617,0.080348,0.33024,0.34291,0.30611,0.39724,0.49743,0.50478,0.3529,-0.11807,-0.49967,-0.5602,-0.30627,-0.069488,-0.061165,0.025929,0.088125,0.036441,-0.036504,0.0041114,-0.063606,-0.05284,-0.18713,-0.30284,-0.24084,-0.064819,0.14551,0.2373,0.1868,0.057685,-0.015267,-0.090452,-0.16317,-0.15871,-0.1024,-0.021735,0.059629,0.12596,0.13991,0.17007,0.2794,0.43633,0.55053,0.5419,0.39884,0.12441,0.0042926,-0.030898,-0.082836,-0.05796,-0.064277,-0.051076,-0.09029,-0.12165,-0.09208,-0.05965,-0.16037,-0.26817,-0.30335,-0.34257,-0.24168,-0.0728,-0.088045,0.012664,0.10321,0.059113,0.077115,0.033804,0.25975,0.58203,0.73727,0.58841,0.27483,-1.976,-2.218,0.12796,0.36738,0.44627,0.51089,3.5018,-0.56608,-0.82383,-2.5721,-0.58452,-1.5298,-1.0931,0.62466,-0.85857,0.83222,0.81538,0.1445,-0.29381,0.37146,-0.39014,0.064838,0.00016103,0.1757,-0.61159,-0.40771,-0.14199,-0.27942,-0.24067,0.093324,0.14668,-0.11154,-0.1421,-0.16464,-0.34082,-0.34877,-2.1343,0.97087,-0.66027,0.32035,-2.2217,-1.4839,-0.375,-0.73027,-0.53046,0.42603,0.12863,-0.13534,-0.30514,0.23389,0.08463,0.4068,0.55587,-0.26216,-0.66384,-0.27654,0.055108,-0.095127,-0.52316,0.30997,-0.17807,0.1769,-0.19414,0.043655,-0.13185,-0.23494,-2.0768,-0.85825,-0.38074,-0.24467,-0.73177,-0.24007,0.24512,-0.4929,1.0475,-0.24445,0.29006,-0.51031,0.14402,0.52389,-0.4667,0.38386,-0.028154,-0.25993,-0.32679,0.17938,-0.15778,-0.0095492,-0.039337,0.38431,-0.35537,0.21317,0.14201,0.26108,0.17229,-0.16161,-4.6737,0.87835,0.78356,-0.42551,-1.1707,0.22893,-0.20617,0.8029,-0.08917,0.54533,0.66651,0.62423,-0.045248,0.15526,-0.30257,0.022791,0.099676,0.22743,-0.37443,0.02597,-0.71416,0.19556,0.11075,-0.12242,0.40145,-0.44945,0.43093,0.05945,-0.42131,0.19414,-1.6367,0.28443,1.266,-0.54727,-0.38452,-0.62235,-0.16885,-0.16749,-0.067672,-0.55116,-0.58183,-0.11138,-0.45454,0.077154,-0.088286,-0.21481,0.6186,0.19927,-0.0091383,0.081239,0.10174,0.27395,0.11945,0.005065,0.30308,-0.075092,-0.010445,-0.20873,0.19355,-0.3277,-3.3135,0.76243,-1.6574,2.3004,1.9243,0.15619,-0.32416,0.45011,-0.66925,0.76191,1.0531,0.12584,1.0003,0.060846,-0.56464,0.3584,-0.16301,-0.52827,-0.032682,0.11056,0.33995,-0.2862,0.5055,0.19144,0.094597,0.44843,-0.10606,-0.024104,-0.20658,-0.058253
-0.23499,-0.18768,0.070947,0.059696,0.18611,0.23463,0.12285,0.093893,0.14615,0.12899,0.10197,0.094136,0.090112,0.10496,0.10993,0.061782,0.019472,-0.0069364,-0.086494,-0.12903,-0.2822,-0.2932,-0.25289,-0.019051,0.17369,0.25927,0.099126,-0.10095,-0.097435,0.045152,0.037013,0.16876,0.29473,0.24442,0.24295,0.16574,0.043907,-0.026347,-0.072965,-0.087272,-0.0085155,0.035942,0.0031523,-0.012183,-0.062469,-0.11298,-0.08226,-0.043749,-0.050239,-0.060762,-0.080892,-0.095334,-0.064214,-0.0015635,0.069034,0.065486,0.0030049,-0.037508,-0.04504,-0.044485,-0.021495,0.055495,0.13161,0.14366,0.14063,0.13138,0.11961,0.083969,0.063164,0.13644,0.10952,0.071883,0.085475,0.070432,0.035947,-0.018174,-0.038989,-0.15437,-0.15405,0.14317,0.38483,0.29029,0.11204,0.10066,0.076391,0.08365,0.064766,0.049733,0.04938,0.053739,0.064689,-0.006497,0.0001625,-0.032738,-0.33238,-0.49605,-0.28028,0.34464,1.0454,1.3259,0.83691,0.14836,-0.35964,-0.31087,-0.28489,-0.33709,-0.37085,-0.20738,0.0039123,-0.0067415,0.032266,0.034783,0.11298,0.19842,0.18292,0.3324,0.44586,0.41293,0.36527,0.34073,-1.632,-1.7661,0.11995,0.30519,0.2982,0.25323,0.29343,0.34949,0.13721,-0.17278,-0.11315,0.14447,0.22027,0.062722,-0.098015,-0.083375,-0.03158,0.036789,0.082875,0.10804,-0.0052631,-0.19208,-0.2471,-0.20001,-0.032692,0.16096,0.28155,0.31847,0.26032,0.1466,0.067808,0.0073603,-0.063692,-0.099309,-0.1599,-0.14855,-0.017566,0.12143,0.10229,0.023635,0.04533,0.11187,0.26925,0.3699,0.30325,0.14901,0.087813,0.030202,-0.040588,-0.012801,-0.053391,-0.064365,-0.053091,-0.067434,-0.07228,-0.038601,0.0010764,-0.08041,-0.18881,-0.25065,-0.2949,-0.16463,0.023945,-0.027565,-0.039129,-0.070723,-0.0493,-0.014708,-0.011505,0.044838,0.070099,0.35196,0.56092,0.41191,0.23104,-1.6111,-1.8238,0.36554,0.48667,0.47495,2.7715,-1.4627,-0.22423,1.5195,-1.3644,-0.037877,-0.45399,0.82791,0.40578,0.073072,1.0343,-0.039152,0.81862,-0.44845,0.24838,1.2515,-0.039754,0.28048,-0.11083,-0.12685,-0.10297,-0.79348,-0.33473,-0.20294,-0.2114,0.17304,0.12071,0.1197,0.098963,0.1149,-1.637,0.53162,-0.26459,0.71661,-2.1295,1.1734,0.75792,0.048692,-0.090546,0.059946,0.13106,-0.075169,-0.21543,-0.011025,0.39155,0.11353,0.057965,0.33519,-0.59598,-0.21825,0.23314,0.072651,-0.30028,0.21238,0.12614,-0.10386,-0.27452,0.16178,0.13189,0.0099457,-1.5518,-0.47639,-0.52139,-0.11818,-0.37672,0.20063,-0.63743,0.029587,0.86047,-0.52008,0.23497,0.017293,-0.01224,-0.039263,0.084006,0.14764,0.21456,0.14075,-0.35563,-0.019416,-0.13532,0.30872,0.10256,0.43084,-0.2593,0.056472,0.16967,0.10596,-0.22315,-0.0098635,-3.9704,0.27629,-0.075507,-0.60714,-0.85804,0.85479,-0.45239,0.097763,-0.079015,-0.17472,-0.38782,0.31058,-0.61483,-0.026459,0.16582,0.25095,0.56525,0.071588,0.086361,0.19254,0.15613,0.16984,-0.39662,-0.028795,0.29225,0.018958,-0.37685,-0.069432,-0.099867,0.11198,-0.91497,0.48285,0.51331,-0.28683,0.7938,0.40855,0.10838,-0.1264,-0.57342,-0.47701,-0.18779,-0.24316,-0.36548,0.48603,0.11031,0.18703,0.16345,0.19247,0.098269,-0.084757,-0.097601,0.039558,0.26865,-0.31834,-0.0027778,-0.19419,0.041939,-0.47142,-0.32385,-0.0255,-3.8229,0.28258,-0.053404,1.1419,0.18705,0.20392,1.4487,-0.57741,0.029953,-0.63095,-0.51339,0.52987,-0.18716,-0.60146,-0.032208,0.14137,-0.21835,0.12632,-0.18735,-0.37269,0.12958,-0.019805,0.26205,-0.16147,0.17654,-0.2367,-0.014316,0.3663,0.023567,0.12704
0.16508,0.10871,-0.088973,-0.19759,-0.19532,-0.045718,0.16102,0.24525,0.20301,0.12052,0.047435,0.01054,0.042552,0.12076,0.15946,0.14946,0.10583,0.071553,0.039648,-0.013643,0.11553,0.014665,-0.13265,-0.04141,0.014938,0.069271,0.075451,0.028382,-0.034925,-0.038785,0.10053,-0.0019348,0.17463,0.21488,0.10688,0.079406,0.0080608,-0.040443,-0.066276,-0.015808,0.03019,0.0082796,-0.018776,-0.036972,0.10425,0.22303,0.22379,0.068962,-0.090686,-0.081181,-0.11346,-0.056412,0.083427,0.16385,0.1562,0.090186,0.014286,0.041124,0.088356,0.14265,0.20649,0.21399,0.23196,0.25879,0.14713,0.004295,-0.0047956,0.01353,0.020192,-0.010688,0.072568,0.080274,-0.014006,-0.18667,-0.33728,-0.38733,-0.33466,-0.34586,-0.4057,-0.40799,-0.29821,-0.029115,0.20642,0.23113,0.16842,0.073594,0.058744,0.10106,0.111,0.13412,0.15526,0.049993,-0.037915,-0.048579,-0.094388,-0.17343,-0.24103,-0.26979,-0.28879,-0.30205,-0.36998,-0.13113,0.12878,0.17335,0.16154,0.076558,-0.091758,-0.2197,-0.25201,-0.22362,-0.1554,-0.038865,0.15718,0.30218,0.30683,0.24689,0.17976,0.14241,0.17765,0.15496,-1.8519,-1.8165,0.18262,0.22682,0.18534,0.15562,0.20388,0.26336,0.21556,0.12575,-0.22472,-0.5143,-0.39168,-0.28345,-0.16861,-0.14214,-0.042486,0.0093711,0.037961,0.01201,-0.084012,-0.17071,-0.2004,-0.16005,0.024621,0.30298,0.32743,0.16091,0.1372,0.14732,0.047666,-0.14835,-0.37992,-0.48359,-0.43459,-0.31188,-0.17077,-0.13662,-0.18183,-0.1053,0.17356,0.46725,0.56904,0.46951,0.30879,0.1791,0.10118,0.12651,0.048592,-0.036999,-0.0069806,-0.062991,-0.094084,-0.051519,0.0026029,0.056038,0.098279,0.050576,0.0098614,0.02358,-0.051809,-0.10167,-0.13485,-0.21039,-0.21477,-0.16971,-0.057063,0.042906,0.087096,0.16204,0.17068,0.3098,0.38085,0.25429,0.11501,0.076711,0.048023,0.0018214,-0.030019,-0.047082,1.1407,-0.022796,-2.0451,-0.99123,1.7769,-0.53933,1.5889,0.52567,-0.24939,-0.062582,0.8102,-0.33498,-0.0208,-0.062945,0.24024,-0.1696,0.4694,0.5044,0.14049,-0.46824,-0.089773,-0.47727,0.072689,-0.50227,0.51803,0.10067,0.0078557,0.42634,-0.44455,0.012405,1.7244,1.7118,-1.5189,-0.063268,-2.949,0.64221,1.3362,-0.24988,0.17338,0.68662,-0.65724,0.25867,-0.92804,0.036879,0.32496,0.056024,-0.070602,0.15283,-0.11138,0.079371,0.12297,-0.20669,-0.59986,-0.01886,0.025056,-0.25847,-0.22921,-0.11214,0.19813,-0.16052,0.80282,-1.5151,1.3802,-0.27716,0.16086,-0.05321,0.49416,0.11879,-0.35857,0.43653,0.7232,-0.42504,-0.46355,0.47789,-0.0067378,0.14285,0.21056,0.19989,-0.029206,0.42177,-0.024628,0.18935,0.10186,0.41925,0.013401,0.3593,0.080478,-0.034837,-0.13164,0.12286,-1.4327,2.1389,1.827,-1.0696,-0.36904,-0.027239,-0.12513,0.25076,0.064009,-0.003292,-0.18943,-0.51418,-0.36884,-0.015145,0.21554,0.20044,-0.33774,-0.2224,-0.24177,-0.36192,-0.59533,0.33414,-0.37088,-0.06121,0.25747,-0.2342,-0.056818,0.42957,-0.10748,-0.1202,1.5856,-0.69471,2.3932,-1.3637,-0.33722,-0.097313,-0.55942,-0.37615,-0.22971,-0.072918,0.31103,0.28523,-0.04022,0.49873,-0.48055,0.15363,0.31211,0.2054,0.263,-0.021277,0.061751,-0.13772,0.24985,-0.4385,0.21493,-0.065481,-0.072648,0.061386,-0.079538,0.043888,-0.84614,1.6168,-1.817,0.13795,0.15374,0.50477,2.0932,0.188,0.7479,-0.069859,-0.1624,0.29968,-0.4106,-0.22081,0.52609,0.26803,-0.42903,-0.51379,0.077787,0.08145,0.44132,-0.41415,0.18579,0.0095736,-0.025516,-0.4655,0.16534,0.2162,0.22758,0.19079
0.13378,0.10761,0.046876,0.16575,0.35066,0.34314,0.21572,0.14944,0.12619,0.07948,0.017713,-0.010009,0.0043616,0.030489,0.06804,0.11681,0.1491,0.073944,-0.096642,-0.16452,0.24119,0.14955,-0.087447,0.01578,-0.057975,-0.15174,-0.1658,-0.091499,0.0078151,-0.017409,-0.096761,-0.009493,0.09509,0.031477,-0.042288,-0.15094,-0.16676,-0.13474,-0.045251,0.00085162,-0.0052729,-0.0015887,-2.9023e-05,-0.043415,-0.12807,-0.19472,-0.007635,0.24023,0.30292,0.23573,0.13376,0.042988,-0.040192,-0.012383,-0.017131,-0.0425,-0.061882,-0.053423,-0.038871,-0.023898,-0.014314,-0.022153,-0.025229,-0.0091935,0.011231,-0.010615,-0.049374,-0.050067,-0.012283,0.11364,0.166,0.11508,0.039965,-0.082661,-0.13679,-0.10508,-0.032646,0.025432,-0.15604,-0.29812,-0.098761,0.16281,0.21463,0.16091,0.12813,0.078598,0.069389,0.065952,0.070222,0.080665,0.10729,0.13926,0.11104,0.18388,0.32122,0.25649,0.093348,-0.68886,-0.55203,0.55875,0.037129,-0.043387,-0.13255,-0.22884,-0.25193,-0.29127,-0.21876,-0.088368,-0.10578,-0.093101,-0.021762,0.066357,0.12798,0.18249,0.21612,0.36663,0.4618,0.39949,0.30606,0.12841,-1.9449,-1.8618,0.29011,0.326,0.24312,0.17474,0.15306,0.17496,0.21298,0.088966,0.033744,0.41255,0.39563,0.071717,0.031402,0.16191,0.18222,0.1904,0.14236,0.11681,0.1493,0.16321,0.071843,-0.091981,-0.19211,-0.18488,-0.052288,0.14787,0.23482,0.085545,-0.11397,-0.1433,-0.056471,-0.082065,-0.064315,-0.019381,0.046792,0.038361,-0.018786,-0.028273,-0.034677,-0.062768,-0.072091,-0.057626,-0.090334,-0.19943,-0.30942,-0.28871,-0.14123,0.0054522,0.0096883,-0.027026,-0.021326,-0.04937,-0.066613,-0.036632,-0.0061104,0.020387,-0.017137,-0.063512,-0.16944,-0.31342,-0.22139,-0.02293,-0.023646,0.0137,0.0095789,0.027532,0.047981,0.055469,0.10823,0.11728,0.30515,0.44441,0.41348,0.32557,0.14798,-1.2346,-0.41792,0.98271,2.9426,-1.7167,-0.31216,0.65907,0.46913,-1.5663,0.58261,-0.75259,-0.84382,0.0014195,0.6254,-0.41371,-0.25146,0.14544,-0.095372,-0.43874,0.35588,0.38169,-0.30059,-0.33267,-0.094031,-0.56459,0.42819,0.2685,-0.92856,0.17006,0.036278,0.0037484,-0.071035,-0.16814,-0.83045,1.1093,0.78459,0.22742,-2.6066,-1.3849,-0.41795,0.76151,-0.69112,0.79135,-0.084339,0.40954,-0.2053,0.062482,0.4147,0.20918,0.15421,-6.6663e-05,-0.083578,0.078685,-0.018322,-0.25489,0.11016,-0.17815,-0.3656,0.17486,-0.016118,0.13006,0.07568,0.047578,-1.0657,-0.054106,0.55905,0.43933,-0.23916,0.49098,-0.73643,-0.2423,-0.4607,-0.38828,-0.17581,-0.046141,-0.30283,0.024205,0.081365,0.16045,-0.037168,-0.018317,0.17451,0.14633,0.02412,-0.13124,-0.37782,0.17104,0.030946,0.037768,0.12418,0.052198,-0.015706,-0.05206,-2.7442,1.7946,-0.26101,-1.9343,1.2337,0.75986,0.50575,0.37105,-0.21067,0.31409,-0.099108,-0.22231,0.090638,-0.33311,-0.014783,0.097517,-0.21263,0.28049,-0.56312,-0.33893,0.040936,-0.18765,0.013259,-0.17326,0.19417,0.33183,-0.10576,0.12129,0.086979,-0.34997,-0.42921,-0.48867,0.13954,-0.9464,-0.22462,0.41211,-0.71777,0.7683,-0.2237,0.29596,0.27193,0.21192,-0.21109,0.090117,-0.021765,0.013929,0.20995,-0.22051,0.080403,-0.061884,-0.1877,0.20006,-0.34863,0.023909,0.020973,0.24825,-0.053552,-0.02463,0.015533,0.35135,-1.507,1.9592,-0.50067,-1.6309,2.2788,-0.44658,0.37803,-0.30043,-1.112,0.090959,0.46468,-0.42801,-0.13925,0.92433,0.55998,-0.81837,-0.30012,-0.17258,0.028671,-0.17045,0.50482,-0.30354,0.29705,0.27514,0.2111,0.4415,0.1429,-0.011858,-0.11953,-0.12225
0.10282,0.11956,0.28159,0.43233,0.40091,0.29554,0.21739,0.15054,0.10018,0.043737,0.027677,0.045218,0.04591,0.039957,0.078089,0.13398,0.13253,0.074951,-0.065172,-0.17572,-0.17415,-0.25413,-0.26345,0.04231,0.20291,0.10627,-0.097227,-0.18712,-0.1223,-0.042359,-0.10597,-0.023349,0.04804,-0.01279,-0.04205,-0.046478,-0.031945,-0.0028935,0.01365,0.0082078,0.047403,0.06849,0.05335,0.041044,0.092223,0.09492,0.067092,0.10897,0.11705,0.067042,0.0017382,0.031736,0.0071717,-0.051373,-0.039236,-0.0385,-0.040638,-0.016619,-0.04282,-0.090084,-0.073468,-0.063333,-0.054492,-0.041272,-0.034076,-0.024167,-0.024285,-0.018892,0.0077072,0.050373,0.12596,0.15366,0.0956,0.022327,-0.0089332,-0.0058528,0.010926,0.0044238,0.20352,0.39984,0.29881,0.16183,0.1693,0.13647,0.11833,0.073432,0.042,0.045888,0.049274,0.058775,-0.039493,0.0048622,0.18519,0.14474,-0.3863,-0.51092,-0.2512,-0.25427,0.62939,0.87554,0.57712,-0.086441,-0.30459,-0.27639,-0.28987,-0.33418,-0.26453,-0.11751,-0.10822,-0.078279,-0.0083964,0.052908,0.059916,0.16839,0.27597,0.2855,0.25128,0.19891,0.17893,0.16454,-1.6693,-1.6808,0.1477,0.31923,0.31451,0.25778,0.28045,0.34018,0.15957,-0.063525,0.12747,0.50373,0.47221,0.36444,0.25277,0.19191,0.1767,0.11484,0.043386,0.036303,-0.030478,-0.077269,-0.048243,-0.0061807,0.033521,0.1092,0.20618,0.25672,0.23393,0.13918,0.016149,0.029752,0.060061,0.038277,0.024018,0.044748,0.097433,0.13759,0.087632,0.034843,0.044717,0.031464,0.035182,0.08006,0.086337,-0.006625,-0.14587,-0.16514,-0.18332,-0.18783,-0.12921,-0.11293,-0.12332,-0.12366,-0.10096,-0.068364,-0.029502,-0.13863,-0.28686,-0.3129,-0.14786,0.048602,-0.018921,-0.047955,-0.061556,-0.025086,0.020152,0.023209,0.071606,0.089621,0.33476,0.60308,0.66575,0.51024,0.39451,-1.6788,-2.1708,0.0069273,0.50589,0.61278,3.0068,-1.3565,0.373,-2.3609,-0.23298,0.22381,1.0186,-0.53655,-0.30793,-0.16185,0.75052,-0.51862,0.2215,0.69644,-0.088386,0.099044,0.8373,0.51232,0.17057,-0.34535,0.076927,-0.046749,0.1047,-0.043113,-0.16082,0.42101,-0.044241,0.27721,0.24231,0.25338,-1.6786,0.56836,0.57841,1.3072,-1.6549,1.2301,0.58886,0.40974,-0.050907,0.33435,-0.15529,0.22681,-0.5068,0.00077115,-0.15945,0.20073,-0.15343,-0.11897,-0.20492,-0.2334,-0.014608,0.11351,0.065955,-0.3304,0.35437,0.16297,0.080296,0.024868,0.031074,-0.30242,-1.5885,0.20156,-0.53662,0.26675,0.17898,0.73299,-0.75776,0.14101,0.22066,-0.23331,-0.094484,0.080747,0.0069535,0.11249,0.072997,0.28675,-0.071108,0.099615,0.011241,0.15473,-0.08946,0.27094,-0.010511,0.13175,0.055094,-0.038062,-0.15791,-0.25371,0.17359,-0.0071409,-4.2172,0.1401,-0.79963,-0.86122,-0.50157,0.88602,0.22726,-0.080128,0.08788,0.39613,-0.059427,-0.045631,-0.36936,0.0026912,-0.53509,0.10179,-0.10383,-0.10976,0.29832,-0.13827,-0.021102,-0.035028,-0.12327,0.16711,0.3649,0.27574,-0.27193,-0.061345,-0.099561,0.28084,-1.0982,0.084324,-0.23397,-0.647,0.1077,-0.032993,-1.0146,0.50081,0.13574,0.12511,-0.19571,-0.38162,0.46775,0.12485,0.050323,0.1944,0.23397,0.0034547,0.010355,-0.15238,-0.12549,0.042621,-0.064708,-0.098823,-0.034623,0.055504,0.0021861,-0.0065423,0.053018,0.039479,-3.4524,0.90125,0.3037,-2.3708,1.4183,-0.11719,-0.097403,-0.49966,-0.034197,0.1952,0.18895,-0.33857,-0.2326,0.044337,0.075544,-0.10576,-0.08188,0.11191,0.13945,0.11014,-0.16738,-0.22558,-0.098427,-0.24796,-0.10736,0.064486,-0.18505,0.11721,-0.023003,0.3555
0.17802,-0.097842,0.00033542,0.067685,0.21875,0.2556,0.24195,0.23064,0.20792,0.1415,0.10325,0.083407,0.093462,0.11062,0.15345,0.16746,0.19804,0.17341,0.0126,-0.17772,-0.05594,-0.02085,-0.2246,-0.090485,0.12895,0.4021,0.45312,0.1024,-0.15054,-0.10309,0.036636,0.072494,0.15909,0.081842,0.029029,-0.012507,-0.045558,-0.059522,-0.050563,-0.039104,-0.017866,-0.025011,0.0094555,-0.0021204,-0.05241,-0.040116,0.030939,0.094154,0.076162,0.024807,-0.0097411,-0.014244,0.032741,0.02378,-0.040605,-0.086841,-0.11111,-0.075745,-0.038392,-0.014529,0.021282,0.031465,0.034356,0.055371,0.063793,0.046556,0.050129,0.065924,0.091779,0.16487,0.1031,-0.0030981,-0.052007,-0.09734,-0.084039,-0.047139,0.012399,-0.0688,-0.20771,-0.15197,0.10457,0.19643,0.11701,0.069775,0.069337,0.04094,0.034574,0.025495,0.022661,0.02575,0.039363,0.061187,0.054845,0.13917,0.19161,0.087126,-0.049038,-0.36906,-0.56011,0.23366,1.6876,1.1228,-0.18392,-0.26262,-0.30675,-0.35454,-0.24935,-0.080199,-0.11727,-0.081751,-0.071193,0.013463,0.11149,0.14846,0.19336,0.16741,0.38617,0.5392,0.47107,0.31815,-1.9148,-1.9987,0.08353,0.20331,0.30114,0.33527,0.29104,0.34675,0.38494,0.15486,-0.16055,0.28216,0.43113,0.24709,0.12299,0.1422,0.14626,0.13162,0.096803,0.084924,0.010445,-0.036547,-0.19325,-0.35022,-0.33284,-0.17189,0.041558,0.15705,0.12548,0.082501,0.089248,0.043193,-0.036395,-0.046287,-0.0039569,0.060126,0.13798,0.10538,0.024126,0.030194,-0.037773,-0.09368,-0.074935,-0.041823,0.069723,0.10621,0.064827,0.0021442,-0.047962,-0.015713,-0.062802,-0.07404,-0.059554,-0.07429,-0.084522,-0.056379,-0.026709,-0.108,-0.16344,-0.17585,-0.26668,-0.33856,-0.20979,-0.015295,-0.039004,-0.020411,-0.0235,0.0066546,0.032702,0.0212,0.060971,0.07277,0.31498,0.49568,0.44302,0.33398,0.133,-2.1236,-1.3248,1.1634,4.0221,-1.931,-0.10386,0.82343,-0.41937,-0.95998,0.56656,-0.07772,-0.9149,0.2883,0.63769,-0.69569,-0.37776,0.045689,-0.62674,-0.10204,0.24698,-0.18576,-0.48638,0.022026,0.039745,-0.011934,-0.27585,-0.050397,0.052316,0.1778,0.0068549,-0.19142,-0.2024,0.087227,-2.0506,0.95844,0.36141,0.64024,-2.175,1.0953,0.88655,0.5898,0.098973,0.21998,0.027558,-0.26454,-0.51211,-0.070909,0.20886,-0.013381,0.30965,-0.12181,-0.42748,-0.12182,0.12724,0.0051635,-0.048974,0.039838,0.070413,-0.20088,-0.30363,-0.14617,0.13359,-0.20531,-1.9159,0.16268,-0.5112,-0.069277,-0.21952,-0.42629,-0.59513,-0.18006,0.046675,-0.14,0.13916,-0.21965,0.079994,0.42713,0.1795,0.013107,0.13722,-0.059572,-0.22754,-0.11103,-0.21356,0.10624,-0.0404,0.35387,-0.27065,-0.016534,-0.07543,-0.14158,0.22323,0.090944,-4.5556,0.5515,-0.40789,-0.74417,-0.91078,0.9735,0.13968,-0.13455,0.34719,-0.016544,0.021585,0.36658,-0.44517,-0.27978,-0.075674,0.63264,0.15703,-0.25929,-0.33386,0.20609,-0.2366,0.28403,0.55086,-0.38988,-0.019066,-0.21018,0.27889,0.039618,0.073549,0.097616,-1.37,-0.026183,0.01,-0.32391,0.37562,0.34658,-0.71242,0.38083,-0.12529,-0.39996,-0.2811,-0.30493,0.10756,0.33115,-0.29383,-0.11934,0.16429,0.18411,0.12659,0.068545,-0.27443,0.19421,0.072557,0.16126,0.087241,-0.18859,-0.24926,-0.38788,-0.027614,0.020951,-3.8416,0.93755,0.53829,-1.9803,0.18505,-0.021464,1.9044,-0.20029,0.12579,-0.14826,0.14328,0.58624,-0.21984,-0.64509,-0.22693,0.30274,-0.4474,-0.30359,-0.10638,-0.13295,-0.10567,-0.36538,0.38173,0.15653,0.5273,-0.20595,0.30891,0.71889,-0.2356,0.062138
-0.084141,0.022348,0.18907,0.12813,0.062641,0.0779,0.15123,0.20296,0.19137,0.13254,0.09549,0.011717,0.0067293,0.10926,0.16406,0.11299,-0.084056,-0.21504,-0.16839,-0.086844,0.26016,0.12235,-0.12911,0.0020976,0.0258,-0.0099461,-0.086771,-0.029729,0.065847,0.11227,0.23685,0.24768,0.11244,0.017834,0.02809,0.021065,-0.021033,-0.05584,-0.066804,-0.080967,-0.10416,-0.073767,-0.050199,-0.080688,-0.13357,-0.16727,-0.084771,0.038828,0.089175,0.058276,-0.0074477,-0.046937,-0.052676,-0.024671,-0.001227,-0.025439,-0.085798,-0.077726,-0.0053796,0.066271,0.098762,0.024024,-0.049481,-0.029416,-0.013295,0.0027905,0.01192,0.016777,0.047948,0.043584,0.043915,0.027524,-0.0028356,0.020611,0.031868,0.061645,-0.081866,-0.28345,-0.27207,0.0059812,0.22901,0.22729,0.18992,0.10823,0.062593,0.042486,0.013126,0.018654,-0.18545,-0.5577,-0.27257,1.0403,-0.016679,-0.050641,0.05763,0.3197,0.51649,0.58379,0.64009,0.67671,0.442,-0.024037,-0.29284,-0.32738,-0.32857,-0.3596,-0.24322,-0.063458,-0.1084,-0.083058,-0.079717,0.035843,0.24793,0.39303,0.41571,0.3224,0.20903,0.17337,0.22132,0.19275,-1.9802,-1.9259,0.32921,0.40529,0.34921,0.36709,0.39673,0.33921,0.29725,0.31377,0.18225,-0.5183,-0.45645,0.021059,-0.066011,0.017445,0.046591,0.085352,0.10801,0.065732,0.035526,-0.00052124,-0.080049,-0.11233,-0.14101,-0.068954,0.053694,0.17868,0.24889,0.1815,0.081029,0.040977,0.002903,-0.015792,-0.017432,0.045844,0.18513,0.26082,0.23066,0.13457,0.024008,-0.020348,0.014552,0.070026,0.097615,0.04174,-0.057677,-0.051403,0.0069821,-0.0066296,-0.012111,-0.021054,-0.023306,-0.0047768,0.02022,0.052432,-0.11903,-0.2174,-0.20589,-0.1482,-0.045994,-0.095794,-0.15804,-0.11446,-0.032918,-0.015874,0.072387,0.1322,0.6769,1.5374,-0.58844,-2.0435,-0.52573,-0.40009,-0.10759,0.14288,0.16992,0.13425,0.19631,0.28338,3.327,-1.4228,-0.88996,-1.8608,-0.76903,-1.4454,-0.99751,0.33788,-0.31172,0.74666,1.0047,0.14831,-0.24467,0.57708,-0.18285,-0.43343,0.2195,0.4749,0.087547,0.35192,-0.35823,-0.026659,0.31491,-0.10224,-0.067921,-0.078528,0.24646,-0.26883,-0.17207,0.19157,-1.8197,1.1662,0.012207,0.3826,-1.7674,-1.5752,-0.47745,-0.07934,-0.23945,0.18778,0.0061135,0.091471,-0.26881,0.39685,0.099201,0.055234,0.08182,0.056547,0.2629,-0.28418,-0.30448,0.63307,-0.24372,0.012549,-0.071215,0.4223,-0.031776,-0.32409,0.030534,-0.032822,-1.9211,-0.62693,0.38836,-0.24139,-0.77499,1.0144,-0.12895,-0.65597,0.33068,-0.15117,0.39444,-0.18257,0.44831,-0.23358,-0.43193,-0.12831,-0.3592,-0.26872,-0.048518,-0.14851,-0.39291,-0.19823,0.14274,0.081359,0.085244,0.32699,-0.13432,0.055324,-0.070275,0.019392,-3.3778,0.94256,0.52653,-0.53713,-2.4073,0.82857,0.46808,0.5598,-0.55935,-1.2764,0.35393,-0.88472,1.3373,-0.64092,0.37125,-0.11167,0.058019,0.21251,-0.27142,-0.4614,-0.15869,-0.042193,-0.36272,0.057085,0.3391,0.30253,-0.064463,-0.12282,-0.0022195,-0.096006,-1.2801,-0.1662,0.79644,-0.016438,0.35895,-0.345,0.19648,0.41899,-0.38876,-0.21099,-0.15076,0.56412,-0.062277,-0.072222,0.033858,-0.32651,0.49619,-0.033612,-0.72378,0.43603,0.2532,0.34997,0.051243,-0.15378,0.11897,0.07083,0.21131,0.047892,0.17759,0.15142,-4.2879,0.9048,-0.14888,0.58392,-0.57913,0.66965,1.6152,-0.14615,0.44639,-0.21474,-0.69203,0.84689,-0.047407,0.65272,0.048621,-0.20839,-0.16337,-0.47086,0.11228,-0.41062,-0.73889,0.01468,0.077999,0.34706,-0.43236,-0.080744,0.37964,0.17831,-0.41658,0.019416
0.27077,0.28953,0.16443,0.19494,0.41503,0.32747,0.0891,0.083838,0.12296,0.11316,0.10142,0.095485,0.1033,0.10646,0.116,0.09355,0.03147,-0.027947,-0.060995,-0.081143,-0.55508,-0.64026,-0.023029,0.08005,0.092827,0.059919,-0.027643,-0.15966,-0.33198,-0.37559,-0.059306,0.012947,0.087762,0.030918,0.020222,0.0040703,-0.019436,-0.0048076,0.019296,0.004009,0.0063325,2.8644e-06,-0.013097,0.032838,0.059952,0.035128,0.056745,0.11007,0.1418,0.1204,0.046507,0.0078128,0.04586,0.048373,0.018417,-0.043674,-0.12171,-0.14186,-0.12767,-0.10621,-0.081994,-0.069256,-0.05879,-0.047918,-0.038593,-0.064069,-0.083383,-0.016987,-0.093497,-0.32969,-0.34027,-0.17296,0.13614,0.27582,0.25194,0.25002,0.26699,0.29417,0.36074,0.40197,0.39221,0.2872,0.10345,0.019004,0.031368,0.028714,0.045766,0.022714,0.017471,0.053253,-0.046501,-0.23493,0.044669,0.28184,-0.45109,-0.088221,0.54348,0.65552,0.58221,0.53832,-0.59066,-0.48556,-0.32349,-0.36817,-0.45371,-0.45377,-0.1999,0.1171,0.043328,0.033206,0.012149,0.055488,0.10974,0.11191,0.12091,0.074227,0.0838,0.10389,0.075596,0.043622,-1.2003,-0.9901,0.38848,0.37741,0.31056,0.25779,0.33944,0.42942,0.41337,0.19136,-0.19168,0.061108,0.13222,-0.047339,-0.11815,-0.0473,0.0064895,0.030815,0.019769,0.030512,-0.0031062,-0.015587,0.034916,0.08796,0.1376,0.18002,0.24061,0.30185,0.32443,0.31637,0.2448,0.035077,-0.13809,-0.12952,-0.061918,-0.08189,-0.080235,0.014162,0.057075,0.10832,0.10043,0.085958,0.1057,0.13404,0.13667,0.039123,-0.016734,-0.11312,-0.22054,-0.21595,-0.13641,-0.10722,-0.2295,-0.32271,-0.30667,-0.28131,-0.15523,-0.034884,-0.043802,-0.051208,-0.064738,-0.094753,-0.014965,0.085971,0.050863,0.038697,0.0016558,0.061175,0.17725,0.24112,0.87065,1.0918,-1.3263,-1.9383,-0.31198,0.06574,0.36375,0.36121,0.41183,0.48844,2.482,-1.1762,0.13878,-1.254,-0.68417,-0.8922,-0.52413,0.017426,-0.50693,0.76577,0.6052,-0.41051,0.052566,0.58994,0.48668,0.09994,0.52632,0.080646,0.34202,0.079266,-0.0091296,0.021093,-0.12382,0.15873,-0.18529,-0.024602,0.091672,0.16869,0.39408,-0.18848,-1.6744,-0.21649,0.51383,0.82406,-1.5596,-0.59798,-0.543,-0.45269,-0.5782,0.35596,-0.19028,0.2084,-0.11888,-0.32357,-0.53465,-0.023243,0.21317,0.045861,-0.24819,-0.10476,-0.19517,0.80888,0.33731,-0.18591,-0.009666,0.30276,-0.12477,0.025323,0.36607,0.011993,-1.0825,-0.19653,-0.80869,0.15904,-0.33512,0.4806,0.013257,-0.45933,0.30643,0.11686,0.3837,-0.59071,0.5482,0.226,-0.41477,-0.31217,-0.44609,-0.088193,0.11201,-0.2223,-0.41828,0.42331,0.15458,-0.26696,-0.084281,-0.31037,-0.37262,-0.2342,-0.13817,0.076636,-2.8823,-0.29748,-0.80889,-0.033138,-1.1655,-0.80763,0.60152,-0.019774,0.29628,-2.2431,-0.21297,-0.89659,0.79186,0.28041,0.016811,0.32484,0.51332,-0.43919,-0.26984,0.022856,0.19732,-0.16686,0.079167,0.069304,0.12224,0.16763,0.03642,-0.13394,0.1305,0.29627,-0.85406,0.65112,-0.24226,-0.11261,0.34888,-0.3743,-0.097791,0.29014,0.11375,-0.11147,-0.061339,-0.27022,0.06179,-0.0054386,0.080901,-0.32274,0.15198,0.3624,-0.094045,0.0021955,0.061162,-0.23329,0.04903,-0.21069,-0.59724,0.050019,-0.32839,-0.26606,-0.073924,0.27107,-2.6606,-0.27201,0.42393,1.8986,0.57216,-0.018524,1.3177,0.81679,0.41168,0.19264,1.139,0.26064,0.37921,-0.22311,-0.44539,0.10862,0.097951,0.082542,-0.18403,0.37716,-0.28989,0.088258,-0.66477,0.21646,-0.52916,-0.041069,-0.26148,0.13859,-0.050776,-0.49224
0.30058,0.20622,-0.021441,-0.10444,-0.092334,0.0033592,0.12894,0.18212,0.16029,0.13639,0.11921,0.12298,0.1363,0.16274,0.16682,0.054443,-0.091757,-0.16233,-0.15221,-0.12471,0.8532,0.1641,-0.73009,-0.22303,-0.17557,-0.15329,-0.0027018,0.2248,0.24917,0.14551,0.1543,-0.014743,0.055227,0.25064,0.30819,0.29248,0.17319,0.045234,0.030121,0.070536,0.057075,0.011185,-0.019627,0.04956,0.16325,0.19858,0.17476,-0.040923,-0.31134,-0.22068,-0.045614,-0.020037,0.088907,0.18818,0.20513,0.15196,0.06464,0.016432,0.0065466,0.0063511,0.014847,0.044293,0.081095,0.093193,0.087951,0.090147,0.11221,0.078071,0.096809,0.21517,0.16489,0.022429,-0.1794,-0.3452,-0.3883,-0.36643,-0.25712,-0.15089,-0.14433,-0.23325,-0.31292,-0.29863,-0.18954,-0.027259,0.10186,0.1333,0.095327,0.026611,-0.040008,-0.043881,0.0083318,0.047502,0.082506,0.031365,-0.042679,-0.083619,-0.11247,-0.040451,-0.51461,-0.7983,-0.53561,-0.24363,0.067827,0.10501,0.086891,0.11468,0.10138,0.032068,0.042867,0.04101,0.077404,0.11552,0.12267,0.16271,0.14148,0.26514,0.3337,0.27511,0.28393,0.24658,-1.9945,-2.002,-0.036441,0.20384,0.19714,0.18265,0.20883,0.21649,0.22671,0.35514,0.18568,-0.6478,-0.48409,-0.15009,-0.26961,-0.20524,-0.030066,0.12192,0.11542,-0.045101,-0.21655,-0.3247,-0.31647,-0.19081,0.025347,0.31391,0.3682,-0.045376,-0.33695,-0.27388,0.01099,0.013126,-0.26057,-0.42809,-0.45302,-0.35717,-0.21825,-0.15345,-0.14336,-0.12725,-0.082653,0.00085245,0.084885,0.093257,-0.012876,-0.1988,-0.26817,-0.11921,0.1188,0.2131,0.13089,0.075582,0.078232,0.11703,0.15193,0.1835,0.20021,0.1298,0.079817,0.14162,0.20182,0.1896,0.077658,-0.1018,-0.25653,-0.33615,-0.34507,-0.2929,-0.18855,-0.010039,0.14208,0.1765,0.15961,0.24489,0.28697,0.20959,0.18446,0.23769,-0.32027,-0.90509,1.5918,0.14135,-1.8893,-0.66456,2.1148,-0.49307,1.109,-0.16012,0.32705,-0.20934,0.94852,-0.24106,0.51719,-0.38458,0.20649,-0.30555,0.012081,-0.44602,-0.038355,-0.35316,-0.31242,-0.58164,0.52765,-0.3908,-0.33469,-0.30222,-0.012331,0.27439,0.29838,0.29983,-0.69495,1.0618,0.099681,0.29498,1.7719,-0.66332,2.0235,0.0021375,-0.56936,0.7334,-0.35692,1.2443,-2.7393,0.082896,0.01529,0.89349,0.42146,0.095181,-0.24346,-0.65922,0.073404,0.55681,-0.38298,-0.50726,-0.13591,0.29407,-0.57166,0.16925,0.024822,0.31797,0.81297,-1.5609,2.1384,0.18376,-0.26206,-0.20635,0.32467,0.15611,-1.15,0.3279,0.51654,-0.17913,-0.045856,0.25004,-0.27263,0.12647,-0.24444,0.39124,0.40045,-0.65502,-0.040456,0.39746,-0.33048,0.41141,0.13907,0.18761,-0.096445,-0.008071,0.18138,0.24815,-1.2309,2.4704,1.3286,-0.11579,0.040424,-1.8497,1.5162,-0.45082,0.29833,-0.16871,-0.72176,-0.15006,-0.26205,0.49391,-0.13248,-0.05656,0.052756,-0.032643,0.010586,-0.50951,-0.27612,-0.60516,-0.096608,0.16337,0.0063629,0.0083732,0.24096,0.033638,0.29355,-0.49819,1.6292,-1.0105,2.3777,-1.489,-0.41716,0.43985,-0.30087,0.13339,-0.3691,0.18296,0.15739,0.52621,-0.072569,0.028093,-0.12191,-0.53203,0.48652,0.21555,0.061397,0.24008,-0.67922,-0.32371,0.32867,-0.46749,0.09196,0.045409,-0.16012,0.061646,-0.13371,0.22685,0.43926,2.1005,-1.067,0.72653,-1.059,1.4408,-0.037094,-1.7708,-1.1895,0.12931,1.2847,0.32206,-1.6459,0.13831,-0.079482,0.55321,0.40063,0.087101,-0.2213,0.38496,-0.28304,-0.4191,0.33382,0.25449,0.28275,-0.67697,-0.025318,-0.067193,-0.032723,0.5598
0.46682,0.0078991,0.0811,0.14017,0.23397,0.18231,0.10343,0.10113,0.069361,0.038827,0.028328,0.014064,-0.032776,-0.038088,0.048548,0.13014,0.12558,-0.063832,-0.22758,-0.21331,-0.12799,-0.17163,-0.073797,0.0047861,2.0924e-05,-0.040253,-0.081906,-0.10909,-0.11132,-0.020244,0.11759,0.1604,0.16879,0.11909,0.055791,-0.090686,-0.17843,-0.18013,-0.075727,0.035751,0.048156,0.036433,0.076102,0.10582,0.059697,-0.016329,-0.064813,-0.02374,0.06462,0.096596,0.064074,0.060345,0.11349,0.14513,0.15592,0.12401,0.057152,0.027432,0.056494,0.018414,-0.055525,-0.056143,-0.065377,-0.073245,-0.062263,-0.038746,-0.0205,-0.048454,-0.033709,-0.041839,-0.045976,0.014188,-0.0037394,-0.048172,-0.10329,-0.1408,-0.16217,-0.11076,0.0060135,0.10532,0.16567,0.16824,0.12489,0.1034,0.096686,0.054571,0.0371,0.023981,0.030524,0.047649,0.079517,0.10914,0.14219,0.25306,0.23676,0.075886,0.053407,0.2824,-0.3872,-0.6148,1.8781,1.0048,-0.42719,-0.40694,-0.42523,-0.26141,-0.055858,-0.096773,-0.10919,-0.049196,0.008411,-0.010961,0.031492,0.14069,0.25537,0.30616,0.27762,0.21024,0.16445,0.084613,-1.5551,-1.482,0.25028,0.27066,0.2105,0.165,0.1412,0.14169,0.17109,0.1934,0.06156,0.028889,0.035516,-0.14085,0.059682,0.26177,0.31689,0.3384,0.29081,0.11241,-0.017931,0.010756,0.091946,0.16608,0.10826,-0.0054483,-0.058328,-0.0096367,0.089559,0.14574,0.11209,-0.025627,-0.13438,-0.15063,-0.15485,-0.10473,0.025089,0.13146,0.1261,0.014916,-0.048173,-0.031506,-0.057729,-0.098964,-0.15488,-0.27327,-0.35171,-0.31909,-0.17306,-0.12903,-0.12586,-0.089846,-0.10631,-0.11294,-0.084895,-0.044686,-0.021605,-0.021374,-0.040023,-0.066854,-0.093393,-0.13667,-0.10342,-0.050527,-0.071495,-0.033277,-0.0093048,0.076982,0.1593,0.1738,0.20868,0.18847,0.40951,0.56461,0.45846,0.3182,0.25349,-2.197,-1.6383,0.69042,3.3968,-1.7693,-0.15226,-1.1936,-1.4071,-0.82579,-0.4487,-0.33614,0.22047,0.042949,0.73503,-0.058969,-0.44977,0.71979,0.48298,-0.022979,0.072745,0.42957,0.32632,0.1927,0.43426,0.024304,0.48135,0.20428,0.25182,0.22998,0.087241,-0.15007,-0.039567,0.024345,-1.8529,0.46527,0.28176,1.0995,-1.2377,1.1864,-0.041005,0.47976,0.066558,0.054651,-0.45772,0.66118,-0.04168,0.21887,-0.47826,-0.050815,0.12993,0.20495,0.117,-0.26978,0.14366,0.0885,0.19239,-0.30495,0.21692,0.10108,-0.31152,0.12609,-0.01373,-0.37622,-1.8483,0.097259,-0.86141,-0.2633,-0.76274,-0.099339,-0.72389,-0.22532,-0.01706,0.29486,-0.12464,0.15607,-0.20059,-0.46971,-0.37769,-0.024939,-0.70906,0.078308,-0.023396,0.18046,-0.10084,0.0022609,0.062934,0.10406,0.071058,-0.2062,-0.14654,-0.26099,-0.012144,-0.01033,-4.4137,0.086961,-0.60471,-0.15245,-0.1607,0.96486,0.33556,0.14718,-0.24506,0.27989,-0.15826,0.14579,-0.80674,-0.16409,-0.099591,-0.93209,-0.17642,-0.063331,-0.40809,0.12142,-0.10688,-0.32038,0.19779,0.10819,0.39814,0.24102,0.15717,0.0092149,-0.006217,0.13772,-1.2023,0.19783,-0.054893,0.18342,0.31263,0.29504,-0.35864,0.66875,-0.29394,0.16014,0.015443,0.14076,0.25077,0.081894,0.67526,-0.22502,0.48871,0.26322,-0.30296,-0.11329,-0.031045,-0.030719,0.35685,-0.080642,-0.047108,-0.14685,0.0113,-0.10592,-0.018734,-0.15543,-3.9283,0.2206,0.77522,0.80379,-0.46381,-0.22861,1.0224,-0.21123,0.67185,-0.41134,-0.95149,0.47908,-0.73965,0.10161,0.29996,-0.25742,0.46903,0.067258,0.086665,0.0069781,-0.54653,0.025181,-0.031167,-0.088811,0.063729,-0.10111,-0.05581,-0.20734,-0.20898,-0.034176
-0.17749,-0.1697,0.10311,0.29157,0.3434,0.14788,0.06397,0.15773,0.16985,0.13223,0.10463,0.089889,0.092922,0.10383,0.14172,0.15561,0.10131,0.024671,-0.061209,-0.1887,0.083837,-0.026782,-0.38998,-0.2059,-0.093225,0.020691,0.14,0.13238,0.067327,0.015026,0.048582,0.11057,0.17664,0.088252,-0.010931,-0.027875,-0.058073,-0.086925,-0.042424,0.014663,0.009888,0.05345,0.07538,0.060176,0.020381,-0.046126,-0.089235,-0.039279,0.066551,0.077474,0.0035538,-0.037672,-0.052527,-0.047743,-0.00658,0.069107,-0.011867,-0.14483,-0.13841,-0.11385,-0.10253,-0.082205,-0.048949,-0.018969,-0.0099152,-0.0026522,0.025422,0.027845,0.061158,0.085977,0.10574,0.14683,0.099006,0.040289,-0.0031501,-0.02144,-0.02155,0.0039426,0.026615,0.011982,-0.0076684,-0.009886,0.019098,0.069412,0.10241,0.095752,0.091498,0.066385,0.049131,0.051239,0.073953,0.10588,0.098879,0.14473,0.16887,0.062444,-0.36952,-0.51767,0.35917,1.0745,0.67156,0.28506,-0.29548,-0.47008,-0.47953,-0.33172,-0.051901,0.0044738,-0.042793,-0.024994,-0.033012,-0.00027061,0.0487,0.077348,0.13109,0.12156,0.31666,0.46051,0.41156,0.24985,-1.9143,-1.9226,0.082773,0.2422,0.26893,0.32623,0.37321,0.36795,0.38432,0.22417,-0.037941,0.17008,0.13938,0.058669,0.043837,0.020022,0.061607,0.086455,0.073041,0.014181,-0.015825,-0.14438,-0.21524,-0.15546,-0.10833,-0.10232,-0.098253,-0.088752,-0.033968,0.038415,0.027014,-0.033624,-0.025858,0.0010866,-0.011305,0.00074216,0.033332,0.047275,0.080421,0.014031,-0.036781,-0.00047647,0.088252,0.21054,0.24003,0.11806,-0.097189,-0.21584,-0.13481,-0.098729,-0.084649,-0.061039,-0.087446,-0.098802,-0.074321,-0.041961,-0.033739,-0.035434,-0.029687,-0.026104,-0.029495,-0.059071,-0.035357,-0.013429,-0.07086,-0.087769,-0.10923,-0.061618,0.0044711,0.038385,0.10998,0.12368,0.3869,0.5482,0.46744,0.49231,-1.7088,-1.8304,0.68425,0.97584,3.2886,-1.415,-0.49037,2.1619,0.95615,-1.1272,-0.16592,-0.016548,-0.34415,-0.028849,0.79267,0.023663,-0.6421,-0.053081,-0.1355,-0.041243,0.27037,-0.14935,-0.19586,-0.010128,0.12937,0.15909,0.050894,-0.11328,-0.07873,-0.21384,-0.071328,0.012555,0.16724,-0.43547,-1.7509,0.84229,0.48743,0.67084,-2.1724,-1.0088,-0.56978,0.33183,-0.59837,0.24785,0.047955,0.12061,-0.34517,0.13585,0.3654,0.5413,0.32302,0.013775,-0.7298,-0.12283,0.2297,0.23775,0.16202,-0.12394,-0.11492,0.054245,0.24611,0.15723,0.16055,-0.34463,-1.7007,-0.19636,-0.097508,0.19776,-0.6155,0.39427,-0.58686,-0.28996,0.18754,-0.23265,0.14145,-0.19849,0.082157,-0.034252,0.071729,0.30668,-0.1956,0.56567,-0.082148,-0.29791,-0.15413,-0.12336,-0.064931,-0.1035,0.1037,-0.073309,0.034246,-0.10014,0.40655,0.094875,-3.0312,0.97678,-1.0083,-0.74265,2.5371,-1.1479,0.88146,0.21658,0.055709,-0.28788,-0.82014,0.092294,0.31752,0.67678,0.11795,0.12172,0.070417,-0.38966,0.027496,-0.4242,-0.33838,0.028,0.13664,0.084821,0.21385,-0.10239,0.35174,-0.23602,-0.28002,0.1522,-1.2324,-0.001283,0.13204,-0.519,-0.24611,-0.074566,-0.51485,0.66688,-0.20423,0.17918,-0.43487,0.022613,0.060189,0.29355,-0.096549,-0.063906,0.31745,0.23661,0.20122,0.42117,-0.33636,0.1702,-0.063045,-0.085532,-0.35265,-0.29303,-0.23797,0.15828,-0.28053,-0.15016,-4.2515,1.0274,-0.23596,0.5784,1.3029,-0.081203,-0.50712,-0.6839,-0.1969,-0.33227,-0.98512,-0.14082,0.041913,0.32526,0.18103,-0.10562,-0.14169,0.087676,0.1251,0.17646,0.30315,0.046871,0.22213,0.37264,-0.24759,0.049794,-0.13412,0.14429,-0.16842,0.23629
0.35193,0.26236,0.031744,-0.06763,-0.11319,-0.04639,0.034227,0.11501,0.19757,0.17815,0.14336,0.12905,0.082096,0.088111,0.15565,0.18265,0.15235,0.012751,-0.06259,-0.17275,-0.017536,0.12493,-0.068105,-0.052621,0.030274,0.30016,0.46835,0.27923,0.062627,-0.016598,0.082987,-0.17102,-0.047027,0.11223,0.14324,0.18736,0.13799,0.038168,-0.01238,-0.022363,-0.040422,0.10545,0.20898,0.19877,0.19022,0.15765,0.05376,-0.001718,0.065194,0.060881,-0.0067857,-0.072577,-0.028386,0.058134,0.057742,-0.0017049,-0.015266,0.00324,-0.011372,-0.019196,-0.0063391,0.031649,0.066645,0.078901,0.075244,0.073724,0.013582,-0.048408,-0.008605,-0.042288,-0.09763,-0.20613,-0.31439,-0.34816,-0.35279,-0.29479,-0.16341,-0.064793,-0.14649,-0.33045,-0.36566,-0.18948,0.073281,0.24316,0.25653,0.21385,0.17752,0.12554,0.091414,0.085518,0.10065,0.13011,0.10411,0.1359,0.17282,0.0018408,-0.15924,-0.15362,-0.17935,-0.25836,-0.50141,-0.21533,0.093935,0.13948,-0.034874,-0.23569,-0.32107,-0.20758,-0.020803,-0.047171,-0.013721,-0.0033301,0.10929,0.25764,0.30431,0.28015,0.22268,0.38938,0.56301,0.38336,-1.9899,-2.0752,0.10805,0.12823,0.25784,0.36198,0.32457,0.35446,0.39595,0.43135,0.059743,-0.70294,-0.6471,-0.59246,-0.51321,-0.48623,-0.30423,-0.1426,-0.042208,-0.010897,-0.0069645,-0.13324,-0.22948,-0.14169,0.034568,0.07112,0.0877,0.19762,0.31027,0.32602,0.17937,-0.15401,-0.48644,-0.61591,-0.56297,-0.43583,-0.26468,-0.17699,-0.19722,-0.18834,-0.098263,0.09235,0.26243,0.31191,0.25731,0.12615,0.010197,0.018443,0.10288,0.071367,0.058604,-0.0096609,-0.05633,-0.030161,-0.01153,0.0069878,0.019574,-0.069229,-0.10889,-0.0060125,0.0096472,-0.12658,-0.14862,-0.09273,-0.15629,-0.16833,-0.17536,-0.11123,-0.033319,-0.0040604,0.065444,0.08068,0.33321,0.4878,0.41754,0.34934,0.27185,0.23937,0.24117,0.21983,1.4448,0.77858,-1.4701,-0.98607,2.2155,-0.32806,1.3844,-0.088637,-0.68164,0.4991,0.71953,-0.10795,0.45334,-0.092184,0.11559,0.0088925,0.46695,0.039775,-0.14106,-0.14364,-0.10723,-0.58508,-0.071192,-0.34112,-0.1201,0.095697,0.18799,-0.024912,-0.38038,0.048662,1.2997,1.2012,-1.7139,0.70853,-3.4198,1.5731,-0.24651,-0.60265,-0.15218,0.42876,-0.23548,0.0048602,-0.96101,0.18759,0.15262,-0.064124,-0.038083,-0.010694,0.20226,0.15403,0.31362,0.34928,-0.17795,-0.44606,-0.15523,-0.25297,0.019726,0.035664,0.32954,-0.053558,0.72398,-2.1277,1.4232,0.39285,-0.37045,0.24214,0.25207,-0.28978,-0.26496,0.60924,0.25418,-0.42071,-0.0084911,0.74649,0.18174,-0.0074536,-0.022895,-0.041504,0.12761,0.07448,-0.18186,0.14611,0.031197,-0.039073,0.042532,0.003556,0.16823,0.030748,-0.071999,0.16496,-1.579,1.7652,1.9922,-1.6542,-0.23314,-0.1327,0.4169,0.76316,-0.026219,-0.23004,0.18868,0.13362,-0.31711,-0.18591,-0.091101,0.28949,-0.26164,-0.3292,-0.066787,-0.31249,-0.37704,0.0011079,-0.071342,-0.17124,0.19012,-0.27614,0.13201,0.15572,-0.026255,0.011676,1.4257,-0.088527,2.5115,-1.7378,-0.22491,-0.25427,0.11954,0.28996,0.07698,-0.50997,0.25289,0.096031,0.04446,0.061529,-0.34927,-0.25048,0.060649,-0.1028,0.23997,-0.17124,-0.19562,0.19666,0.0086508,-0.13121,0.24745,0.32392,-0.29748,0.037289,-0.12411,0.095161,-1.1597,1.4726,-2.6383,-0.15572,1.6023,0.4832,0.015284,-0.40215,-0.38643,-0.093163,-0.45326,-0.37099,0.33473,0.43698,0.092541,0.030681,-0.45435,-0.39802,-0.025621,0.41324,0.26928,-0.055657,0.01853,0.34288,0.19617,-0.1068,-0.031934,0.10636,-0.10135,-0.24167
0.19846,-0.0055592,0.24339,0.34835,0.34907,0.28278,0.21452,0.11725,0.022887,-0.022177,-0.04354,-0.0086526,0.03699,0.042047,0.056286,0.066789,0.05521,-0.038024,-0.23968,-0.31083,-0.17634,-0.010982,0.072729,0.093979,0.090395,0.084082,0.078286,0.10724,0.17384,0.29107,0.37585,0.31424,0.17819,0.10754,0.051745,-0.007222,-0.010014,-0.073396,-0.16432,-0.14596,-0.11671,-0.14344,-0.16363,-0.18287,-0.1046,-0.014225,-0.019385,-0.0078293,0.071874,0.21035,0.26027,0.10534,0.013428,0.070432,0.048651,-0.011666,-0.10554,-0.17313,-0.18158,-0.17905,-0.17146,-0.1494,-0.13768,-0.13784,-0.15388,-0.16655,-0.17093,-0.1793,-0.089274,0.1267,0.27285,0.2088,0.001543,-0.14249,-0.091421,0.042488,0.17477,0.31833,0.41949,0.40687,0.24939,0.055098,0.006961,0.0060362,0.053042,0.11023,0.13039,0.13619,0.13998,0.089871,0.047649,0.058237,0.068302,0.039347,-0.0047488,0.059359,0.18257,-0.62499,-0.60499,0.19315,1.1802,0.66328,-0.17942,-0.31428,-0.33501,-0.2407,-0.13435,-0.11576,-0.038385,0.0072642,0.024226,0.03096,0.045112,0.070749,0.098251,0.10392,0.091276,0.071896,0.00062001,-0.022294,0.12666,0.27482,0.30363,0.32124,0.31457,0.29974,0.30606,0.29667,0.22349,0.11195,0.090841,0.31801,0.23828,-0.11706,-0.39827,-0.42256,-0.43119,-0.34247,-0.21885,-0.15543,-0.10854,-0.082624,-0.080579,-0.049483,-0.068147,-0.12871,-0.15326,-0.10071,-0.0013042,0.13998,0.20421,-0.047113,-0.33774,-0.39667,-0.3269,-0.22348,-0.12705,-0.034518,0.076644,0.11015,0.12727,0.16454,0.14684,0.099867,-0.043825,-0.27839,-0.43861,-0.39828,-0.15529,-0.1384,-0.22019,-0.22548,-0.22089,-0.19952,-0.13956,-0.11612,-0.13739,-0.12611,-0.13073,-0.13517,-0.019529,0.12652,0.10591,0.074746,0.08954,0.09028,0.044138,0.033265,0.0048299,0.016895,0.04332,0.028846,-0.0048305,-0.012552,0.079,0.18933,0.21331,-0.18597,-0.013664,0.50334,-0.42344,-1.4141,0.52804,-0.075171,0.823,-0.12373,0.29864,-0.13925,-0.94202,0.1492,0.70314,0.27443,0.16378,0.96279,0.13509,0.22412,-0.10352,0.55503,0.11602,-0.14041,-0.023408,-0.090217,0.3473,-0.19616,-0.29168,0.014741,-0.16002,-0.049846,-0.015821,-0.27588,0.6812,-1.1734,1.7262,0.32044,-1.7644,-0.065322,-0.028955,-0.33855,-0.13213,-0.12493,0.52029,0.19551,-1.0382,0.28426,-0.20139,0.021266,-0.59345,0.17194,-0.31754,-0.41882,0.16783,0.013994,0.40951,0.063337,-0.29317,0.15056,-0.10421,0.23727,0.22538,-0.34654,1.6154,0.79709,-1.1611,0.47306,0.02587,0.13946,0.22361,-0.44182,0.17485,0.098848,-0.93337,-0.13566,0.24234,-0.38053,-0.39628,0.31952,0.018657,0.46205,0.089648,-0.072545,0.62981,0.0027763,-0.19113,0.12448,0.38984,-0.38207,0.066026,-0.1919,0.015156,0.071451,-0.39632,-0.026365,-1.6726,-0.49874,0.51998,-0.20522,0.36278,0.57832,-0.090277,0.56605,0.31715,0.07917,0.33339,-0.40005,-0.16943,-0.060812,0.43052,0.31318,-0.51588,0.22034,-0.22711,0.038788,-0.18239,0.57184,0.1789,0.023539,-0.044695,-0.16426,-0.089908,0.11991,1.8582,0.70534,-1.3059,-0.56773,-0.31439,-0.30666,-0.015432,0.28885,0.017651,-0.15526,-0.32536,0.15139,-0.46526,-0.43516,0.66224,0.66997,-0.01148,-0.23117,0.040673,0.061215,-0.15989,-0.064804,-0.27992,-0.36325,-0.45038,-0.0015633,-0.31885,-0.011967,-0.28634,0.20335,0.02603,0.085628,1.1972,-0.73604,0.75885,0.15217,0.53486,0.13061,0.12945,0.60851,-0.15865,-0.18855,0.7562,0.67839,0.24942,-0.13773,0.30364,0.070296,0.19555,-0.31967,-0.049848,-0.50077,0.34602,-0.15083,-0.067039,0.21783,-0.40389,0.037874,-0.034263,0.18637
0.41346,0.31971,0.1094,0.061466,0.095201,0.16322,0.20434,0.20073,0.1758,0.12165,0.11032,0.14224,0.14754,0.1707,0.1771,0.13561,0.1782,0.21166,0.014627,-0.17624,0.002767,0.016235,-0.20676,-0.04296,0.13183,0.30606,0.25951,0.08876,-0.095001,-0.19268,0.18965,0.26927,0.35552,0.35026,0.13059,0.1381,0.077865,-0.0096656,-0.0776,-0.11495,-0.12961,-0.12008,-0.11748,-0.084797,-0.14599,-0.28047,-0.29764,-0.19974,0.048016,0.19562,0.19752,0.14918,0.00084024,-0.10708,-0.11906,-0.14852,-0.17651,-0.10179,-0.021157,-0.023066,-0.035086,-0.049623,-0.008539,0.057896,0.067287,0.047048,0.043152,0.08931,0.071946,0.029899,0.08074,0.040178,-0.013349,-0.090995,-0.1279,-0.098507,-0.028242,-0.16743,-0.41969,-0.4961,-0.17897,0.16316,0.19992,0.13841,0.14322,0.11309,0.10207,0.086793,0.084747,0.098872,0.12859,0.15895,0.13102,0.23062,0.31446,-0.020841,-0.29382,-0.27738,-0.31022,-0.40598,-0.61868,-0.32117,-0.0059174,0.027638,0.0051233,-0.045294,-0.10139,-0.13521,-0.16655,-0.15446,-0.0482,0.048744,0.071105,0.12483,0.10983,0.42378,0.65553,0.63032,0.52195,0.34533,-1.8824,-1.9622,0.18256,0.29886,0.27397,0.22945,0.19763,0.19538,0.22523,0.31106,0.10093,-0.46184,-0.43548,-0.25852,-0.23474,-0.27184,-0.17578,-0.072038,0.0056059,0.063861,0.10853,0.098238,0.096536,-0.024426,-0.22862,-0.3054,-0.22178,-0.063607,-0.010718,-0.061595,-0.087508,-0.14349,-0.21166,-0.26224,-0.24058,-0.19097,-0.11684,-0.078238,-0.10127,-0.12785,-0.14917,-0.14748,-0.042324,0.15461,0.28813,0.27394,0.19527,0.11642,0.01622,0.00010383,0.034361,0.021465,0.029191,-0.003712,-0.027793,0.0024794,0.033585,-0.041799,-0.034268,0.029254,-0.19719,-0.411,-0.27661,-0.018534,-0.054037,-0.038322,-0.034423,0.015285,0.066421,0.081017,0.13044,0.1277,0.3377,0.49817,0.43453,0.27338,0.11306,0.10261,-0.0045086,-0.18683,1.5684,-0.2545,-1.8817,0.43044,1.4384,-2.3048,-0.70748,0.25217,-0.74566,0.66589,0.91265,0.22062,-0.44572,-0.12406,-0.042319,0.24018,0.4369,0.6101,-0.42429,0.036021,-0.037533,-0.038064,-0.42024,0.023531,-0.61285,0.072496,0.13051,-0.17273,-0.08686,-0.061162,1.1781,1.7657,-0.81484,-0.36646,-3.2356,-1.6859,-0.09433,-0.011293,0.1022,0.98044,0.0069644,-0.46901,-0.45674,0.35758,-0.085564,0.3468,-0.1307,0.11801,-0.67951,-0.1745,-0.23669,0.038152,-0.40329,0.19207,-0.070204,0.069487,-0.051209,-0.14572,-0.32058,0.21484,0.2876,-1.2746,1.7349,0.28447,-0.52976,-0.36356,0.035482,-1.012,-0.027659,0.5629,-0.077166,-0.62384,-0.013175,0.45275,0.067591,-0.14962,0.6473,-0.057567,-0.35786,0.037565,-0.12045,-0.11673,0.091319,0.069178,-0.19129,-0.13877,0.21648,-0.031148,-0.35668,0.11332,-1.8752,2.275,1.3546,-1.3949,-0.16793,0.27246,0.68424,0.86655,0.2418,0.19987,0.31827,0.29702,0.1921,-0.29878,0.28042,0.11924,0.015491,-0.060519,-0.2727,-0.263,-0.50926,0.69303,0.50525,-0.40454,-0.17274,0.17893,-0.069064,-0.0030251,0.31867,-0.067052,1.2638,-0.67838,2.2841,-1.772,-0.71678,-0.23009,-0.5691,0.53561,0.079638,-0.50252,-0.23821,0.028994,-0.19293,0.091864,0.12219,0.14043,-0.099607,0.26602,0.54773,0.022813,-0.14218,0.51281,0.43684,0.17679,0.075897,0.29127,0.13261,-0.11714,0.34004,0.23257,-1.38,2.0708,-2.1517,-0.42918,1.5688,0.1428,-0.25887,0.10934,-0.16951,0.053512,-0.65932,0.079304,0.33576,0.53622,-0.084672,0.12447,-0.033533,-0.095484,-0.64103,0.13259,0.55149,-0.12282,0.43884,-0.085922,-0.51591,0.079309,0.17424,-0.12716,-0.21783,-0.015892
-0.23717,-0.061725,0.11044,0.14926,0.14404,0.10119,0.077131,0.077042,0.058368,0.030645,0.072535,0.13938,0.14399,0.1541,0.14275,0.068229,0.10794,0.28973,0.30523,0.13792,-0.43596,-0.43718,0.15296,0.1257,0.19346,0.18989,-0.024924,-0.15827,-0.033066,0.11729,-0.056676,-0.17376,-0.13049,-0.010016,0.16613,0.23256,0.21851,0.12934,0.043681,-0.014341,-0.052653,-0.032367,-0.0040894,-0.011391,-0.044852,-0.044918,-0.077383,-0.034088,0.1231,0.13514,0.040009,-0.028642,-0.050117,-0.03041,-0.050845,-0.079308,-0.082283,-0.059761,-0.046435,-0.032129,-0.016684,-0.035576,-0.050907,-0.035107,-0.042637,-0.050497,-0.040459,-0.045046,0.021646,0.074777,-0.027257,-0.13456,-0.16495,-0.13777,-0.081126,-0.036043,-0.0094484,0.011125,0.1744,0.47042,0.55855,0.35687,0.19585,0.16758,0.16475,0.1226,0.10313,0.088625,0.090342,0.10516,0.12919,0.1487,0.065969,0.082525,0.2161,0.12828,-0.12459,-0.89274,-0.76536,0.42136,-0.090994,-0.19542,-0.21258,-0.19584,-0.206,-0.097917,0.021769,-0.0022694,-0.0043693,0.0097414,0.064444,0.10045,0.088849,0.11015,0.078537,0.24399,0.42558,0.47076,0.46955,0.35601,-1.1794,-1.0677,0.40147,0.32139,0.25073,0.20107,0.16788,0.16267,0.19533,0.25315,0.30198,0.54364,0.69393,0.21531,-0.27048,-0.45967,-0.43586,-0.29486,-0.12582,0.014842,0.099924,0.1394,0.14903,0.14068,0.10004,-0.11631,-0.27512,-0.17461,0.0034228,-0.022881,-0.094399,-0.027869,-0.034328,-0.070183,-0.043281,0.0032722,0.052236,0.026771,-0.017734,0.0031098,0.028249,0.043209,0.071737,0.092943,0.077446,-0.044171,-0.18513,-0.19006,-0.036551,-0.04656,-0.12404,-0.098426,-0.083289,-0.075223,-0.062309,-0.082662,-0.094664,-0.11919,-0.17446,-0.18164,-0.20509,-0.27342,-0.17136,-0.019619,-0.047603,-0.017772,-0.0019107,0.055114,0.10793,0.11617,0.14704,0.12356,0.24943,0.36132,0.3518,0.23758,-0.01531,-1.1774,-0.71787,0.67436,1.4773,-2.2136,0.48141,1.0226,-0.95822,-0.32704,0.29149,0.47841,-0.47381,0.56219,0.76563,-0.18062,0.67401,0.46525,0.22147,1.071,-0.035776,0.60183,-0.080514,-0.69804,-0.41359,-0.9257,0.043147,0.081881,-0.37239,0.019717,0.19258,0.58826,0.40148,-0.098594,-0.63284,0.24439,1.0547,0.67118,-2.0846,1.1384,0.81037,-0.20815,-0.45262,0.36325,0.33371,-0.10106,-0.63948,0.17996,0.32304,-0.51549,-0.23911,0.038956,-0.48006,-0.40861,-0.20372,0.3677,0.024424,0.17973,-0.1727,0.63065,-0.12997,-0.06469,0.098296,0.024744,-0.56026,0.35157,-0.29328,0.62964,0.48424,-0.026355,-0.16304,-0.52318,0.20118,-0.36395,-0.43977,0.2807,-0.012279,0.2468,-0.59517,0.17821,0.70026,-0.070579,-0.074752,-0.020439,-0.12061,-0.058826,0.047239,-0.11237,-0.15111,-0.26628,-0.059782,-0.11233,-0.62645,-0.050082,-1.9218,0.74723,-1.3297,-0.63852,1.2398,-1.0165,0.82025,-0.058748,0.62855,0.53379,0.075827,0.30331,0.7277,0.78452,-0.058615,0.27796,0.33747,0.35271,-0.77419,-0.083491,0.25707,0.48188,0.12178,0.15573,0.41645,0.3095,-0.06298,-0.26946,-0.1045,0.12983,-0.11146,-0.00068088,-0.49789,-0.8595,0.10792,-0.12797,-0.71704,0.17148,0.22439,-0.25848,-0.4298,-0.26136,-0.80939,0.16972,-0.11019,0.52045,0.028503,0.40272,0.12992,-0.0062779,0.0070647,-0.28711,-0.50198,-0.056541,-0.21657,0.21094,0.16225,-0.33424,0.021798,0.33433,-1.7276,0.42707,1.496,0.93284,-0.28116,0.38568,1.047,-0.89394,-0.46742,-0.83119,0.038321,-0.0972,0.21285,0.11312,-0.6474,0.28707,0.39928,1.0442,0.26469,-0.10488,0.76471,0.30399,0.40257,0.18747,-0.15802,0.42189,-0.36145,-0.42344,-0.29559,0.089935
0.61514,0.086692,0.12108,0.10463,0.1127,0.096565,0.065067,0.098205,0.072184,0.029335,0.020929,0.022209,0.0081402,0.045206,0.13203,0.1753,0.13159,-0.028657,-0.18529,-0.21791,0.31313,0.2738,-0.27688,-0.19509,-0.11135,0.081632,0.20037,0.11663,0.071871,0.18632,0.21688,0.1824,0.19487,0.17038,0.22496,0.24179,0.19615,0.079464,-0.022749,-0.047849,-0.037152,-0.028104,-0.027823,-0.045265,-0.082936,-0.12729,-0.11651,-0.042308,0.011364,0.010492,-0.0040985,0.031893,0.1099,0.17532,0.21403,0.18812,0.10634,0.015475,-0.0060648,0.031509,0.069082,0.042089,0.0020343,0.0041881,-0.0042029,-0.0034246,-0.00079839,-0.010345,-0.012016,-0.057453,-0.083119,-0.14218,-0.16014,-0.10544,-0.10674,-0.13899,-0.14534,-0.058741,0.089525,0.21218,0.29195,0.33216,0.27919,0.17784,0.15287,0.083046,0.010869,0.02102,0.05203,0.089196,0.04362,-0.028482,-0.18491,-0.28307,-0.27849,-0.76634,-0.38206,0.57985,0.88379,0.96369,1.5257,0.51861,-0.39641,-0.39934,-0.40432,-0.23219,-0.036366,-0.107,-0.1105,-0.0088173,0.076592,0.063197,0.17155,0.31514,0.3701,0.35408,0.28828,0.24555,0.3704,0.36343,-2.1279,-2.166,0.20064,0.31174,0.29972,0.30753,0.29574,0.28944,0.29169,0.21351,0.071118,0.18881,0.16174,-0.1014,-0.19598,-0.15598,-0.099404,0.0014324,0.082967,0.12392,0.10317,0.081129,0.019103,-0.036741,-0.030851,-0.0049881,0.090443,0.093635,0.050072,0.035971,-0.023038,-0.13347,-0.19815,-0.25236,-0.31848,-0.29256,-0.1347,0.060099,0.13672,0.12398,0.10158,0.10554,0.1424,0.16262,0.13085,0.022203,-0.12905,-0.16196,-0.10534,-0.081024,-0.041925,-0.092166,-0.15353,-0.15131,-0.13463,-0.097194,-0.051912,-0.034623,-0.058153,-0.084847,-0.11277,-0.1697,-0.2342,-0.13562,-0.011631,0.021527,0.1108,0.17872,0.27413,0.29862,0.51975,0.57957,0.26376,0.051264,0.49101,-1.3482,-1.9202,0.33663,0.47059,0.55431,3.8323,-0.3257,0.12513,-0.30864,1.2709,0.88494,1.5079,-0.20445,0.25919,-0.083783,0.79203,-0.17116,-0.6398,0.23808,0.17219,0.87713,0.070956,-0.17632,-0.31017,-0.59568,-0.14561,-0.25261,-0.050908,0.25922,-0.021869,0.37034,0.015361,0.10522,0.077374,-0.1405,-1.7237,0.28665,-0.21367,1.0873,-2.3655,1.5278,0.6755,-0.028221,-0.11907,0.025348,-0.052632,0.079419,-0.2524,0.29888,0.1857,-0.52253,0.59654,0.30537,-0.43906,-0.64026,0.49456,-0.31042,-0.12155,-0.14434,0.094314,-0.23454,-0.24689,0.10294,-0.088727,-0.19534,-1.4651,-0.84406,-0.61137,0.43931,-0.60525,-0.23741,-0.41347,-0.081726,0.47444,-0.10134,-0.24549,0.59041,-0.22168,0.090975,-0.56805,0.30928,-0.11878,0.099402,-0.24826,-0.13561,-0.15538,-0.27802,0.058089,0.46744,0.11515,-0.035597,-0.23907,0.065666,-0.25166,-0.040895,-3.3454,0.41432,0.024502,-2.0107,1.4786,0.76661,-0.049138,0.58713,-0.74261,0.94254,0.41421,-0.10892,0.205,0.76305,-0.027309,-0.036413,0.41946,0.5512,-0.28491,-0.4873,-0.77145,-0.33643,0.10739,-0.23452,0.53586,-0.14532,0.17617,0.21506,-0.22943,0.24577,-1.2216,0.73591,0.58244,-0.75903,0.0024123,0.10324,-0.64281,0.11987,0.047965,-0.045381,-0.44223,-0.10073,-0.34126,0.22697,0.46514,-0.03424,0.40884,0.34366,0.024741,0.044163,-0.45251,-0.18247,-0.027748,0.20094,0.050418,-0.38494,0.27594,-0.30156,-0.4216,0.29081,-3.5377,0.40316,-0.51369,-2.0932,1.5245,0.11117,-0.41474,-0.795,-0.51365,0.55741,-0.087769,-0.41777,0.06854,-0.36641,-0.6492,0.051076,0.31029,-0.40861,0.46658,-0.051225,-0.091111,0.16285,0.84158,0.027106,0.33579,-0.033659,-0.085748,0.071098,-0.2034,-0.13096
0.14637,0.11439,-0.039437,-0.088342,-0.030964,0.078347,0.13967,0.11762,0.063118,0.016413,0.033943,0.082285,0.089589,0.012797,0.044839,0.22225,0.23571,0.099165,-0.024603,-0.10068,0.38459,0.026676,-0.56298,0.093566,0.061813,0.027601,0.2225,0.43589,0.3503,0.24503,0.38569,0.34277,0.3692,0.36471,0.19022,0.22991,0.18978,0.089619,-0.0037049,-0.061116,-0.080404,-0.085349,-0.10361,-0.11973,-0.19053,-0.23365,-0.16054,-0.047489,0.17356,0.33537,0.30048,0.10785,-0.012595,0.069213,0.05881,-0.012919,-0.096453,-0.14302,-0.14292,-0.12475,-0.10876,-0.061229,-0.019016,-0.0017099,0.021044,0.042705,0.044147,0.060501,0.12353,0.076774,0.028367,-0.072785,-0.28234,-0.37424,-0.40909,-0.40551,-0.3607,-0.38699,-0.43262,-0.34849,-0.14914,0.054244,0.18138,0.21815,0.19257,0.1602,0.10119,0.06949,0.078283,0.10388,0.13095,0.10758,0.18739,0.29211,0.15929,-0.029512,-0.12049,-0.033528,0.019986,-0.059161,-0.51644,-0.29608,-0.054419,-0.031039,-0.066188,-0.064029,-0.069443,-0.087379,-0.051274,-0.01458,0.05289,0.12448,0.13109,0.29972,0.49066,0.55474,0.50548,0.41817,0.437,0.40141,-2.1461,-2.2879,-0.24815,0.21938,0.14481,0.25694,0.36115,0.31954,0.3108,0.33715,0.15978,-0.35293,-0.4083,-0.31701,-0.4231,-0.50294,-0.38231,-0.20785,-0.069545,0.021858,0.046295,-0.00755,-0.055895,-0.2268,-0.3726,-0.29731,-0.10074,0.082427,0.15212,0.23167,0.20532,-0.16012,-0.52288,-0.62809,-0.53219,-0.36597,-0.1873,-0.045522,0.013951,0.0084434,0.018256,-0.02032,-0.053583,-0.019987,0.00018053,0.043544,0.049941,0.034118,0.05076,0.041976,0.090404,0.0039071,-0.065655,-0.034901,-0.0079285,0.031876,0.07978,0.040209,-0.007739,-0.047356,-0.16641,-0.11495,-0.01466,-0.095724,-0.11227,-0.11489,-0.030248,0.073211,0.11521,0.18587,0.19455,0.39597,0.5737,0.51209,0.33127,0.15199,0.17354,0.31053,0.31436,0.26063,1.7478,0.20121,-1.277,0.44571,1.1758,-2.5977,-0.25638,0.47308,-0.4312,0.74045,0.85374,0.61381,-0.3919,0.088106,-0.058055,0.52838,0.31792,0.35351,-0.74874,0.33156,-0.67435,-0.60022,0.050227,0.43278,-0.48831,0.26762,0.28137,-0.027538,-0.28252,-0.28467,1.2909,1.8585,-1.2642,-0.044798,-3.7925,-1.914,0.47184,-0.16111,-0.23117,0.72975,-0.0093352,-0.41345,-0.032615,0.47469,-0.2485,0.16727,0.024897,-0.19776,0.036184,-0.34561,-0.23419,0.047427,-0.38082,0.11142,-0.42165,0.097173,-0.024806,0.12653,-0.34072,0.15202,0.34313,-2.074,1.6518,0.78151,-0.79945,-0.13353,-0.15532,-0.61557,-0.32192,0.46222,0.056846,-0.26695,0.4098,0.51128,-0.2259,-0.20511,0.53852,0.22372,-0.3377,0.0041844,0.059631,-0.35763,-0.084757,0.21706,0.050338,-0.13898,0.20062,-0.022339,-0.10387,-0.0949,-1.6975,2.0692,1.7965,-2.0834,-0.37907,0.21766,0.21491,0.5942,-0.21496,-0.26212,-0.05711,0.72253,0.002729,-0.71401,0.20951,0.065327,0.15145,0.18645,-0.21605,-0.29034,-0.1347,0.16182,0.39091,-0.16729,0.27934,-0.17659,0.013687,0.014425,0.07914,-0.29849,1.2709,-0.2381,2.1708,-2.114,-0.028992,0.2552,0.18116,0.32598,-0.02923,-0.56913,-0.18767,0.45307,-0.62685,-0.088029,-0.071981,0.1312,0.41537,0.11894,0.039758,0.0021672,-0.42869,0.27489,0.10041,0.32112,0.12695,-0.07868,-0.13135,-0.16732,-0.21654,0.25304,0.3986,1.7058,-0.67157,0.79367,-0.92639,2.1157,-0.042546,-1.9824,-1.9975,-0.28458,1.5062,0.66757,-1.2571,0.67038,-0.6802,0.68276,0.067526,-0.013859,-0.73404,-0.35511,-0.0003175,-0.47115,0.13892,-0.17171,-0.064879,-0.050129,-0.13809,-0.24758,-0.31863,0.55935
0.0054937,0.0046001,-0.033576,0.15091,0.21358,0.16049,0.18023,0.22617,0.19134,0.156,0.12265,0.12353,0.13932,0.15664,0.14088,0.045784,0.019689,0.078581,0.090004,-0.15906,0.11305,0.18183,-0.40398,-0.40302,-0.14083,0.17362,0.3088,0.27325,0.15425,0.13532,0.2806,0.37711,0.21353,-0.013796,0.0040159,-0.0029049,0.012318,-0.0072482,-0.024891,-0.026022,-0.041618,0.0061103,0.020276,-0.010288,-0.016385,-0.013419,0.013816,-0.0099362,-0.08215,-0.11583,-0.1286,-0.13297,-0.037568,0.094999,0.13415,0.088,0.01106,-0.05107,-0.075565,-0.062292,-0.082622,-0.11216,-0.09661,-0.073192,-0.051702,-0.0091445,0.021658,0.031645,0.012194,-0.029055,0.00019901,-0.060482,-0.12542,-0.1529,-0.17211,-0.15465,-0.13193,-0.11265,-0.091429,-0.027019,0.084521,0.18716,0.19576,0.19515,0.24417,0.26882,0.24274,0.24228,0.14466,0.063777,0.071327,0.10936,0.14545,0.089127,-0.025266,-0.10692,-0.05816,-0.82279,-0.3602,1.0963,-0.39949,-0.33616,-0.25292,-0.32571,-0.38975,-0.18832,0.038616,-0.046478,-0.041794,-0.031921,0.060499,0.15303,0.16864,0.19081,0.13847,0.2866,0.44407,0.46188,0.46749,0.38817,-2.0498,-2.1419,0.089832,0.12219,0.3137,0.44116,0.41389,0.47187,0.40601,0.25124,0.13245,-0.081651,-0.078195,-0.11932,-0.23334,-0.15798,-0.10737,-0.017236,-0.016496,-0.061999,-0.087709,-0.20572,-0.32337,-0.2926,-0.16891,-0.0026478,0.12245,0.10519,0.04193,0.04893,0.11656,0.14326,-0.030223,-0.22122,-0.27919,-0.2048,-0.056167,0.011685,-0.009607,-0.0032228,-0.051627,-0.059204,-0.0039943,0.050658,0.057612,-0.013452,-0.10956,-0.11188,-0.11243,-0.11724,-0.067543,-0.10071,-0.12504,-0.10482,-0.08118,-0.049512,-0.070569,-0.041385,0.029815,0.0152,-0.030778,-0.10808,-0.18669,-0.09483,0.03317,-0.024383,-0.0137,-0.058266,-0.014519,0.043924,0.062668,0.10456,0.08514,0.21449,0.24949,0.13628,0.1311,-1.0851,0.005576,1.2498,2.3285,0.0066721,-0.61727,0.02153,2.727,-0.14014,1.2049,-0.35917,0.072421,0.2526,1.2803,0.40742,0.44732,0.18959,-0.036445,0.49695,0.087736,0.40244,-0.0050763,-0.72447,0.13853,0.19629,0.41522,0.152,-0.22625,-0.13774,-0.023984,-0.27671,-0.32767,-0.021561,-1.1321,0.89519,-0.15702,0.31377,-3.0311,-1.5098,-0.53331,0.10378,-0.82841,0.23888,0.49839,-0.14303,-0.23185,0.19919,0.091268,0.34087,0.40281,0.22317,-0.42878,-0.23709,0.15997,-0.1034,0.061538,-0.1854,0.143,0.072016,0.0025264,0.28823,-0.049128,-0.071819,-1.172,-1.0195,0.71632,0.38788,-0.31086,1.0695,-0.10784,-0.12802,0.19901,-0.3562,-0.33988,0.26268,0.24118,0.14034,0.065842,0.36954,0.060815,0.2098,0.017338,-0.4548,-0.053018,0.016999,-0.092694,0.60633,0.15241,0.056948,-0.11577,-0.018883,0.21755,-0.020117,-3.0534,1.5661,0.55401,-2.1583,1.2201,0.26632,-0.016545,0.77037,-0.40413,0.19481,-0.045363,0.24351,0.35238,-0.12909,0.14834,0.10443,0.75168,0.094264,-0.35554,-0.51231,-0.13296,-0.35973,-0.025373,-0.25118,0.24611,0.018202,0.05858,0.11075,-0.13367,-0.028899,-0.88841,0.31103,0.88949,-1.0267,-0.25528,-0.1405,-0.58294,0.36238,0.0050244,-0.14772,-0.43723,-0.024375,-0.17645,0.0019899,0.25383,-0.024416,0.078747,-0.12893,0.17051,-0.10946,-0.72617,-0.073773,-0.061267,0.19143,0.027886,-0.11575,-0.21571,-0.13808,-0.25934,0.026694,-1.8953,1.4371,-1.3335,-1.7362,2.4192,-0.23131,-0.099716,0.13108,0.068677,1.0233,0.39192,-0.075985,0.48574,1.0058,0.3835,-0.28499,-0.23416,0.050054,0.2049,-0.33748,0.39208,-0.092309,0.43134,0.16062,0.1703,-0.28374,-0.09402,0.27925,0.40017,-0.026545
0.40482,0.31675,0.095125,0.014151,-0.039491,-0.041101,0.040432,0.084752,0.10823,0.12911,0.12307,0.11879,0.11969,-0.00039418,-0.022688,0.10417,0.07219,-0.03051,-0.072024,-0.21866,0.27201,-0.073767,-0.54526,0.17952,0.23248,0.3432,0.46908,0.42061,0.20799,0.089281,0.22477,0.25779,0.3629,0.36397,0.28124,0.28333,0.20302,0.053569,-0.064381,-0.098804,-0.095801,-0.091416,-0.034308,-0.025247,-0.064493,-0.060527,-0.012399,0.025797,0.073346,0.091948,0.023831,0.012148,0.11837,0.20487,0.18734,0.054962,-0.06423,-0.073125,-0.043083,-0.059765,-0.093074,-0.074936,-0.055128,-0.041442,-0.036061,-0.029083,-0.024633,-0.054319,-0.026851,-0.059808,-0.12991,-0.11169,-0.16529,-0.21663,-0.24362,-0.23728,-0.18663,-0.1263,-0.14011,-0.16384,-0.077403,0.082946,0.2155,0.27195,0.25193,0.1712,0.11529,0.074047,0.065,0.081196,0.1152,0.14929,0.15058,0.1517,0.030552,-0.1523,-0.16595,-0.064416,-0.63447,-0.8845,-0.5685,-0.27901,0.034312,0.076936,0.093834,0.098254,0.026927,-0.037521,-0.0086986,0.024525,0.0022779,0.045033,0.071044,0.25723,0.44879,0.50111,0.43663,0.35722,0.41061,0.24763,-2.31,-2.3291,-0.0093977,0.42555,0.35026,0.35878,0.36393,0.34664,0.36121,0.38305,0.13729,-0.38226,-0.32521,-0.25268,-0.26284,-0.26086,-0.1226,-0.010933,0.048841,0.10471,0.088941,0.056091,-0.11245,-0.27787,-0.25187,-0.096365,0.081871,0.15001,0.11625,0.17889,0.2586,0.025467,-0.30246,-0.45865,-0.40341,-0.20112,-0.027365,0.033886,0.020898,-0.036347,-0.022511,0.05728,0.11045,0.12704,0.064486,-0.10487,-0.25629,-0.26621,-0.11423,-0.075966,-0.07493,-0.03985,-0.075785,-0.10156,-0.075976,-0.04155,-0.0050845,0.02392,0.0019671,-0.033884,-0.079792,-0.18209,-0.18094,-0.13381,-0.17118,-0.13294,-0.090172,0.0067113,0.094547,0.116,0.16736,0.16293,0.3942,0.49672,0.3143,0.13585,0.090513,0.13949,-0.64181,-1.2645,2.405,0.40578,-0.8212,-0.78348,2.4138,-1.1904,0.81612,-0.0030059,-0.38982,0.41697,0.71383,0.11043,0.073218,0.20031,0.061825,0.75338,-0.21921,0.49879,-0.28212,-0.34202,-0.07328,-0.32203,0.028832,-0.022888,-0.34661,-0.052224,0.19635,0.1306,0.056917,0.17863,1.2166,1.7437,-1.2449,0.51534,-4.201,1.3309,0.58624,-0.32624,0.44126,0.11473,0.34996,-0.20323,-0.58324,0.30585,-0.26308,-0.0078209,-0.2634,0.093672,0.22542,-0.04153,-0.068589,0.36347,-0.053537,0.098157,-0.50923,-0.43729,-0.27284,0.15015,-0.16403,0.058192,0.45206,-1.8474,1.915,1.2061,-0.50361,-0.069779,0.047516,-0.51647,-0.11428,0.5972,0.15556,-0.078802,0.39762,0.21948,-0.38196,0.11438,0.065883,-0.054653,0.11308,-0.10727,0.062202,-0.44163,0.06168,0.20148,-0.056023,-0.31597,-0.034345,0.17766,0.10403,-0.10707,-1.8153,2.3642,1.6379,-2.3499,-0.43314,-0.032775,0.38757,0.59874,-0.13717,-0.25151,-0.056181,0.45288,-0.15661,-0.67206,0.053133,0.11982,0.28126,-0.18748,0.095755,-0.095758,-0.094499,-0.38652,0.55647,-0.040208,0.28618,-0.16994,-0.24484,-0.12769,0.027366,0.035565,1.1028,-0.44198,1.8067,-2.2164,0.1909,0.44642,0.32065,0.48966,-0.17709,-0.68522,-0.060628,0.20983,-0.37631,-0.021277,-0.22023,-0.082352,-0.040957,0.14783,-0.15667,-0.033171,-0.010995,-0.12021,0.41872,0.12406,0.035999,-0.12883,-0.19299,-0.01978,-0.49299,0.24097,0.41071,1.7719,-0.29413,0.70033,-0.72375,2.3308,-0.143,-1.6707,-1.9574,-0.12224,1.5304,0.65821,-1.5782,0.75739,-0.28364,0.76201,0.41803,0.11136,-0.60419,-0.12876,-0.092979,-0.23164,-0.06206,-0.13086,0.15758,-0.34923,-0.25609,0.19744,-0.1794,0.49987
0.35471,0.2457,0.030657,0.0039465,0.017918,0.054429,0.10319,0.13752,0.12469,0.12811,0.16059,0.16751,0.18393,0.18245,0.094897,0.078276,0.11117,0.019524,-0.073645,-0.1366,-0.42487,-0.34121,-0.09883,0.16974,0.25144,0.25331,0.26162,0.24914,0.18857,0.12717,0.11063,0.13789,0.21145,0.20329,0.21669,0.16891,0.052273,-0.030859,-0.06441,-0.076618,-0.031799,0.0035252,-0.012634,-0.047483,-0.097174,-0.054964,0.11583,0.22208,0.19839,0.16991,0.15298,0.05262,0.039817,0.11612,0.10253,0.029708,-0.057237,-0.092583,-0.083916,-0.064581,-0.06415,-0.089948,-0.091754,-0.07078,-0.075661,-0.091279,-0.077945,-0.092101,-0.043552,-0.037023,-0.076375,-0.047341,-0.087293,-0.13741,-0.18459,-0.2044,-0.28588,-0.35877,-0.37314,-0.34342,-0.22181,-0.023358,0.14167,0.21513,0.22462,0.19066,0.17034,0.13869,0.11944,0.1191,0.13335,0.15069,0.10283,0.1621,0.32389,0.28833,0.033357,-0.11178,-0.29672,-0.45781,-0.78342,-0.47834,-0.16254,-0.13929,-0.15295,-0.053913,0.033469,-0.02623,-0.035492,0.05724,0.13551,0.12964,0.14868,0.11929,0.31124,0.47798,0.45622,0.37631,0.32528,0.28205,-1.6926,-1.8954,0.020412,0.26073,0.21805,0.15338,0.11303,0.12633,0.17164,0.19592,0.074148,-0.028722,0.06008,-0.07932,-0.16153,-0.075723,0.018202,0.067842,0.11069,0.14862,0.10576,-0.00083754,-0.093961,-0.16046,-0.17231,-0.061682,0.15708,0.2457,0.14747,0.11034,0.17154,0.004362,-0.29836,-0.42543,-0.37666,-0.24657,-0.11305,-0.039801,-0.0061256,0.002826,-0.056666,-0.11479,-0.10715,-0.090255,-0.074489,-0.17119,-0.29324,-0.26371,-0.081397,-0.026535,-0.031882,-0.0051108,-0.02315,-0.027235,0.0031984,0.04634,-0.0016896,-0.027588,0.01835,0.007007,-0.07097,-0.14843,-0.10346,-0.056329,-0.10776,-0.11558,-0.1324,-0.081528,-0.011429,0.024361,0.079514,0.066128,0.24235,0.38571,0.37804,0.29899,0.16669,0.10823,0.28224,0.45618,1.2827,-0.78199,-1.1012,0.47986,0.99999,-2.5701,-0.1219,-0.49176,-0.36679,0.26821,0.74194,0.076908,0.0011913,-0.21032,0.033152,-0.17492,-0.040073,0.27326,0.13875,0.16332,0.22214,-0.09979,0.0055886,0.024525,-0.0064988,-0.0049308,-0.32175,-0.038238,0.23641,-0.14904,1.4244,2.1517,-0.70729,1.0727,-2.9676,0.99458,0.93605,0.62313,0.17249,0.20211,-0.083882,0.13467,-0.75351,0.022404,-0.30272,-0.12192,-0.099372,0.25863,0.32023,0.11874,0.089459,-0.12986,-0.012555,-0.10159,0.050856,-0.062946,0.15079,0.11693,-0.099852,0.25267,0.70791,-1.2051,1.6919,0.76048,0.21343,0.4633,-0.5492,-0.20945,-0.4041,0.57488,0.35007,-0.44641,0.20052,0.21227,-0.043617,-0.071227,-0.031634,-0.31758,0.24448,0.062291,0.12682,-0.1815,0.04682,0.22523,0.04558,-0.23362,-0.004174,0.044107,0.18531,-0.0011394,-1.5202,2.03,0.94993,-1.7393,-0.13923,0.45846,0.81907,0.13997,0.15424,-0.02374,-0.16039,0.020519,-0.28487,-0.71604,0.3427,0.27919,-0.17356,-0.25895,0.030412,0.1269,0.21125,-0.23339,0.27146,-0.092786,0.18228,0.21062,-0.33959,-0.13356,0.11061,-0.043086,1.3257,-0.70008,1.4269,-1.9473,-0.027088,0.75931,-0.13614,0.91523,-0.035002,-0.12134,0.1386,0.074751,0.027019,0.06402,-0.26313,0.21582,0.15451,-0.37542,-0.094094,-0.16984,0.025777,0.14984,0.41644,0.1359,0.06546,0.17634,-0.004992,0.01059,-0.28655,-0.081819,-1.3221,1.8113,-1.6381,-0.25318,1.9,-0.26709,0.28354,-0.46047,-0.56345,-0.31328,-0.34166,-0.45991,-0.037921,0.64114,0.36894,0.40822,-0.12152,0.014261,-0.40141,-0.042384,-0.096163,-0.077432,-0.14077,-0.23836,0.20512,0.12278,0.34528,-0.058362,-0.21453,-0.31642
-0.031858,0.017024,0.16941,0.29247,0.29751,0.17721,0.11937,0.19009,0.20419,0.16674,0.13884,0.05252,0.0089348,0.048544,0.081266,0.076281,-0.026741,-0.13425,-0.1313,-0.27949,0.30164,0.30648,-0.35136,-0.20108,-0.051065,0.057888,0.030113,-0.020993,-0.050935,-0.14683,-0.0058651,0.15096,0.1204,0.12513,0.19176,0.20083,0.09283,-0.049904,-0.12454,-0.14185,-0.12665,-0.045171,0.00054943,-0.021393,-0.052199,-0.036775,0.035531,0.094548,0.10404,0.04925,-0.015581,0.044596,0.14492,0.18293,0.17911,0.10339,0.0036277,-0.046243,-0.038883,-0.022066,-1.7789e-05,0.020317,0.018308,0.0086114,0.01263,0.022383,0.029587,0.044026,0.046127,0.02347,0.03279,-0.10859,-0.24001,-0.23772,-0.17314,-0.089343,-0.18279,-0.32428,-0.3233,-0.1954,-0.017813,0.092456,0.092409,0.062939,0.10754,0.19946,0.22322,0.22175,0.22504,0.12375,0.056243,0.098326,0.10949,0.17456,0.27936,0.23868,0.089529,-0.7583,-0.28546,0.91923,0.15568,0.022753,-0.27076,-0.44471,-0.45517,-0.32051,-0.06007,-0.0029206,-0.066481,-0.058315,-0.062126,0.024103,0.15446,0.22657,0.24768,0.21213,0.18505,0.16753,0.17211,0.094436,-2.1513,-2.1736,0.10892,0.26393,0.28399,0.27333,0.24545,0.23279,0.26417,0.31102,0.20783,0.20237,0.29668,0.061743,-0.16381,-0.21574,-0.10808,0.014985,0.10308,0.13381,0.1251,0.0078749,-0.12037,-0.13213,-0.091961,0.036212,0.2103,0.30751,0.28918,0.19415,0.080939,-0.029991,-0.238,-0.38182,-0.36008,-0.22507,-0.03321,0.1155,0.096888,0.0083718,0.013243,0.055595,0.13594,0.19355,0.14339,-0.0073207,-0.15583,-0.13398,-0.081076,-0.068784,-0.034793,-0.067621,-0.074732,-0.05966,-0.054112,-0.034578,-0.096271,-0.11655,-0.092357,-0.15412,-0.099375,-0.017315,-0.069639,-0.097549,-0.00085969,0.086976,0.034168,0.040585,-0.010667,0.038608,0.12115,0.14444,0.33774,0.44653,0.40357,0.33349,0.19919,-0.80336,0.20593,1.2139,1.5957,0.16744,-0.54037,-0.076588,2.7399,-0.60212,1.2283,-0.90682,0.67377,-0.14708,1.0191,0.31078,-0.032006,-0.14453,0.3235,0.12083,0.46145,0.32078,-0.39357,-0.19432,0.072879,-0.11988,0.18843,0.021462,-0.15846,-0.22709,0.03831,-0.17231,-0.2554,0.090555,-0.92042,0.44088,-0.0090212,0.43393,-2.9868,-1.4273,-0.32368,0.7375,-0.86933,0.52413,-0.19147,0.010442,-0.38811,-0.071778,0.34034,0.5073,0.4716,0.0002109,-0.40141,-0.16592,0.23463,-0.37537,-0.11378,-0.23207,-0.36357,0.24892,-0.18129,-0.12673,0.21562,-0.22591,-1.0501,-1.097,0.19399,0.58549,-0.51144,0.24136,-0.74875,0.038866,-0.15975,-0.59435,-0.35693,-0.17891,-0.26781,-0.085989,0.26997,0.14256,-0.080976,0.17179,-0.37437,-0.038121,-0.067856,-0.088895,0.025829,0.19364,0.23972,0.030212,0.23609,0.28283,-0.042584,0.11513,-2.3507,0.76348,-0.0096298,-1.1218,1.5236,-1.3111,1.5194,-0.32551,0.085092,-0.70348,-0.72266,0.15117,0.07865,0.097893,0.15681,0.5802,-0.071576,0.23583,-0.15817,-0.30076,-0.28781,-0.29425,0.015904,0.042167,0.056239,0.26936,0.17471,0.14872,0.14454,-0.48853,-0.49039,0.37597,0.78969,-1.1932,0.21187,0.59667,-0.43406,0.48343,-0.12532,0.077108,0.20095,0.25776,-0.13208,0.058895,-0.0056925,-0.053921,0.13526,-0.12586,0.54358,0.020572,-0.49483,0.23002,-0.18982,-0.18034,0.15713,0.073994,-0.1996,-0.176,-0.4361,-0.14305,-1.8051,1.0581,-1.1847,-1.3931,2.1762,-0.42458,0.19662,-0.47331,-0.96161,0.17296,0.082809,-0.62946,-0.072644,0.90632,0.16336,-0.22619,-0.46478,-0.37101,0.11591,-0.22656,0.46914,-0.53602,0.4173,0.49074,0.21789,0.054827,0.11305,0.45202,0.010479,0.0061799
-0.046605,-0.21585,-0.024947,-0.029927,0.1182,0.24773,0.24384,0.1516,0.10321,0.057031,0.072699,0.11733,0.12457,0.14526,0.14764,0.080431,0.10852,0.20863,0.16128,0.047811,-0.23502,-0.22285,0.12313,0.21688,0.15648,0.075515,0.051757,0.073425,0.097377,0.060738,-0.020465,0.011185,0.097886,0.058549,0.059785,0.0073389,-0.048978,-0.090854,-0.088251,-0.081798,-0.076006,-0.067178,-0.078653,-0.056626,-0.075772,-0.14341,-0.16124,-0.0090757,0.16617,0.17213,0.12043,0.03415,-0.087075,-0.054949,-0.062085,-0.096272,-0.12215,-0.088558,-0.027535,0.00899,0.012251,-0.0070427,-0.062389,-0.096968,-0.06853,-0.045709,-0.026048,-0.012254,0.00076352,0.058382,0.010021,-0.032066,-0.0081804,-0.0082619,-0.01656,-0.023464,-0.024353,-0.048078,0.011134,0.19118,0.30269,0.27509,0.2112,0.19185,0.14151,0.12336,0.12756,0.14936,0.11445,0.085697,0.10515,0.14718,0.17332,0.12552,0.083807,0.03641,-0.045748,-0.77242,-0.69145,0.55852,1.2612,0.57262,-0.16684,-0.1526,-0.20832,-0.27297,-0.21416,-0.057703,-0.048119,-0.029943,0.022806,0.060804,0.070617,0.12502,0.11981,0.29146,0.46393,0.48536,0.46987,0.3881,-1.4957,-1.5187,0.38014,0.39604,0.3039,0.2394,0.15671,0.096215,0.092697,-0.054092,-0.14481,0.2032,0.24728,-0.0010302,-0.025521,0.11652,0.16157,0.20795,0.14504,0.05873,0.043425,-0.015626,-0.028778,-0.086606,-0.15361,-0.13521,-0.06405,-0.071513,-0.065831,-0.084817,-0.1519,-0.045135,0.067139,0.011212,0.021987,0.078088,0.16858,0.19245,0.11927,0.017231,-0.081823,-0.1421,-0.093359,-0.00099646,0.027058,-0.044209,-0.11472,-0.17118,-0.14418,-0.051189,-0.090296,-0.11984,-0.10814,-0.092555,-0.069655,-0.097064,-0.1168,-0.14697,-0.21221,-0.24807,-0.28092,-0.15537,0.00096619,-0.052014,-0.050659,-0.064499,-0.01783,0.011223,0.0357,0.094588,0.11901,0.15563,0.12098,0.25399,0.34892,0.2671,0.14648,-1.4592,-0.8083,0.99346,3.0585,-2.3132,-0.11657,0.41894,-0.57265,-0.97428,0.73048,-0.090784,-1.0799,0.36593,0.61887,-0.45227,-0.46045,0.32615,0.2073,0.16916,0.71588,0.27089,0.0019548,-0.35286,-0.18595,-0.35832,0.12943,0.47728,-0.25898,0.043233,-0.31718,-0.0056002,0.46293,-0.075039,-0.90403,0.64015,1.0966,0.074729,-1.2148,1.5424,0.77535,0.25233,0.15803,-0.30458,1.1263,0.044806,-0.015443,-0.57612,-0.073229,0.57884,0.081897,0.24494,-0.8405,0.12718,-0.36266,-0.37731,-0.57293,-0.094262,-0.58042,0.13673,-0.28249,0.52047,-0.14328,0.045025,-1.2707,0.61296,-0.50937,0.041407,-0.17446,-0.55878,-0.52712,-0.56356,0.053784,0.078786,-0.26724,0.16996,-0.28035,0.33201,-0.14586,0.0091028,0.15722,0.17017,0.069,0.099768,-0.071862,0.136,0.093933,0.19597,-0.026717,-0.18835,0.28542,-0.36796,0.057718,-0.23474,-3.7435,0.75221,-0.85308,-0.68867,-0.53766,1.0697,0.047074,0.37816,0.084571,-0.066467,0.037957,0.19996,-0.3808,0.35572,-0.1688,-0.025692,0.24587,0.055865,-0.58604,0.29082,0.15067,0.14444,0.23618,-0.31089,0.28526,-0.19716,-0.47054,0.22153,0.53556,0.058088,-0.84146,-0.2357,-0.3333,-0.38375,-0.31413,0.14683,-0.78763,0.4467,0.19252,-0.16464,-0.20665,-0.38023,-0.4397,0.39395,-0.18706,0.19635,-0.10986,0.15718,0.10191,-0.29206,-0.08499,-0.17265,-0.046253,0.1819,0.005254,-0.0434,0.059095,-0.10118,-0.34647,-0.12038,-3.2321,1.3327,0.54695,-1.5367,0.99009,-0.24105,-0.18907,-0.58761,-0.9651,-0.33356,0.34192,-0.29901,0.24426,-0.49641,-0.21476,-0.13321,-0.24814,-0.0092741,-0.02408,0.42133,0.010246,0.23954,0.057403,-0.15051,-0.16814,0.12689,-0.12876,-0.099091,-0.14562,0.19942
0.29674,-0.04777,-0.020633,0.057916,0.30216,0.26986,0.083386,0.064671,0.054547,0.024658,0.01977,0.034467,0.0265,0.024408,0.026993,0.0066857,-0.0081932,0.14704,0.41225,0.31526,-0.35646,-0.3944,0.097938,0.10696,0.0038854,0.072945,0.12849,0.086847,0.068668,0.097127,0.049865,0.14245,0.14529,0.0029481,0.0022178,0.01821,0.016867,-0.01698,-0.076687,-0.060895,-0.029067,-0.041325,-0.052395,-0.075417,-0.06946,-0.087214,-0.07587,0.024524,0.1048,0.063734,-0.073715,-0.11233,-0.072803,0.022023,0.09041,0.08795,0.0035759,-0.056312,-0.043751,-0.0028989,-0.0068605,-0.031053,-0.013103,-0.0067641,-0.0083853,-0.015483,-0.030633,-0.053995,-0.032619,0.10335,0.22024,0.2396,0.19323,0.12027,0.042597,-0.04499,-0.06748,-0.01695,0.11204,0.32114,0.35791,0.15277,0.037012,0.074132,0.08103,0.051597,0.040627,0.035792,0.050085,0.074435,0.10769,0.12993,0.055457,0.070378,0.12275,0.040307,0.0045978,0.019874,-0.39607,-0.18948,1.423,0.7829,-0.26483,-0.41845,-0.46145,-0.3489,-0.10208,-0.032996,-0.049378,-0.052822,-0.010568,0.035022,0.029495,0.065049,0.08206,0.048057,0.27231,0.50475,0.55215,0.49953,-1.3737,-1.4024,0.42066,0.42275,0.32063,0.31592,0.32358,0.3125,0.16174,-0.0085455,0.13283,0.42825,0.33123,0.017862,-0.10463,-0.06138,-0.0036172,-0.01455,-0.014933,0.01783,0.024756,0.039633,-0.00037084,-0.022944,-0.12749,-0.18891,-0.07669,0.10136,0.21778,0.13498,-0.057294,-0.074983,-0.023858,-0.064464,-0.11005,-0.096234,0.015523,0.13037,0.1975,0.21858,0.19577,0.20193,0.23419,0.2177,0.13868,-0.081629,-0.28784,-0.32147,-0.20174,-0.043391,-0.055608,-0.11924,-0.12004,-0.11059,-0.091815,-0.12055,-0.14199,-0.18986,-0.26388,-0.27956,-0.29505,-0.25769,-0.094857,-0.0024492,-0.02595,0.0092486,0.031074,0.11154,0.18957,0.20695,0.23652,0.20464,0.3359,0.4417,0.36837,0.26297,0.18149,-2.1414,-1.4751,0.93728,2.9164,-2.0526,0.13014,1.2062,-0.018761,-0.79272,0.51428,0.23088,-1.2222,-0.0051457,0.75776,-0.28196,-0.55921,0.43212,-0.2756,0.059201,-0.21543,0.007585,-0.14535,-0.32663,-0.13081,-0.1797,0.10341,-0.28937,0.35041,-0.011401,-0.0091774,0.31984,0.57573,-0.076902,-1.5169,0.5105,0.70926,1.446,-1.7521,1.1936,0.47484,-0.19087,-0.00793,0.31034,-0.021987,0.31281,-0.17386,0.48167,0.30563,-0.037238,-0.18457,0.22468,-0.44581,-0.29589,0.11046,0.15999,-0.093691,0.16038,-0.1261,0.32514,-0.040025,0.25826,0.18947,-0.01744,-1.3797,0.32692,-0.63499,0.3091,-0.016593,0.26787,-0.24747,-0.79981,0.15009,-0.015719,0.37291,0.17846,0.32486,-0.26765,-0.39528,0.25313,-0.071849,0.28173,-0.25521,0.16558,-0.087951,0.039711,-0.081321,-0.052294,-0.1884,-0.29254,0.099651,0.0038415,-0.26475,-0.30142,-3.6186,0.084156,-1.5303,0.20586,-0.33276,-0.97687,0.74929,-0.063891,0.76672,0.16367,-0.73201,0.72945,-0.39468,0.46176,-0.1387,0.20283,0.089497,0.044562,-0.27867,0.26366,-0.018971,0.034534,0.01956,0.35111,0.51479,-0.26626,-0.36687,-0.31935,-0.43958,-0.0028537,-0.82175,0.28568,-0.44767,-0.25462,0.43189,-0.31146,-0.60075,0.46343,-0.35473,-0.19406,-0.34271,-0.092013,-0.033444,0.56956,0.27465,0.38442,0.41032,0.28165,-0.02226,-0.14215,0.42456,-0.064979,-0.20234,0.26799,-0.078256,-0.31697,-0.05346,-0.1033,-0.27457,0.041527,-3.2151,0.75351,0.94164,-1.7931,0.39419,0.54799,1.5822,-0.22773,0.094251,-0.38186,-0.17188,0.73643,0.016603,-0.8369,-0.12786,0.41497,0.080595,-0.43596,0.44909,-0.01422,-0.17476,-0.011353,0.04829,-0.36305,-0.1134,0.077181,-0.11105,0.083693,-0.012295,-0.051983
0.50946,-0.036441,-0.23728,-0.24465,-0.088983,0.097852,0.14662,0.089761,0.044876,0.0016011,0.025606,0.080205,0.088297,0.10507,0.09977,0.062443,0.074965,0.063018,-0.037985,-0.11901,-0.2847,-0.23142,-0.25583,-0.046423,0.13799,0.29253,0.39386,0.28324,0.053317,-0.062639,0.039412,0.18846,0.27119,0.29466,0.37504,0.37661,0.2022,0.043198,0.023265,0.050826,0.10085,0.06807,0.0052854,-0.02028,-0.016883,0.01127,0.04495,0.063627,0.082345,0.08722,0.065001,0.058845,0.14642,0.22331,0.21012,0.13178,0.0018194,-0.082575,-0.079983,-0.077742,-0.079194,-0.070973,-0.050864,-0.023756,-0.0016023,0.018819,0.012886,-0.014726,-0.044122,-0.13457,-0.15109,-0.12604,-0.10711,-0.079899,-0.099443,-0.17945,-0.25952,-0.27041,-0.22701,-0.11537,0.10393,0.28058,0.30574,0.24227,0.1986,0.2208,0.23241,0.20963,0.20347,0.086823,0.0022649,0.031935,0.053739,0.11401,0.08363,-0.094955,-0.20459,-0.5702,-0.64208,0.36059,1.7284,1.1004,-0.099071,-0.11983,-0.19633,-0.28587,-0.23216,-0.065433,-0.032396,-0.0056339,0.056115,0.1053,0.11231,0.14417,0.11402,0.31624,0.49538,0.47572,0.42549,0.36491,-1.816,-2.0007,-0.057963,0.20261,0.31281,0.35248,0.30409,0.29991,0.34131,0.38517,0.21833,-0.10039,-0.090125,-0.29686,-0.40454,-0.25928,-0.010771,0.13901,0.15799,0.099921,-0.12484,-0.34607,-0.40264,-0.35785,-0.22583,-0.04652,0.070149,0.10816,0.13657,0.17226,0.18996,0.037981,-0.23773,-0.37197,-0.32735,-0.18594,-0.090512,-0.071727,-0.079335,-0.13475,-0.12972,-0.081579,-0.021966,0.030439,0.041578,-0.035485,-0.12362,-0.10081,-0.056666,-0.063041,-0.031119,-0.040385,-0.060895,-0.048325,-0.079881,-0.078642,0.001829,0.065669,0.07373,0.025151,-0.037898,-0.10518,-0.19142,-0.2425,-0.1252,0.0016051,-0.043022,-0.020796,-0.062751,-0.009038,0.07774,0.10527,0.34351,0.48043,0.36428,0.17679,0.033127,-1.9261,-1.0476,1.2127,4.0741,-0.47722,-0.26893,-0.83018,0.78133,0.71063,1.3555,0.071664,-0.16524,0.011218,0.56571,-0.57393,-0.13435,-0.042524,-0.162,0.38488,-0.42682,-0.029852,-0.20411,-0.25607,0.10901,-0.025822,-0.21035,-0.071417,0.1415,0.3698,-0.11588,-0.079879,-0.14332,-0.14859,-1.8585,0.71876,-0.41415,0.48444,-2.3296,1.147,0.87353,0.087067,-0.019137,-0.050468,0.14879,-0.068439,-0.35308,-0.23264,-0.0034506,-0.24334,0.24554,0.48961,-0.31393,-0.29499,0.018244,-0.10056,0.0048501,0.215,0.17455,-0.23673,-0.19048,-0.025607,0.15719,-0.24973,-1.6669,-0.87491,-0.4493,0.00090384,-0.58609,-0.98521,-0.22592,-0.35154,0.38789,-0.024685,-0.25529,0.18131,-0.027336,-0.16009,0.02908,-0.13743,-0.15874,-0.2873,-0.078592,-0.14816,-0.039547,-0.17179,0.18964,0.35112,-0.35613,-0.10874,-0.17392,0.24585,0.2897,0.18741,-4.1934,0.67792,0.36683,-0.44515,-1.217,0.42156,0.19456,-0.10577,0.013926,0.63007,0.48682,0.14577,-0.4318,-0.066761,0.041568,0.62629,0.43312,0.40702,-0.35386,0.25861,0.077431,-0.021024,0.16837,-0.099407,-0.076328,0.076017,-0.088632,0.061086,0.07149,0.19933,-1.2578,0.4058,0.77616,-0.61319,0.0028516,0.26111,-0.08544,-0.14439,0.19228,-0.055505,-0.15653,-0.36845,-0.23735,0.36462,0.22733,0.15937,-0.0034516,-0.02543,-0.14968,-0.15567,-0.37695,0.16079,0.49507,-0.038424,0.013081,-0.074066,-0.11053,-0.17198,-0.07442,0.076303,-3.7487,1.1229,-0.83664,-1.5136,1.0166,0.11223,-0.14789,-0.95881,-0.55048,-0.054212,0.080532,-0.68403,0.28642,-0.58259,-0.43946,0.48072,-0.0041946,-0.46444,-0.2419,-0.16635,-0.15728,0.061616,-0.11988,0.10228,0.05455,0.15905,-0.33725,0.22634,1.6807e-05,-0.21977
-0.41392,-0.26146,-0.033424,-0.013745,0.11398,0.15708,0.16387,0.18946,0.17917,0.1272,0.10017,0.097082,0.12038,0.14328,0.18566,0.19358,0.065725,-0.12155,-0.24478,-0.33412,-0.032315,0.011018,-0.25734,-0.097325,0.035689,0.15108,0.18855,0.025276,-0.10739,-0.063072,0.16589,0.24527,0.34414,0.31812,0.31484,0.208,0.03239,-0.045533,-0.056732,-0.025384,-0.030855,-0.044764,-0.061102,-0.076608,-0.018859,0.043501,0.08034,0.13509,0.14655,0.091093,0.033987,0.030617,0.1117,0.18082,0.16948,0.083838,-0.035717,-0.076301,-0.038051,0.0092439,-0.012773,-0.052307,-0.028278,-0.0078612,0.0011628,0.0042997,-0.0021619,-0.0057574,-0.0028125,-0.0034696,-0.03212,-0.023078,0.022764,0.045957,0.033123,-0.040164,-0.096696,-0.10488,-0.07319,0.054599,0.24925,0.38059,0.40466,0.29779,0.15946,0.098195,0.069355,0.042608,0.042785,-0.077507,-0.071273,0.042945,-0.058529,-0.1834,-0.37009,-0.47096,-0.32378,0.20446,0.86449,1.1166,0.33044,0.0162,-0.2147,-0.20715,-0.25145,-0.29073,-0.18454,-0.02963,-0.058225,-0.0078493,0.016589,0.096156,0.17384,0.18756,0.21032,0.17306,0.31009,0.38341,0.29163,0.11813,-2.026,-2.0722,0.017247,0.17177,0.2724,0.32975,0.30316,0.33502,0.38524,0.22291,-0.16708,0.035383,0.1491,0.0019121,-0.10294,-0.017554,0.11457,0.19083,0.22413,0.10509,-0.041332,-0.093574,-0.14147,-0.11251,-0.060675,0.048641,0.19305,0.27983,0.26641,0.16537,0.10948,0.025061,-0.16614,-0.25694,-0.2257,-0.091196,0.072081,0.15276,0.15129,0.090854,0.010087,0.015284,0.09001,0.15355,0.15379,0.099703,0.055133,0.077276,0.086627,0.04116,-0.031844,-0.078493,-0.062649,-0.10099,-0.12935,-0.093095,-0.044468,-0.003476,0.0027057,-0.024583,-0.067701,-0.13912,-0.23161,-0.28615,-0.19038,-0.071704,-0.036623,0.048292,0.082986,0.3027,0.5716,0.63223,0.43526,0.18439,0.10521,-1.8671,-2.0186,0.34449,0.57893,0.64109,4.2104,-0.8055,-0.40402,1.1558,-0.036647,-1.0279,-0.050526,0.59728,0.34075,0.42291,0.77869,-0.32671,-0.58498,0.037925,0.3326,0.23256,-0.076507,-0.15747,-0.091806,0.15946,0.23858,0.18055,0.087407,-0.094048,-0.15697,0.11922,-0.026875,-0.37911,0.047367,-0.20974,-1.8795,0.6647,-0.44945,0.66058,-2.2708,1.0865,0.9691,0.074345,-0.10592,0.17766,-0.096624,-0.073827,-0.31495,-0.14561,-0.072588,-0.19133,0.34474,0.4124,-0.35725,-0.33206,0.1556,-0.18314,-0.014546,0.064526,0.1667,-0.20618,-0.18297,-0.013944,-0.086623,-0.26515,-1.6652,-0.67201,-0.35648,-0.17176,-0.2263,0.17053,-0.45256,0.2462,0.85948,-0.50103,-0.029398,-0.27671,-0.068224,0.053741,-0.13005,-0.16999,0.075219,0.070568,-0.21858,-0.087578,-0.081078,0.048915,0.046328,0.60831,-0.0039701,-0.03277,-0.21449,-0.0091006,0.025423,0.1034,-4.3745,0.34049,0.36233,-0.57449,-1.077,0.4935,0.15754,-0.026272,-0.1218,0.53546,0.5362,0.081827,-0.48441,0.3296,0.06641,-0.070729,0.25262,0.42727,-0.12786,-0.086598,-0.26829,-0.1524,0.41676,-0.4121,0.10331,0.067879,-0.14853,0.21686,0.037392,0.21879,-1.3167,0.36627,0.75937,-0.45147,0.26448,0.21948,-0.2108,-0.13112,0.16298,-0.026202,-0.10695,-0.22461,-0.19034,0.33264,0.29233,0.032207,0.17794,0.024801,-0.23856,0.07214,-0.34252,0.1328,0.45177,0.071397,0.053194,-0.23642,-0.043454,-0.23988,-0.012508,-0.056065,-3.2319,0.40983,-1.1868,2.0958,2.143,-0.45024,-0.13503,-0.0023139,-0.48864,0.57289,1.1365,-0.44599,0.39175,-0.31324,-0.25531,0.29422,0.12951,-0.19123,-0.31899,-0.34341,0.22141,-0.079538,0.33778,-0.02071,0.45605,-0.053053,-0.090266,0.27733,-0.089537,-0.21839
0.4715,0.39751,0.067391,-0.13784,-0.047015,0.11614,0.17931,0.18332,0.13951,0.11868,0.12163,0.10748,0.068908,0.073579,0.12585,0.14276,0.1121,0.009781,-0.034961,0.061181,0.10883,-0.18666,-0.3278,-0.033503,0.030869,-0.14481,-0.35189,-0.20028,0.11478,0.17081,0.14671,0.11653,-0.0039418,0.079976,0.061692,0.04418,0.049339,0.077823,0.099194,0.13636,0.15415,0.1337,0.1198,0.10767,0.028628,-0.066701,-0.091213,-0.099342,-0.10088,-0.092228,-0.0238,-0.0081415,0.031957,0.11278,0.10676,0.035624,-0.024662,-0.024465,-0.026703,-0.051687,-0.08281,-0.090888,-0.0048532,0.01395,-0.038118,-0.017577,0.013232,-0.018015,-0.0080673,0.092364,0.083369,0.02696,-0.10584,-0.19325,-0.16508,-0.11214,-0.065805,-0.19224,-0.34723,-0.40854,-0.38238,-0.25422,-0.036985,0.13077,0.16181,0.14672,0.13487,0.11565,0.10737,0.1137,0.13467,0.1611,0.15555,0.19692,0.23922,0.1484,-0.021323,-0.020512,0.004656,-0.061051,-0.79697,-0.52372,-0.18557,-0.098702,-0.025949,0.030425,-0.051636,-0.11029,-0.11595,-0.067593,-0.031885,-0.056393,0.026319,0.15734,0.21515,0.20096,0.15141,0.22009,0.31823,0.36467,0.33762,-1.5879,-1.5534,0.27198,0.24492,0.14785,0.054966,0.095922,0.12495,0.12803,0.08645,-0.25408,-0.47131,-0.34385,0.046655,0.065774,0.045898,-0.005928,-0.062198,-0.085394,-0.066138,-0.0075717,0.063173,0.080728,0.06122,0.054829,0.068635,0.073377,0.069029,0.057012,0.071717,-0.054161,-0.29043,-0.42001,-0.39001,-0.26647,-0.14563,-0.14715,-0.21894,-0.2679,-0.27253,-0.21976,-0.13609,-0.078576,-0.11176,-0.25619,-0.33027,-0.24916,-0.055766,0.075025,0.073189,0.067305,0.004643,-0.040086,-0.023973,0.004968,0.045532,0.021108,0.013818,0.061114,0.042339,-0.064157,-0.060976,0.0065469,-0.049619,-0.054834,-0.061471,-0.0195,0.026101,0.034026,0.081245,0.081447,0.20262,0.4682,0.55667,0.45377,0.2951,0.25374,0.25589,0.21794,1.1876,-0.59176,-1.5299,0.075433,0.82616,-2.0217,-0.56687,-0.56524,-0.47221,-0.09676,0.59876,0.14777,-0.38885,-0.25712,0.23566,-0.6828,0.46415,-0.1384,0.39116,0.28239,-0.41698,-0.74318,0.17339,0.317,-0.41291,-0.16056,0.096298,0.061186,0.27326,0.14042,1.5898,1.5348,-0.65291,0.33015,-2.781,1.0387,0.1431,0.55313,0.58841,0.40938,-0.40898,0.5419,-0.65389,0.23899,0.2288,-0.44228,-0.010241,0.37759,0.34037,0.35474,-0.04819,0.19922,-0.13191,-0.41799,0.050756,0.40278,-0.01594,0.090018,-0.27526,-0.053074,0.81318,-0.89769,1.7071,0.066439,0.39989,0.62106,0.072145,-0.19857,-1.0386,0.71574,0.38658,-0.25294,-0.71533,0.23602,-0.41863,0.11477,-0.26221,-0.14167,0.13531,-0.11071,-0.085591,0.11251,-0.33465,0.15245,0.43245,-0.15845,-0.0036065,-0.2593,-0.13141,-0.2835,-1.2589,2.0863,1.0815,-1.0495,-0.26152,0.52746,1.1651,0.54639,-0.090812,0.57135,0.11524,-0.19411,-0.29097,-0.27759,0.16815,0.20415,-0.53937,-0.15728,-0.71982,-0.088835,-0.051354,-0.27326,-0.32014,0.15815,0.026285,0.16546,-0.073331,-0.15677,0.38609,-0.18594,1.5461,-0.58436,1.6791,-1.3629,-0.77667,0.51355,-0.39496,1.0291,-0.26219,0.21309,0.29153,0.50258,-0.034329,0.20506,-0.097263,-0.098576,0.094976,-0.12279,0.05669,-0.10298,-0.10547,-0.29223,-0.032884,0.01716,0.0067866,0.2712,0.27272,0.054478,0.075242,-0.11058,-0.89064,1.859,-1.5639,-0.045795,1.4143,-0.28479,0.062711,0.020778,-0.53704,0.15979,-0.65137,-0.40678,-0.32712,0.42482,0.62447,-0.11519,0.17437,-0.39293,0.10015,0.25815,-0.21806,0.21791,-0.27004,0.16265,0.069075,0.051012,0.35566,-0.32343,-0.39548,0.065101
0.42883,-0.064027,-0.029169,0.058367,0.28301,0.26841,0.17494,0.163,0.15346,0.096858,0.070494,0.09028,0.092777,0.1078,0.10201,-0.006153,-0.068424,-0.090111,-0.19294,-0.21955,-0.48589,-0.40049,-0.016222,0.056367,0.099693,0.10307,0.05629,-0.032323,-0.11608,-0.089985,0.086529,0.21867,0.26829,0.19029,0.097041,0.0075325,0.019299,0.10837,0.18247,0.15582,0.11859,0.11666,0.1225,0.099869,0.071911,0.060574,0.081606,0.077064,0.08217,0.079093,0.012617,-0.090838,-0.13526,-0.11181,-0.12211,-0.13038,-0.1175,-0.095934,-0.089124,-0.068495,-0.046107,0.051361,0.13393,0.11801,0.077039,0.054041,0.04099,-0.0070118,-0.012083,0.0095861,0.1133,0.24426,0.28924,0.25373,0.16314,0.010969,-0.11659,-0.055435,0.16091,0.27482,0.225,0.11854,0.035478,0.025854,0.055513,0.055807,0.035176,0.033555,0.019184,0.021306,0.034669,-0.042787,-0.066782,-0.043393,-0.19517,-0.11863,-0.47269,-0.56744,0.7353,0.95307,1.5408,0.65775,-0.34023,-0.33655,-0.33696,-0.37907,-0.28965,-0.16606,-0.2112,-0.20181,-0.086146,0.024726,0.063857,0.12874,0.11465,0.26214,0.40108,0.37363,0.30325,0.2357,-1.3134,-1.4191,0.12141,0.11721,0.074516,0.03777,0.075519,0.12567,0.14784,0.17984,0.08682,0.13105,0.1497,-0.10454,-0.096671,0.0052332,0.012012,-0.038045,-0.15575,-0.20362,-0.19599,-0.09953,0.1006,0.29867,0.39626,0.39943,0.31881,0.23705,0.25106,0.27514,0.19794,0.075881,-0.06627,-0.13348,-0.11122,-0.084297,-0.070287,-0.059806,-0.019234,0.0086437,0.086781,0.21357,0.37854,0.52711,0.57009,0.45835,0.15721,-0.13949,-0.16203,-0.21158,-0.21787,-0.16975,-0.15038,-0.13461,-0.12029,-0.14622,-0.14651,-0.067678,-0.035073,-0.054511,-0.072089,-0.1009,-0.13244,-0.080373,-0.01577,-0.028959,0.016113,0.040318,0.1245,0.20441,0.18849,0.37954,0.52848,0.43635,0.41417,-1.6019,-1.894,-0.12156,0.49341,0.61433,2.1368,-1.3801,-0.33698,2.4761,-0.85998,0.1164,-0.11624,0.54233,-0.17355,-0.10406,0.79485,-0.091807,0.89518,-0.75108,-0.32171,0.56702,0.38062,0.044305,0.027337,-0.23895,-0.37354,-0.48462,-0.014049,-0.11286,0.2882,-0.053494,0.15469,0.10229,-0.12961,-0.56982,-0.69164,-0.52622,0.1969,0.48915,-0.017967,0.56915,0.33059,-0.11729,-0.32011,-0.50589,0.83655,-0.051527,0.44402,-0.41275,0.432,1.4947,0.041778,0.21678,-0.79368,-0.0542,-0.21769,0.28895,0.13463,0.062827,0.31182,-0.045447,-0.30559,0.18342,0.50255,-0.26962,-1.2701,-0.45772,-1.0806,-0.50297,0.01043,0.23709,-0.27095,-0.037732,0.65688,0.06368,0.62945,0.12552,-0.27548,-0.0035644,0.24408,0.57157,0.13094,0.3105,-0.12196,-0.091659,-0.042064,0.3215,-0.10321,-0.17167,0.075106,0.025736,0.065571,-0.26379,0.2174,-0.043922,-3.8283,-0.26191,-0.069811,-0.045271,-0.55522,0.66752,-0.12937,0.16355,-0.038553,0.76106,-0.1521,-0.22113,-0.33732,0.24784,0.48122,0.72279,0.06894,-0.24152,-0.21901,0.25526,0.0050549,0.46416,-0.27878,0.30208,0.44057,-0.02174,0.22384,-0.44913,-0.31174,0.31602,-0.87245,0.76684,0.52116,-0.055888,0.057917,-0.20654,-0.4477,0.24886,-0.19753,0.10527,-0.45225,-0.32041,0.18103,1.0443,-0.31108,0.24474,0.049844,0.0037369,0.016076,-0.046467,-0.36245,-0.034173,-0.12156,-0.11003,-0.56498,-0.12466,-0.0059586,-0.18104,-0.35287,0.057313,-3.398,-0.18224,0.14923,-0.15289,-0.10859,-0.36689,-1.2961,-0.90666,0.13812,0.1292,-0.11776,0.085298,0.18523,-0.48333,0.56368,0.38145,-0.10061,1.2151,-0.003166,-0.36452,-0.40965,-0.72295,-0.12047,0.58986,-0.30999,0.24546,-0.52964,0.062978,-0.4032,0.28685
-0.095401,-0.0092331,0.070971,0.2548,0.38456,0.30357,0.21042,0.22723,0.17587,0.13836,0.094806,0.071762,0.069073,0.083437,0.088958,0.094657,0.11443,0.089323,0.014696,-0.064385,-0.40559,-0.52899,-0.21361,-0.081057,-0.0043336,0.012903,-0.014551,-0.093636,-0.14426,-0.085215,0.087514,0.087831,0.064399,0.043388,0.040336,-0.079186,-0.066306,-0.03573,-0.024585,-0.048332,-0.052104,-0.040105,-0.04514,0.014458,0.056108,0.045651,0.073322,0.10365,0.091355,0.020061,-0.081344,-0.11287,-0.047323,-0.0084078,-0.043675,-0.10671,-0.15472,-0.1694,-0.15838,-0.10762,-0.05457,-0.024321,-0.0066255,-0.0066605,-0.028726,-0.046468,-0.035279,0.04437,0.10456,0.14474,0.1592,0.14468,0.16446,0.17447,0.14088,0.1068,0.092122,0.14279,0.334,0.4075,0.24876,0.10448,0.084857,0.035194,0.019427,-0.031349,-0.057949,-0.02938,-0.27023,-0.40068,-0.47791,0.69065,0.99473,-0.50835,-0.26971,0.2941,0.49635,0.58884,0.69094,0.75473,0.31589,-0.16049,-0.41124,-0.47032,-0.48528,-0.27745,0.0020143,-0.072765,-0.073766,-0.085549,-0.049826,-0.0060567,0.010749,0.079512,0.091832,0.18162,0.25703,0.22358,0.17625,0.12729,-1.4399,-1.3272,0.27048,0.32517,0.30472,0.27024,0.27803,0.30457,0.32543,0.20472,-0.1002,-0.089755,-0.19252,-0.39398,-0.073119,0.16818,0.19182,0.2039,0.14475,0.10113,0.10697,0.041914,-0.002565,-0.078309,-0.077783,0.067887,0.20409,0.23253,0.16347,0.18145,0.2355,0.075296,-0.010785,-0.0029287,0.027181,0.11183,0.22688,0.23816,0.19736,0.20507,0.17454,0.18102,0.24303,0.31633,0.35465,0.24579,0.10865,-0.053811,-0.14448,-0.11557,-0.11533,-0.15044,-0.16971,-0.14992,-0.12981,-0.10474,-0.079017,-0.20226,-0.33197,-0.34211,-0.16496,0.056842,0.017526,0.029029,0.045502,0.12182,0.22208,0.25562,0.82255,1.1675,1.0107,-1.5383,-1.9836,-0.49314,-0.30792,0.086971,0.15179,0.12222,0.1825,0.26938,3.0263,-1.5497,-0.48348,-1.5406,-1.0348,-0.99454,-0.54215,0.34072,-0.58589,0.68868,1.0453,0.033835,-0.065091,0.77469,0.41788,0.038373,0.4425,0.36772,0.31544,0.018281,-0.066075,0.10168,0.30123,-0.07275,0.19143,0.040158,-0.28562,0.23317,0.039336,0.0028161,-1.6585,0.63157,0.38577,0.54101,-1.2882,-1.1051,-0.10232,-0.054336,0.042825,0.2407,0.30811,0.24412,-0.59209,0.059644,-0.11143,-0.015396,0.017298,-0.048174,-0.38899,-0.066783,-0.26064,0.68087,-0.062621,0.45303,0.27715,0.29206,-0.016224,-0.023949,0.37463,-0.31531,-1.5795,0.11585,-0.73267,-0.53133,0.078624,-0.14201,0.32679,-0.75188,0.15081,0.48126,0.55287,-0.50635,0.47901,0.062455,-0.463,0.17789,-0.22907,0.12531,0.0062745,-0.13247,-0.33016,0.4165,-0.084823,0.12087,-0.21198,-0.084462,0.04196,0.03924,0.051926,-0.17339,-3.2419,0.025784,-0.71561,0.80452,-1.0658,-0.72187,0.89574,0.3979,0.20407,-1.4005,-0.11046,-1.2331,1.5643,0.62793,0.41669,-0.37956,0.067556,-0.12439,-0.090514,-0.061681,0.11007,0.13526,0.18665,-0.061175,0.69039,0.33063,0.19119,-0.10513,-0.40181,0.22516,-1.0785,0.1345,0.18213,0.14847,0.16866,-0.53326,-0.17139,0.32553,-0.22533,-0.33418,-0.40715,-0.10604,-0.043166,0.018181,0.002998,-0.12211,0.51294,0.27964,-0.29275,0.28404,0.36056,-0.067868,0.48339,-0.071211,-0.35953,-0.14181,-0.098303,-0.061923,0.13922,0.053242,-4.1547,0.3206,0.36846,0.52692,-0.4588,0.49854,1.0493,0.082459,0.43086,-0.087204,-0.18881,0.75853,0.24289,0.071275,0.45974,-0.52337,0.053071,0.28611,-0.04345,-0.23675,-0.83723,-0.36516,0.15729,0.23816,0.19416,0.41494,-0.12067,0.36876,-0.27534,0.072867
0.15896,0.10553,-0.094883,-0.21781,-0.25143,-0.17483,-0.013812,0.14815,0.23094,0.20404,0.10446,0.043022,0.10157,0.14594,0.11148,0.011212,-0.084715,-0.1218,-0.11355,-0.075212,-0.048889,-0.3869,-0.50482,0.034954,0.013021,-0.2314,-0.28021,-0.051837,0.16768,0.20081,0.40039,0.33878,0.41769,0.5346,0.541,0.37193,0.1933,0.20247,0.17274,0.12153,0.081664,0.060351,0.04534,0.03621,0.011376,-0.018746,-0.074075,-0.35158,-0.38786,0.0606,0.16728,0.18675,0.29735,0.38807,0.40027,0.34969,0.22195,0.099437,0.028874,-0.01358,0.0085293,0.020636,0.0079873,-0.073935,-0.14044,-0.12127,-0.10898,-0.073781,-0.068418,-0.034188,0.028089,-0.0114,-0.0025077,-0.094685,-0.15084,-0.25809,-0.35162,-0.35162,-0.31291,-0.2808,-0.25971,-0.2785,-0.26721,-0.20877,-0.16645,-0.10449,-0.053244,-0.044517,-0.039003,-0.043453,-0.051458,-0.073467,-0.049213,-0.0083949,-0.027754,-0.062411,-0.092323,-0.11547,-0.093471,-0.072311,-0.24068,-0.067935,0.12997,0.1738,0.18993,0.16477,0.052653,-0.12234,-0.27209,-0.317,-0.22939,0.035897,0.27443,0.31742,0.23769,0.093476,-0.0053849,-0.023142,-0.0057994,0.029023,0.050041,-1.5066,-1.4042,0.29818,0.2687,0.1212,0.055006,0.10452,0.1278,0.17881,-0.12013,-0.73232,-0.51633,-0.096854,-0.23546,-0.14266,-0.11609,-0.18733,-0.22015,-0.18305,-0.083252,0.029778,0.11918,0.1745,0.20019,0.21974,-0.0041575,-0.29715,-0.21921,0.28791,0.42062,-0.099411,-0.56762,-0.66345,-0.75531,-0.7637,-0.44197,-0.089759,0.043193,0.087627,0.11339,0.094959,0.02242,0.014908,0.051561,0.042643,-0.002086,0.04184,0.064702,0.087767,0.16958,0.18613,0.20544,0.22376,0.24857,0.15122,0.11162,0.18938,0.20525,0.19087,0.17694,0.13023,0.053547,-0.0074998,-0.051073,-0.063781,-0.067326,-0.11417,-0.17741,-0.20309,-0.12017,0.172,0.34539,0.28476,0.17261,0.096899,0.059485,0.048025,0.10205,0.17394,0.96803,0.17656,-1.869,-0.0073666,0.82129,-1.9575,0.066027,0.804,0.0043556,-0.39838,-0.20674,-0.092187,-0.62122,0.044701,0.38598,-0.050866,-0.17881,0.0062394,0.31712,0.15757,-0.63357,-0.69166,0.67905,-0.17741,-0.24556,0.13453,-0.61312,-0.12024,-0.093079,-0.19071,2.1212,0.64723,-0.66256,-1.2047,-0.4534,-0.62804,2.2793,-0.25085,0.78042,0.73523,-1.0671,0.64488,1.6868,0.98061,-1.6371,0.87735,0.10376,0.13042,0.20327,-1.0462,0.99795,0.063261,-0.041283,-0.48077,-0.33762,-0.0703,-0.31082,-0.21929,-0.2192,-0.38181,1.2066,-1.7051,1.4789,-0.064707,-0.33054,-0.28205,0.36602,0.56019,-0.084766,0.626,0.45885,0.011041,-0.60885,-0.58322,-0.75036,-0.042772,-0.4216,0.30509,-0.6351,-0.22549,-0.012708,0.082679,-0.08979,0.15692,0.65843,-0.039018,-0.44526,0.032287,0.024447,-0.36107,-0.91369,1.8736,1.7489,-0.81445,-0.24027,-0.23958,0.083555,0.14231,-0.69183,-0.20226,-0.17618,-0.50974,-0.74329,-0.0072023,0.50305,-0.58847,-0.15224,0.22053,-0.34537,0.010045,-0.50818,0.094349,0.20675,0.76729,-0.11995,-0.2225,-0.32477,-0.40449,0.092137,-0.24727,1.984,-0.57743,2.3085,-1.0977,-0.40384,0.92902,0.37295,-0.69357,-0.17785,0.16257,0.31103,0.80957,-0.14352,-0.033175,0.922,0.14629,0.61289,0.0010885,0.28717,0.29133,-0.11013,-0.35712,0.15893,0.25261,-0.070941,0.05766,-0.049282,0.57619,-0.10542,0.080329,-0.56878,1.4912,-2.3508,0.10196,0.8454,0.23877,0.34967,-0.1859,0.71599,1.0096,-0.57862,-0.73451,-0.60184,-0.14299,0.70208,0.0021427,0.56449,-0.3333,0.13411,0.069504,-0.28745,-0.24798,0.1648,0.14796,-0.39243,-0.41632,0.015976,-0.98263,0.04298,0.31024
0.17262,0.32232,0.29785,0.46923,0.49721,0.24961,0.083987,0.071287,0.036961,-0.0028426,0.032785,0.09571,0.099315,0.11238,0.10828,0.089918,0.091284,0.068508,-0.0058072,-0.089453,-0.56516,-0.65886,-0.13175,-0.0020805,-0.053919,-0.12264,-0.2094,-0.20192,0.018915,0.22058,0.12002,0.091221,0.089954,0.013702,-0.063899,-0.096241,-0.088177,-0.039085,-0.011335,-0.026424,0.010964,0.037356,0.02082,0.0081449,0.026272,0.04709,0.09022,0.1653,0.20217,0.1585,0.050179,-0.015157,0.010524,0.013505,-0.031066,-0.10151,-0.16163,-0.15906,-0.12854,-0.10227,-0.074575,-0.054606,-0.053663,-0.071918,-0.090387,0.0019841,0.048694,-0.027527,-0.027987,0.072619,0.17394,0.25718,0.30984,0.32099,0.3184,0.303,0.18914,0.1729,0.38574,0.51105,0.29236,0.078826,0.038116,0.065708,0.035093,-0.0012553,-0.0050107,-0.052858,-0.075948,-0.047318,-0.017576,0.035629,-0.091854,-0.39186,-0.1946,-0.086964,-0.35492,0.31604,0.54701,0.63133,-0.069425,-0.35396,-0.4288,-0.42555,-0.43088,-0.28305,-0.050755,-0.072306,-0.05718,-0.022936,0.03608,0.068321,0.062992,0.099107,0.084558,0.14178,0.20133,0.16733,0.11201,0.048082,-1.1505,-1.0165,0.29459,0.34878,0.2707,0.23763,0.22477,0.21921,0.055279,-0.21654,-0.08021,0.3449,0.38013,0.29772,0.23347,0.19261,0.18453,0.11886,0.058636,0.091922,0.051334,-0.046742,-0.094137,-0.071604,0.10524,0.37827,0.56896,0.62906,0.57382,0.43288,0.27282,0.082564,-0.079851,-0.094342,-0.036523,-0.043924,-0.04102,0.023296,0.044053,0.094279,0.17037,0.2861,0.44741,0.5402,0.49529,0.13776,-0.33646,-0.51918,-0.39688,-0.22938,-0.16083,-0.1419,-0.12033,-0.093041,-0.062873,-0.037294,-0.13976,-0.23137,-0.23106,-0.22918,-0.25384,-0.12891,0.0076158,-0.052603,-0.031247,0.023278,0.035966,0.10761,0.1901,0.22924,0.24189,0.25346,0.65026,0.65611,-1.5924,-1.9793,-0.077048,0.31629,0.43548,0.53014,2.2124,-1.5709,0.15954,2.0318,0.010674,-0.29448,0.26518,0.1532,-0.59309,0.08255,0.71631,-0.11972,0.063637,-0.16826,0.053272,-0.20891,0.12913,-0.084114,0.069668,-0.18445,0.2394,0.065714,0.083391,-0.17987,0.35249,0.021863,-0.31204,0.14528,0.20954,-0.035398,-1.321,-0.20592,0.61574,1.1617,-0.96715,0.61778,0.7176,-0.11095,0.27031,0.1748,-0.2871,0.44982,-0.33599,0.16766,0.024877,0.1887,-0.39143,-0.067725,-0.51208,0.15957,-0.11105,0.27587,0.26017,0.24449,0.18193,0.49728,0.1397,0.31177,0.29213,-0.11399,-1.0259,0.29175,-1.6869,-0.28959,0.35834,-0.033578,-0.064578,-0.17192,0.071169,0.62883,0.5557,-0.094972,0.01987,0.14542,-0.0325,0.27746,0.054278,-0.0083077,0.16504,0.15995,0.09475,0.23557,-0.39834,0.084914,-0.20389,-0.48427,0.25316,-0.024139,0.24135,-0.18145,-3.3415,-0.69679,-1.1948,0.51594,-0.088545,-0.5176,0.54584,0.11602,0.43729,0.39473,-0.39443,-0.12589,-0.30321,0.46851,0.24257,0.1907,-0.48308,-0.37591,-0.097683,0.32848,0.13348,0.12859,-0.037178,0.017367,0.22594,0.0086282,-0.18275,-0.15142,-0.36017,0.44025,-0.49312,0.66288,-0.15032,-0.17289,0.36825,-0.38228,-0.30978,0.50458,-0.24262,0.27189,-0.44377,-0.33251,0.27375,0.53046,0.13722,0.3287,0.15961,0.039682,0.06859,-0.21506,0.30834,-0.082584,0.07562,0.36749,-0.38184,-0.072698,-0.22737,-0.1114,0.23497,0.095564,-3.5144,-0.26115,0.53448,0.25843,0.75545,0.12492,-0.49407,-0.43756,0.085805,-0.22464,-0.30164,0.20216,-0.26367,-0.21347,0.54544,-0.27281,-0.15195,0.54653,-0.43341,-0.099921,-0.19066,-0.22922,-0.35817,-0.17582,0.11091,0.46643,-0.18672,-0.17289,0.28739,0.27419
0.54137,0.47467,0.42265,0.42535,0.19303,-0.052032,-0.1072,-0.13564,-0.14489,-0.10265,-0.76829,0.092127,1.7424,-0.12474,-0.11093,-0.17424,-0.24277,-0.26817,-0.17042,0.022124,0.16419,0.19751,0.12933,0.0061001,-0.11556,-0.20211,-0.22972,-0.18717,0.020965,0.20986,0.14686,0.14015,0.17867,0.23593,0.28323,0.21903,0.13102,0.10473,0.11011,0.10093,0.063861,0.020471,0.0050984,-0.00079218,-0.018469,-0.11419,-0.17408,-0.10384,-0.070112,-0.11361,-0.093251,-0.044203,-0.0040347,0.0023577,-0.021842,-0.052395,-0.093662,-0.10812,-0.085593,-0.040697,-0.0021817,0.023824,0.03271,0.010613,-0.024059,-0.030708,0.045479,0.097881,0.1549,0.19246,0.21944,0.28277,0.29044,0.29763,0.31411,0.34009,0.31384,-0.71139,-0.65928,0.34687,0.38593,0.28037,0.11296,-0.0568,-0.1542,-0.17336,-0.14764,-0.75373,-0.42169,1.3184,-0.08403,-0.11601,-0.10025,-0.017538,0.33914,0.56268,0.60258,0.58314,0.51957,0.39689,-1.0192,-0.72776,-0.42042,-0.37164,-0.24822,-0.060234,-0.012699,0.076303,0.23121,0.43328,1.0693,-0.70405,-1.5761,0.060818,0.1392,0.051999,-0.01394,-0.018276,0.084211,0.2359,0.33378,0.34644,0.28293,0.16702,0.058524,-0.00067942,-0.017182,-0.0021673,-0.060276,-0.2278,-0.23629,-0.19963,-0.27321,-0.29681,-0.14326,0.065458,0.18329,0.11716,-0.0081875,-0.012626,0.016165,0.097876,0.20072,0.23942,0.24875,0.25077,0.29687,0.42348,0.45114,0.3492,0.24246,0.053405,-0.11556,-0.10677,-0.059187,-0.0073821,0.051494,0.10692,0.16471,0.18278,0.22732,0.30719,0.40579,0.51556,0.51291,0.35802,0.056284,-0.15574,-0.10866,-0.10675,-0.11882,-0.10753,-0.15683,-0.17993,-0.14567,-0.097962,-0.039182,0.084615,0.040186,-0.11361,-0.1391,-0.18557,-0.21734,-0.13312,0.039854,0.19147,0.35646,1.4529,0.096165,-1.7075,-0.51202,-0.48373,-0.48994,-0.30714,0.25576,0.51002,0.4686,0.37228,0.18774,-0.012097,3.7679,0.34524,-0.40344,-1.6534,1.0484,0.93268,-0.065158,0.13681,0.77137,-0.12533,1.496,0.19952,0.10276,-0.30971,0.60115,-0.23715,0.68574,0.12965,0.18507,-0.090454,0.037021,-0.17874,0.39591,-0.24783,-0.35831,-0.50986,0.49932,0.052891,-0.1035,0.49074,-2.0957,0.46174,-0.7161,0.7881,-1.7729,-1.4332,-0.66569,-0.41964,-0.51463,0.26079,-0.43652,0.18948,0.13226,0.1709,0.49685,1.0048,0.5504,0.33215,-0.27796,-0.098969,-0.16848,0.44903,-0.0036612,-0.33838,-0.080648,0.7352,0.10415,-0.4155,-0.4003,-0.30216,-2.1372,-1.2328,-0.55531,-0.25563,-1.1312,-0.25207,0.60452,-0.5074,-0.40722,0.43889,0.53023,0.029986,-0.35952,-0.2317,0.05944,0.05685,-0.30766,0.18155,-0.025912,-0.40555,-0.22449,-0.24102,0.010725,0.05066,0.12586,0.013621,-0.0070274,-0.22027,-0.053636,0.59946,-3.0388,-0.67331,-0.71375,1.9554,0.1644,-0.62116,-0.43205,0.2419,-1.0459,0.64617,1.0344,-1.1283,-0.80186,-1.6112,0.40236,-0.54146,-0.16428,-1.5108,-0.29355,-0.98289,0.12529,0.086046,1.1454,0.099216,0.351,0.92218,0.47863,-0.51277,-0.41649,-0.61935,-1.5905,0.69885,1.3288,-0.39117,-0.20162,-0.73419,-0.31266,0.45033,-0.66039,0.2342,-0.11258,0.65586,0.35879,0.42863,0.19966,-0.51282,0.28046,0.21743,-0.26881,0.42686,-0.61026,0.20523,0.22968,0.054119,0.24783,0.35962,-0.15053,-0.49468,0.38904,0.21706,-2.9697,-0.24722,0.75133,0.56523,-1.367,0.37228,-0.52264,-0.55678,0.472,0.89628,-0.57421,0.14421,-0.0030446,0.10579,1.0763,-0.72044,0.15576,0.18228,0.21427,-0.29967,-0.12509,-0.16283,-0.41229,0.66331,-0.42488,0.29535,0.66977,-0.21669,-0.834,-0.69887
0.34982,-0.071631,-0.032131,-0.26582,-0.17319,0.12187,0.23425,0.12913,0.099476,0.1626,0.14169,0.13311,0.13584,0.095768,0.086775,0.11308,0.09061,0.029736,-0.046311,-0.11647,-0.10957,-0.56389,-0.55601,0.18277,0.29617,0.29542,0.096075,-0.11348,-0.07373,0.032228,0.054168,0.053767,0.093623,0.03717,0.011394,-0.05335,-0.086713,-0.070766,-0.034303,0.0045651,-0.0070707,-0.029922,0.095698,0.20012,0.20085,0.21218,0.25107,0.17709,0.046277,0.015767,-0.047431,-0.070368,-0.10329,-0.13428,-0.10241,-0.10109,-0.12795,-0.091218,-0.035133,-0.021369,-0.0062368,0.0072617,0.034081,0.062593,0.062717,0.052299,0.030342,-0.00083789,0.056899,0.10702,0.13969,0.18108,0.095371,-0.0057424,-0.04679,-0.041431,-0.014415,-0.092832,-0.11674,0.04378,0.24107,0.26489,0.12511,0.071459,0.12176,0.12764,0.10641,0.099225,0.090839,0.095939,0.10982,0.14841,0.17762,0.14426,0.13141,0.10808,-0.10688,-0.75346,-0.53332,0.75338,1.6414,0.61856,-0.36068,-0.26037,-0.21386,-0.2522,-0.3779,-0.39735,-0.19888,0.02616,0.032075,0.080368,0.087166,0.18573,0.28039,0.26765,0.22014,0.16381,0.10858,0.12133,0.098081,-0.44062,-0.45425,0.047688,0.013314,-0.032959,0.10469,0.23467,0.25309,0.077448,-0.18045,0.10294,0.10327,-0.066994,-0.091324,0.074254,0.17257,0.15969,0.13057,0.015993,-0.076453,-0.065978,-0.17255,-0.21162,-0.00056119,0.32855,0.44111,0.34926,0.25461,0.21547,0.14004,0.023733,-0.089266,-0.16455,-0.20497,-0.19929,-0.12903,-0.036866,0.018918,0.051118,0.06017,0.030192,0.07294,0.22046,0.32415,0.28155,0.06077,-0.11499,-0.044064,-0.020064,-0.017312,-0.0002027,-0.047912,-0.073133,-0.048009,-0.014328,0.02335,-0.035739,-0.12176,-0.1715,-0.22852,-0.28688,-0.27117,-0.11647,-0.018669,-0.049947,-0.027323,-0.020007,0.044179,0.11013,0.11861,0.14324,0.10675,0.27966,0.41264,0.35213,0.24096,-1.5047,-1.0089,0.98592,2.5081,-1.3058,-0.38926,1.0482,-0.91761,0.34086,0.50179,0.046147,-0.56392,-0.17549,0.5746,-0.59939,0.40287,0.2101,-0.18708,0.17852,0.20945,0.44176,0.30137,-0.37833,0.085771,0.014216,-0.21238,-0.071677,0.52237,0.20063,-0.29889,0.10582,0.010974,0.11196,-0.71648,-0.37694,0.37937,0.33262,-0.37171,0.22008,0.4078,0.1819,0.11676,-0.085133,0.37074,0.36142,0.58811,-0.51441,-0.066421,0.81522,-0.23697,-0.046111,-0.57457,-0.066529,-0.13456,-0.26568,0.20516,-0.15991,0.16252,0.23411,-0.12097,0.080332,0.46902,-0.18037,-0.19784,0.1128,-1.1155,-0.93913,0.13368,-0.11584,-0.50668,-0.080178,0.77744,-0.15499,0.069325,0.26274,0.071986,-0.22692,0.43084,0.27861,-0.05089,-0.28072,0.4865,0.50177,0.050178,0.24329,0.37982,0.030441,0.021089,-0.10727,0.072753,-0.04571,0.18974,-0.16515,-2.4662,-0.14883,-0.71467,-0.041014,1.7468,0.68237,-0.21698,0.37141,-0.19981,0.359,-0.13614,-0.64093,-0.17662,0.49738,0.41028,0.66008,0.031794,-0.27039,0.32552,0.33255,0.1525,-0.028068,-0.47544,0.19008,0.76374,0.19192,-0.14294,0.046365,-0.069535,0.28837,0.20757,0.52131,-0.16299,0.89217,0.6026,0.004094,-0.2353,0.17831,-0.21321,0.20878,-0.082464,-0.7927,0.40933,0.47102,-0.28873,0.6493,-0.1106,-0.23282,0.032224,-0.39902,0.19152,0.010606,0.25328,0.18682,-0.0629,0.035978,-0.13983,-0.30523,-0.15149,-0.33084,-2.6556,-0.016684,0.53648,-1.9084,-0.39395,-0.39024,-0.46573,-0.26843,0.068886,0.54858,0.38519,0.0010686,-0.45267,-0.53096,-0.030849,0.68858,-0.24376,0.55378,0.038543,0.045085,-0.26566,-0.34491,-0.3339,-0.36741,0.10326,0.014575,-0.19629,0.28131,0.010743,0.095985
-0.085579,-0.3825,-0.44986,-0.42598,-0.066799,0.10814,0.067328,0.071249,0.085541,0.06095,0.048837,0.12707,0.23139,0.23523,0.2717,0.24184,0.19863,0.13793,0.047416,-0.071657,-0.23033,-0.23484,0.077522,0.26278,0.30389,0.29354,0.13398,-0.19521,-0.49713,-0.40866,0.33405,0.39037,0.30885,0.31054,0.07415,0.076077,0.012329,0.0090268,-0.022353,0.095187,0.1758,0.12988,0.10874,0.11545,0.12289,0.10078,0.056578,0.014654,-0.0074334,0.01807,-0.0027039,-0.034585,0.067972,0.1472,0.15646,0.11634,0.049572,-0.0038062,-0.026003,-0.024414,0.020751,0.066666,0.080268,-0.025212,-0.15583,-0.16195,-0.1713,-0.14392,-0.04464,0.10533,0.17264,0.1331,0.064674,-0.059465,-0.17532,-0.21167,-0.28137,-0.37345,-0.40048,-0.33115,-0.11033,0.16063,0.29267,0.27013,0.17685,0.10409,0.1091,0.15178,0.1599,0.15832,0.14915,0.13659,0.12151,0.15251,0.33667,0.36393,-0.11269,-0.26855,-0.47302,-0.27635,1.3732,0.72558,-2.7265e-05,-0.01819,-0.21238,-0.30356,-0.15611,0.035013,-0.022997,-0.014306,-0.017628,0.057178,0.13652,0.10227,0.12656,0.064387,0.37638,0.60594,0.57655,0.45187,-1.816,-1.8067,0.48654,0.5144,0.42916,0.36524,0.4559,0.52461,0.50491,0.4767,0.11524,-0.50605,-0.71116,-0.45413,-0.07384,-0.10442,-0.0046629,-0.036701,-0.029906,-0.13452,-0.3162,-0.36632,-0.29363,-0.12493,0.04904,0.087574,0.027654,-0.023447,-0.048087,-0.039974,0.023479,-0.095355,-0.35232,-0.42333,-0.42176,-0.38572,-0.3052,-0.20318,-0.14082,-0.06855,0.00016673,0.055709,0.087447,0.052859,-0.061043,-0.2586,-0.41307,-0.32451,-0.19321,-0.092733,-0.044125,-0.058308,-0.058865,-0.066814,-0.055925,-0.012075,0.0315,0.11979,0.19739,0.1629,0.018873,-0.078554,-0.13025,-0.19606,-0.18769,-0.16878,-0.061142,0.046662,0.015669,0.058285,0.023008,0.055149,0.057353,0.35044,0.61671,0.58676,0.45866,-2.0963,-1.5608,1.1142,3.4599,0.42135,-0.48556,-3.0091,0.91394,0.54614,-0.68567,0.065728,0.39638,-0.1266,1.2691,-0.40081,0.072396,-0.28237,0.6331,-0.31147,-0.52212,0.71354,0.12082,-0.20369,-0.024412,0.083192,0.36216,0.18222,0.33303,-0.036692,0.10674,0.070459,-0.042822,0.14224,-2.1731,0.65326,-0.31246,0.59464,-1.6414,-1.8345,-0.2052,0.029417,0.045727,0.36192,-0.23952,0.83404,-0.18635,-0.12813,0.54943,0.044397,0.036215,0.61668,-0.48381,-0.19707,-0.66304,0.060136,-0.37713,0.17522,-0.0085841,0.64309,-0.57358,-0.13951,0.065013,-0.55772,-1.8917,-1.0652,0.31145,-0.020377,-1.0183,0.82571,0.11109,-0.094759,0.90641,-0.63151,0.40164,-0.41544,-0.20691,-0.79005,-0.35067,-0.098157,-0.27811,-0.12156,0.28051,0.32803,-0.063335,0.26425,0.41976,-0.23188,0.25841,-0.093935,0.12172,-0.096376,-0.12887,0.30435,-4.3794,0.20148,0.01509,1.1173,-0.22796,-1.8129,0.74385,0.17665,0.52955,-0.4119,-0.49485,-0.25106,-0.65564,0.15568,0.77049,-0.51964,-0.046087,0.23474,-0.66543,-0.10143,0.17546,-0.35786,-0.29042,0.44325,0.61556,0.26222,0.11164,-0.031216,0.2335,-0.050616,-1.6175,0.53394,0.96343,-0.33916,-0.24048,-0.30023,0.2913,0.37152,-0.33518,0.44418,0.41766,0.47266,-0.10759,0.41402,0.33575,0.18385,0.24208,0.1546,-0.95524,0.083288,0.22711,0.26271,0.36134,-0.5219,-0.11351,0.46159,-0.037183,-0.41028,0.033523,-0.16732,-2.8407,-0.2789,0.81969,1.5357,-1.897,0.38098,-0.66037,-1.0646,-0.66461,0.048435,-0.50878,-1.4992,0.31032,0.16599,1.2009,-0.37918,0.29175,-0.79235,0.27964,-0.11132,-0.78083,-0.75397,-0.59185,-0.7749,-0.51872,-0.47317,0.1483,0.57913,-0.34958,-0.15711
0.62749,0.059463,-0.24273,-0.27428,-0.042748,0.23329,0.17761,0.10476,0.16777,0.15477,0.11222,0.084026,0.010297,0.015687,0.14554,0.24656,0.23612,0.10644,-0.072452,-0.13482,0.026661,-0.15419,-0.3101,-0.28787,-0.246,-0.090402,0.038365,0.054213,0.049617,0.025123,0.055596,0.14692,0.20358,0.18795,0.1561,0.064066,0.031002,0.00066983,-0.013499,0.072152,0.13715,0.089821,0.039422,0.022861,0.056236,0.084907,0.12252,0.15557,0.12553,0.052432,0.0734,0.10294,0.11826,0.15326,0.1213,0.057739,-0.039819,-0.10597,-0.095566,-0.079458,-0.076535,-0.035009,0.022758,0.063335,0.097329,0.070262,0.022773,0.015835,0.026056,0.11258,0.16389,0.1505,0.11484,0.0029027,-0.11021,-0.20309,-0.26244,-0.26618,-0.21682,-0.060184,0.13417,0.22436,0.2019,0.095992,-0.024932,0.028448,0.1651,0.18557,0.19157,0.19108,0.10821,0.071541,0.1278,0.17164,0.13439,0.01268,-0.094921,-0.50076,-0.70947,-0.064635,1.8152,1.2119,-0.1073,-0.10518,-0.19611,-0.30725,-0.31527,-0.15816,-0.092428,-0.13481,-0.10145,-0.073299,0.075227,0.27966,0.39098,0.40502,0.34761,0.25739,0.21585,0.17249,-1.6666,-1.5549,0.23659,0.23927,0.22228,0.25462,0.27008,0.27038,0.29378,0.27043,0.12487,0.066342,0.036669,-0.19765,-0.16347,-0.038902,-0.0073838,0.023403,0.030786,-0.017587,-0.14876,-0.27411,-0.3279,-0.26231,-0.009063,0.29276,0.43239,0.39554,0.24122,0.062768,-0.054959,-0.15584,-0.22985,-0.2396,-0.16681,-0.069041,-0.023591,-0.010905,0.010697,-0.041617,-0.062448,-0.10587,-0.10369,-0.021582,0.018238,-0.044339,-0.15888,-0.18938,-0.12424,-0.036838,-0.048126,-0.083002,-0.074137,-0.11687,-0.14068,-0.085716,-0.011014,0.051548,0.058151,-0.0092263,-0.088486,-0.15944,-0.22397,-0.23245,-0.16699,-0.013622,0.10162,0.05801,0.074819,0.02906,0.1011,0.1896,0.18512,0.35796,0.43052,0.30275,0.16848,-1.9112,-1.2393,0.96123,3.2639,-0.63552,-0.35854,-1.5505,0.27935,0.67546,0.58888,0.0026621,0.4998,-0.19999,1.3953,-0.51971,0.24113,-0.31373,0.12856,-0.39569,-0.0024258,0.12886,0.19168,-0.24796,-0.28325,0.37645,0.30245,0.027686,-0.050939,0.26903,-0.29498,0.16487,0.050386,-0.23877,-1.6808,0.63655,0.03754,0.48391,-1.779,-1.1362,-0.13513,0.25177,-0.72748,0.24981,0.028049,0.22726,0.15996,-0.22475,0.40533,0.35239,0.0014826,0.27956,-0.41498,-0.075304,0.071209,-0.27527,0.19955,0.10139,0.41102,0.087501,-0.2498,0.30647,0.23531,-0.2858,-1.6505,-0.46517,-0.71281,-0.17918,-0.90219,-0.84285,-0.026596,-0.424,-0.36596,-0.19147,0.027842,0.30901,-0.32876,-0.37043,0.31943,0.068971,0.074807,0.019969,0.2586,-0.068172,0.08491,-0.027099,-0.23104,0.37037,0.12796,0.0071022,-0.073157,-0.21202,0.35799,0.12995,-3.306,-0.15357,-1.1653,1.7382,0.29838,-0.92957,-0.02196,-0.65142,0.172,-0.25941,-0.20908,-0.34857,-0.69489,-0.94207,0.56765,0.5317,0.79391,0.013216,-0.066417,0.16215,-0.068118,-0.38674,0.031391,0.097726,0.45633,-0.013901,-0.15009,0.17247,-0.15541,0.22328,-1.2913,0.56431,0.50268,-0.17346,-0.12732,-0.13115,-0.91581,0.10462,-0.29947,0.13853,0.13885,0.20391,-0.12926,0.4057,0.19724,0.17947,-0.0098091,-0.38978,-0.092308,-0.14975,-0.79427,-0.001564,0.016965,0.18362,0.10912,-0.22239,-0.046637,-0.21655,-0.13716,-0.29676,-3.5694,0.025291,0.80096,0.50602,-1.2857,0.016569,1.1534,-0.42866,0.99329,0.11909,-0.055803,-0.30271,-0.49873,0.33437,0.11804,1.2321,0.0372,0.76669,-0.037945,-0.41109,0.16664,-0.0025687,0.12685,0.2487,0.31638,0.23484,-0.3678,0.33975,0.0086437,-0.043134
0.71926,0.11227,0.030244,0.065093,0.23719,0.19682,0.080365,0.095705,0.081413,0.08475,0.10702,0.10508,0.12037,0.12723,0.086004,0.074119,0.11771,0.14045,0.12231,0.061793,-0.033208,-0.35461,-0.44512,0.037867,0.14502,0.10888,0.018485,-0.031266,-0.012177,0.012821,0.014816,0.05906,0.14109,0.048404,-0.00598,-0.03552,0.026647,0.046905,0.023762,0.0097287,-0.015636,0.046715,0.10407,0.09222,0.067602,0.041739,0.051255,0.078049,0.10101,0.08578,0.027237,0.02129,0.067889,0.011172,-0.071959,-0.096592,-0.12393,-0.13505,-0.085727,-0.039488,-0.02302,-0.021806,-0.018979,-0.0039598,-0.0032023,0.0026159,0.025336,0.028889,0.085607,0.13602,0.095287,0.044694,0.0026323,-0.011001,0.014273,0.041146,0.013623,-0.079594,-0.079991,0.060268,0.18957,0.24162,0.20784,0.10253,0.039066,0.043356,0.041401,0.039591,0.0506,0.010802,0.013845,0.095866,0.15458,0.16439,0.035812,-0.043936,-0.030209,-0.15992,-0.6068,-0.35612,1.9428,0.89179,-0.51875,-0.43663,-0.47208,-0.27802,-0.012903,-0.0681,-0.092495,-0.027256,0.043776,0.063659,0.12906,0.14132,0.20669,0.26334,0.25784,0.25115,0.24111,0.21836,0.10728,-1.3937,-1.312,0.31146,0.3757,0.32283,0.28778,0.28164,0.29108,0.10605,-0.047466,0.42406,0.54642,0.31314,0.050419,-0.030098,-0.06574,-0.054821,-0.060573,-0.094836,-0.094866,-0.12081,-0.11824,-0.043653,0.032746,0.10881,0.16571,0.18241,0.19043,0.16239,0.058363,-0.1003,-0.16533,-0.16787,-0.17629,-0.13496,-0.071818,0.0035383,-0.016594,-0.055625,-0.0058246,0.09025,0.20382,0.26497,0.20955,0.021875,-0.21239,-0.29216,-0.14619,-0.12076,-0.1609,-0.15059,-0.14333,-0.12846,-0.16829,-0.19503,-0.15555,-0.10255,-0.036994,-0.027204,-0.074873,-0.13714,-0.20127,-0.20969,-0.084469,0.032893,0.039762,0.080996,0.079604,0.16477,0.29135,0.3446,0.32409,0.21461,0.21238,0.27844,0.24019,-1.8356,-0.8404,1.0267,3.2233,-1.5055,0.46717,1.1112,-0.38777,-0.39864,0.27593,-0.06601,-0.85526,-0.16647,0.4637,-0.66129,-0.47044,0.17794,-0.41498,-0.054939,0.39351,0.29576,-0.2152,-0.029805,0.33473,0.025455,0.28018,-0.13208,0.16013,-0.16876,0.071952,-0.049872,-0.22281,-0.044844,-1.5488,0.014715,0.61366,1.1388,-1.552,0.69073,0.73782,0.34874,0.2884,0.24096,-0.41448,0.27862,-0.12036,-0.030891,0.25142,-0.14006,-0.18352,-0.087212,-0.50371,0.06872,0.16049,0.25975,0.037461,0.11657,0.20975,0.20625,0.10853,0.059673,-0.021016,-0.064458,-1.2838,0.06351,-1.3985,0.10255,-0.03034,-0.073285,-0.4606,-0.14456,-0.054305,0.45724,0.39658,0.24409,-0.10782,0.11952,0.024059,0.307,-0.14059,0.017062,0.08611,0.045004,-0.25825,-0.055051,0.075135,0.0013789,-0.15612,-0.1081,0.27451,-0.19671,-0.17579,0.11639,-3.8727,-0.49401,-0.91086,-0.59474,-0.67459,0.8295,0.11787,0.013314,0.23285,-0.0017278,-0.25429,-0.074953,-0.81114,0.16731,0.18189,0.46177,0.071326,-0.52053,-0.091526,0.18586,-0.13724,0.06831,-0.12131,-0.060373,0.32312,0.13137,-0.1972,-0.13944,0.069816,-0.17028,-0.8116,0.59811,-0.21455,-0.30263,0.69256,0.094907,-0.26406,0.53249,-0.36728,0.23367,-0.18065,-0.1966,0.11006,0.57826,-0.29956,0.01327,0.35488,0.33396,-0.11561,0.17074,0.013077,-0.048794,0.23642,0.10195,-0.14061,0.038276,0.0061362,-0.13466,-0.1902,0.11872,-3.4619,-0.2855,1.0648,0.83117,0.12015,-0.052655,1.0496,-0.30116,-0.1763,-0.77659,-0.40839,0.39088,-0.42485,-0.59177,0.33302,-0.22082,-0.18586,0.19832,-0.014314,0.22418,0.012406,-0.17509,0.0013959,0.091864,-0.070787,0.27393,-0.028835,-0.063986,0.0036414,0.035394
0.2855,0.46082,0.36681,0.39039,0.49607,0.35468,0.18664,0.11286,0.082504,0.042661,0.055814,0.087112,0.074639,0.073794,0.0691,0.051005,0.060284,0.068274,0.041413,-0.0070149,-0.1266,-0.15882,0.042301,-0.017627,-0.082958,-0.084261,-0.2116,-0.34172,-0.35947,-0.30046,-0.30673,-0.19966,-0.15786,-0.031916,0.11359,0.099968,0.030462,-0.035266,-0.050471,-0.047056,-0.053014,0.0066847,0.056526,0.042118,0.009588,-0.064202,-0.080908,-0.01048,0.029786,-0.0077489,0.043586,0.1397,0.14993,-0.0057292,-0.24197,-0.32467,-0.29047,-0.17074,-0.0392,-0.057816,-0.1354,-0.073847,-0.01865,-0.014058,-0.025476,-0.026729,-0.003031,-0.017461,0.013568,0.091092,0.17503,0.24767,0.267,0.24752,0.22321,0.21894,0.2001,0.23533,0.40959,0.45317,0.26224,0.066044,0.015123,-0.021737,-0.09946,-0.14979,-0.138,-0.11053,-0.084474,-0.19456,-0.60307,-0.28244,0.8845,-0.08035,-0.060031,0.057517,0.28829,0.48085,0.58246,0.62682,-0.041395,-0.309,-0.33683,-0.40275,-0.4839,-0.53504,-0.37491,-0.096692,-0.10706,-0.11434,-0.10273,-0.095192,-0.085011,-0.0068354,0.023922,0.11703,0.20448,0.19915,0.18154,0.154,-1.4707,-1.4091,0.35876,0.35614,0.26704,0.22819,0.17612,0.15479,0.21101,0.3482,0.4129,0.58299,0.72818,0.35733,0.023285,-0.037997,0.0051744,0.049148,0.068651,0.069213,0.094092,0.072202,0.022124,0.0029901,0.0024718,0.078485,0.22631,0.35422,0.40849,0.33397,0.16504,-0.017098,-0.061083,0.030877,0.15513,0.24866,0.31742,0.32695,0.26697,0.16293,0.13255,0.19951,0.24615,0.3254,0.30316,0.14746,-0.14205,-0.31502,-0.21632,-0.18414,-0.1869,-0.15975,-0.14744,-0.12912,-0.10653,-0.188,-0.26565,-0.25268,-0.25263,-0.26137,-0.15756,-0.025363,-0.048782,-0.051658,0.036983,0.15954,0.23687,0.27727,0.27128,0.64248,1.1376,-0.93015,-2.0213,-0.45904,-0.39676,0.030659,0.32952,0.35095,0.4172,0.50524,2.0955,-2.1955,0.90258,-1.1723,-1.9799,-0.18625,-0.7463,0.1122,-0.3897,0.4636,0.79958,-0.012213,1.0463,-0.078858,-0.19622,0.49954,-0.0077138,0.77276,-0.050501,-0.38302,-0.13475,-0.84393,0.11047,-0.37299,-0.067754,0.020875,0.38718,0.29466,-0.26167,0.0022199,-1.7171,-0.0088019,1.2942,1.3308,-1.3072,-0.76686,-0.23889,-0.10008,-0.57891,0.31424,-0.47701,-0.079026,0.21754,0.31549,0.050712,0.084571,-0.29238,-0.070055,-0.30833,-0.27062,0.12154,0.43084,0.05483,0.17969,0.099333,0.17115,0.049286,0.13058,0.20865,0.0095403,-1.5239,0.63155,-1.5513,0.33653,-0.1394,0.23356,-0.32199,-0.43204,0.0032246,0.53864,0.55585,0.24517,0.1486,0.23516,-0.44578,0.2008,0.15284,-0.081233,-0.12028,-0.040203,-0.32552,-0.0087395,-0.016012,0.026536,0.010896,-0.027139,0.31157,-0.052888,-0.056204,-0.036896,-3.9337,-0.50228,-1.9114,0.47178,-0.40938,-0.70504,0.85422,-0.062429,0.57788,0.052966,-0.41777,0.31023,-0.10036,0.40369,0.18001,-0.0677,-0.46254,-0.091192,-0.31433,-0.051979,0.039825,0.21074,0.024686,0.28627,0.54386,-0.016568,0.52658,-0.45069,-0.46121,-0.041177,-0.9798,0.26873,-0.91362,-0.16001,0.57873,-0.29999,-0.42919,0.48079,-0.15062,-0.19232,-0.58441,0.057542,0.17315,0.55028,-0.076877,0.14581,0.36995,0.55053,-0.27893,0.15831,0.34049,-0.19858,-0.032728,0.2619,-0.10802,0.054921,0.029445,0.020182,-0.22071,0.18324,-2.9443,-0.22417,1.0774,2.1083,1.3406,-0.26809,1.4112,0.83819,-0.058533,0.14987,1.3464,0.76089,0.041077,-0.35658,-0.022647,0.14034,-0.36376,-0.075573,0.25712,0.0074309,-0.087418,-0.046249,0.2576,-0.026458,-0.3612,0.040903,0.17961,0.20327,-0.1625,-0.1045
0.57715,0.37073,0.023796,0.045104,0.17014,0.15768,0.13327,0.097672,0.065879,0.083479,0.11402,0.10761,0.086847,0.080208,0.096533,0.12154,0.15582,0.15232,0.083915,0.014429,-0.041772,0.034994,-0.026848,-0.018983,0.10387,0.15549,0.060184,-0.04528,-0.027362,-0.0074303,0.078447,0.084521,0.069989,0.052374,0.078612,0.051732,-0.029023,-0.071888,-0.076975,-0.051526,-0.054762,-0.072856,0.076189,0.21144,0.21861,0.077651,-0.1058,-0.14703,-0.16716,-0.15236,-0.11008,-0.076125,0.0021539,0.10662,0.14405,0.10478,0.017811,-0.052846,-0.072273,-0.060224,-0.042002,-0.00068201,0.042992,0.057466,0.058235,0.064434,0.023409,-0.04199,-0.0041207,0.010161,0.010863,0.044977,-0.0084251,-0.064309,-0.093237,-0.085736,-0.069621,-0.13186,-0.2338,-0.28334,-0.25314,-0.1556,0.0050155,0.12961,0.14817,0.13203,0.12799,0.11813,0.11808,0.13169,0.16075,0.18419,0.14973,0.1457,0.09388,-0.072366,-0.12104,-0.10605,-0.21253,-0.31911,-0.91156,-0.58249,-0.22244,-0.080785,0.017608,0.001261,-0.034372,-0.053534,-0.056609,-0.026684,0.010168,0.002245,0.069863,0.13305,0.13112,0.12493,0.27603,0.38211,0.34742,0.32295,0.21417,-1.8918,-1.8921,0.21087,0.22135,0.18112,0.20368,0.24465,0.21964,0.20118,0.046174,-0.35272,-0.20934,-0.01227,-0.14933,-0.054162,0.061882,0.10195,0.1206,0.044993,-0.049112,-0.071847,-0.25136,-0.27965,-0.089339,0.042689,0.025114,0.001286,-0.0075412,-0.0041863,0.030252,0.023979,-0.15393,-0.34306,-0.41287,-0.35524,-0.18021,-0.063154,-0.065614,-0.057211,-0.012786,0.087247,0.19219,0.2235,0.15778,0.0029539,-0.1647,-0.22277,-0.1073,-0.060182,-0.041206,-0.010971,-0.030633,-0.038242,-0.012462,0.020811,-0.014047,-0.076231,-0.063506,-0.0344,-0.057789,-0.13937,-0.094069,0.0095034,-0.033024,-0.039726,-0.064849,-0.024535,0.041545,0.088185,0.14902,0.13256,0.32871,0.43444,0.30547,0.18016,0.13831,0.35988,0.42685,0.27965,1.5454,-0.81195,-1.4181,0.092482,0.92299,-2.2167,-0.266,-0.25035,-1.0038,0.22462,0.54076,-0.081192,-0.34824,-0.19346,-0.014136,-0.36358,0.41853,0.092907,0.10852,-0.14617,-0.12457,-0.54417,-0.01065,-0.15008,-0.022408,0.02743,-0.1855,0.12613,-0.24631,0.028981,1.2935,2.3594,-0.75778,1.2241,-2.5537,0.86834,0.82351,0.12413,0.44505,0.31643,-0.49,0.33806,-0.84548,0.21332,0.09544,-0.19555,0.33357,0.26506,-0.095966,-0.0099507,0.043063,0.024971,-0.51505,-0.35872,0.14356,-0.28015,0.14095,-0.16105,-0.020079,-0.14986,0.65298,-1.1098,1.7286,0.6159,-0.27438,0.88265,-0.2118,-0.095686,-0.22184,0.55758,0.4812,-0.22009,-0.31897,0.64068,-0.095246,0.27382,-0.018194,-0.10824,0.18416,0.061299,-0.051138,0.11601,0.04927,0.17763,0.095084,-0.1056,0.12844,0.26513,0.19502,-0.16849,-1.6085,1.8252,0.96488,-1.5289,-0.44115,0.32947,0.85464,0.73328,-0.0013586,-0.047272,-0.061173,-0.14481,-0.42099,-0.12728,0.049379,0.34843,-0.4006,-0.29713,-0.11994,-0.35063,-0.6499,-0.20429,-0.22827,-0.00094808,0.21068,0.21797,-0.33235,-0.031225,0.0069973,0.18633,1.4649,-0.40742,1.7023,-1.7719,-0.67725,-0.12547,-0.77199,0.85979,-0.014914,-0.26001,0.32208,0.059313,0.39246,0.24309,-0.2214,-0.073067,0.00527,-0.26983,0.24347,-0.10465,0.3083,0.15444,-0.12816,0.32191,0.33998,-0.068637,-0.059668,0.33715,-0.013825,-0.00078642,-1.3249,1.7479,-1.5815,0.013635,1.6792,0.16673,0.096955,-0.12166,-0.77772,-0.091334,-0.45308,-0.29806,-0.074161,0.30426,0.38003,0.17146,-0.053625,-0.31335,0.041166,0.48234,0.28756,0.059782,0.21659,0.10452,0.1192,0.076961,-0.021479,-0.067028,0.072198,-0.16009
-0.33431,-0.26315,0.025211,0.053229,0.04631,0.004768,0.065555,0.17359,0.19059,0.15945,0.13651,0.12129,0.12111,0.13158,0.16828,0.17853,0.084989,-0.0029993,-0.019288,-0.03866,-0.46487,-0.43132,-0.12838,0.053469,0.21683,0.23208,0.073771,-0.093358,-0.1409,-0.080316,0.020163,0.099242,0.18019,0.10588,0.033422,0.029496,-0.0036346,-0.020396,-0.014831,0.0082257,0.052235,0.063137,0.038282,0.010606,-0.027147,-0.065946,-0.10112,-0.12249,-0.10474,-0.080711,-0.068176,0.023975,0.13361,0.18138,0.16189,0.049558,-0.034939,-0.017883,0.014023,0.0337,0.044099,0.058506,0.087218,0.10654,0.094356,0.072529,0.081192,0.051493,-0.016643,0.049509,0.088525,0.11346,0.1145,0.03581,-0.029535,-0.038323,-0.01324,-0.1606,-0.33585,-0.30813,-0.067539,0.14957,0.20452,0.18451,0.16154,0.10763,0.087473,0.073457,0.070674,0.077355,0.098659,0.12769,0.10748,0.13071,0.079024,-0.12726,-0.24909,-0.47234,-0.37281,0.37917,0.69646,0.2283,-0.19662,-0.20241,-0.20877,-0.13777,0.0012497,0.045736,-0.011572,-0.010263,-0.034351,-0.018531,0.020087,0.052118,0.11186,0.10436,0.27808,0.41618,0.40509,0.40309,-1.4119,-1.587,0.11376,0.25622,0.2773,0.22796,0.19131,0.17545,0.14545,0.034724,-0.0788,0.1717,0.19294,0.10445,0.055014,0.010574,0.081487,0.12853,0.1216,0.091709,0.0096726,-0.063076,-0.094554,-0.10986,-0.087987,-0.045194,-0.028265,-0.01792,0.0027279,-0.0013757,-0.053754,-0.093843,-0.13306,-0.16289,-0.12493,-0.042426,0.020089,0.029155,-0.01778,-0.057951,-0.051499,0.011244,0.12325,0.25702,0.34457,0.30626,0.1843,-0.013266,-0.12009,-0.04978,-0.042435,-0.034429,-0.018529,-0.029932,-0.032922,0.0017724,0.041059,-0.0031514,-0.024064,-0.031266,-0.14943,-0.27428,-0.20021,-0.041952,-0.057668,-0.022964,-0.015035,0.017003,0.043763,0.041098,0.086362,0.094888,0.30457,0.42487,0.27774,0.047871,-0.10566,-1.5594,-1.0941,0.65957,0.97326,-1.8847,-1.232,2.2696,0.014672,-0.67072,-0.33007,0.40102,0.38497,0.09646,0.99306,-0.018337,1.2535,-0.42724,0.031487,0.45508,0.35228,0.67315,-0.13187,-0.25867,0.20494,-0.29596,-0.10816,-0.39328,0.016584,-0.082576,0.25184,0.052594,-0.35811,-0.070849,-0.49934,0.44451,0.21618,-0.02833,-1.0712,1.5125,0.72659,0.20364,-0.10966,-0.37171,0.84202,-0.045024,0.021361,-0.58539,0.071935,1.1758,0.024637,0.30551,-0.59991,0.10701,-0.35976,0.16986,-0.6711,0.1205,-0.309,0.11547,0.36659,-0.071523,-0.45202,-0.10161,-1.2022,-0.11407,-0.28708,-0.48605,0.084299,-0.48975,-0.2821,-0.10493,0.11316,0.23824,0.38583,-0.10675,-0.26965,0.1156,-0.016136,0.20052,0.012712,0.045633,-0.52711,0.032318,-0.27051,0.088815,0.33176,0.16854,-0.19962,0.1908,0.022067,0.078648,0.24552,-0.0087306,-2.5732,1.197,-0.60856,-0.32405,1.7676,-0.70181,0.33608,-0.18185,0.13446,-0.5937,-0.76051,-0.094569,0.082828,0.69764,0.29803,0.45581,-0.086613,-0.042665,0.20051,-0.16146,-0.32174,0.34424,0.20052,-0.2166,-0.013553,0.24947,-0.26251,-0.16114,-0.084738,0.05391,-0.49375,-0.13685,0.54866,-0.31732,0.061795,0.35577,-0.57109,-0.019178,-0.19321,-0.21146,-0.066753,-0.37647,0.010602,0.54546,-0.24279,0.10106,0.069795,0.20681,0.33975,0.2188,-0.082409,0.1295,0.4275,0.0826,0.078303,0.087909,0.024633,-0.025329,0.28711,0.11102,-2.8512,1.5517,-0.54291,-1.19,0.94819,-0.24966,-0.25484,-0.75196,-0.1322,-0.092034,-0.10521,-0.25313,-0.17269,-0.45495,-0.17049,0.34187,-0.1224,-0.22665,-0.39364,0.25922,0.10975,-0.37161,0.042092,-0.11321,-0.42006,0.068243,-0.23073,-0.10996,0.25683,-0.1379
0.14745,-0.10015,0.0039948,0.14484,0.21041,0.034582,0.038965,0.16054,0.18476,0.14675,0.10947,0.080453,0.069761,0.062531,0.074923,0.070802,0.11303,0.20114,0.11081,-0.1595,-0.45185,-0.27862,-0.031305,-0.0051496,0.083088,0.16498,0.15191,0.05413,-0.0061372,0.018507,0.062601,0.12221,0.18906,0.11265,0.066825,0.016922,-0.042173,-0.072624,-0.03996,0.0090774,0.011426,0.064128,0.083692,0.037959,-0.027223,-0.078129,0.0672,0.17948,0.1167,0.017136,-0.08892,-0.099942,-0.021871,0.025988,0.017644,-0.013228,-0.03779,-0.0070559,-0.020426,-0.074264,-0.073866,-0.091962,-0.11218,-0.10964,-0.089997,-0.047831,-0.033357,-0.031236,-0.061801,-0.051259,0.040516,0.073143,0.081833,0.050711,-0.0030251,-0.083036,-0.16031,-0.20527,-0.17794,0.036344,0.28794,0.34622,0.27697,0.15272,0.034675,0.070599,0.184,0.19948,0.19623,0.19142,0.087546,0.016278,0.042614,0.077161,0.19099,0.20315,-0.14316,-0.40552,-0.55761,-0.13278,1.8264,1.2538,-0.28969,-0.44406,-0.46099,-0.30237,-0.045443,-0.015599,-0.089764,-0.089645,-0.094411,-0.041529,0.021926,0.035907,0.073186,0.056898,0.32656,0.54585,0.50616,0.34071,-1.3033,-1.5088,0.002185,0.0027339,0.18453,0.31492,0.29093,0.28464,0.24168,0.19034,0.1252,0.30285,0.39499,0.14966,-0.014543,0.046495,0.14397,0.17195,0.1475,0.087686,0.08372,-0.0030631,-0.11446,-0.18483,-0.22021,-0.17693,-0.14616,-0.17096,-0.21389,-0.055335,0.20472,0.040131,-0.026391,-0.0053897,0.0056801,0.056143,0.12538,0.13597,0.033107,-0.040965,-0.032367,-0.070333,-0.10128,-0.11832,-0.16658,-0.26268,-0.35322,-0.29406,-0.20205,-0.12014,-0.045845,-0.031452,-0.015599,-0.077997,-0.12684,-0.082635,-0.015738,0.053992,0.074338,0.0050537,-0.071498,-0.14571,-0.22244,-0.25114,-0.21326,-0.055847,0.087854,0.045963,0.065746,0.020955,0.047723,0.092645,0.071793,0.30742,0.50423,0.45661,0.34179,-2.0159,-1.4341,1.1014,3.2777,-2.457,0.1084,-0.87705,-1.2305,-0.92057,-0.23761,-0.20211,0.1185,0.017637,1.1286,-0.4377,-0.24083,0.25071,0.18598,0.14395,0.71513,0.25305,0.25838,0.18029,-0.18123,0.20207,0.17151,0.15737,0.19125,0.22482,-0.36341,-0.10644,0.37976,0.12265,-1.9969,0.60739,0.90503,0.86662,-1.6067,1.2931,0.26879,0.43398,-0.13913,0.29607,0.0069418,0.23577,-0.2363,-0.14733,0.065334,0.048266,-0.062385,0.25785,-0.56139,-0.23356,0.29262,0.1331,0.22766,0.2238,0.16364,0.046195,-0.034914,0.19276,-0.054393,-0.20449,-1.7454,0.63249,-0.67584,0.0032494,-0.34572,0.41766,-1.2117,0.096619,0.7155,-0.27242,0.23437,-0.33449,0.050322,-0.12726,-0.21833,0.18681,0.029154,-0.0101,0.14235,0.1187,-0.0091572,0.024767,0.20047,0.1732,-0.12618,-0.1228,-0.26295,-0.097824,0.14082,0.21686,-4.3383,0.36675,-1.1526,-0.28429,-0.86029,0.96376,0.69307,-0.16314,0.37702,0.5379,0.024007,-0.10099,-0.34292,-0.16559,-0.2766,0.24315,0.14543,-0.2275,-0.45922,0.24621,0.17895,0.27074,-0.067261,0.22732,0.42575,-0.21241,0.24721,-0.30327,-0.45848,0.35099,-1.4078,0.10815,-0.53623,-0.18074,-0.21676,0.17434,-0.73996,0.6631,0.19806,0.24278,-0.24943,-0.42524,0.092523,0.46335,0.19382,0.31262,0.23584,-0.069959,-0.26751,0.11708,-0.20652,0.089554,0.13457,0.029653,-0.068948,-0.07191,0.0097075,-0.33321,0.0089143,-0.17885,-3.4106,0.55524,0.47713,2.1102,1.7991,-1.1514,-0.097917,0.48733,-0.26226,0.1074,1.1829,-0.068776,0.17172,-0.22553,0.13382,0.39707,-0.0053521,0.37692,-0.23001,0.31309,0.019205,0.014412,-0.18134,-0.34554,-0.29782,-0.11061,-0.0094184,-0.037848,-0.080798,0.31745
0.56798,0.34216,-0.10276,-0.10865,0.20491,0.24503,0.11114,0.079906,0.090102,0.077427,0.08752,0.10881,0.10159,0.075744,0.099624,0.16193,0.16582,0.11068,0.0010718,-0.050735,-0.36996,-0.40261,0.089589,0.24967,0.20626,0.02696,-0.083928,-0.00063356,0.038072,-0.015359,0.076462,0.27674,0.26003,0.13757,-0.012594,-0.037568,-0.080811,-0.11678,-0.030472,0.060468,0.042275,0.012968,-0.0067503,0.1185,0.21559,0.19518,0.17839,0.062695,-0.047108,-0.02316,-0.035929,-0.033287,0.058092,0.10757,0.053326,-0.022554,-0.068895,-0.08938,-0.060785,-0.048554,-0.080899,-0.10951,-0.10025,-0.11463,-0.15235,-0.1525,-0.14021,-0.098771,-0.019055,0.096,0.12227,0.050756,-0.0051348,-0.042617,-0.074252,-0.1106,-0.11533,-0.23868,-0.39077,-0.46693,-0.40992,-0.11836,0.22175,0.30722,0.23906,0.10885,0.0096717,0.037721,0.10801,0.11171,0.11589,0.1195,0.039328,0.094129,0.391,0.4381,0.058703,-0.088219,-0.097712,-0.18806,-0.89359,-0.546,-0.13485,-0.11685,-0.20476,-0.24281,-0.1136,0.070465,0.045694,0.027116,0.030875,0.032815,0.0038326,0.068277,0.16574,0.19674,0.17661,0.13124,0.13129,0.16555,-1.4365,-1.4013,0.31873,0.34088,0.25251,0.1872,0.16152,0.17217,0.17329,0.2114,0.25135,0.072024,-0.20086,-0.23514,-0.082397,-0.08416,-0.024551,0.0086287,-0.0072538,-0.098009,-0.17126,-0.18961,-0.141,0.008342,0.18598,0.27268,0.17938,0.04236,0.06582,0.19441,0.18049,-0.058223,-0.30424,-0.34656,-0.27738,-0.20448,-0.11544,-0.028765,-0.039318,-0.1295,-0.20275,-0.22221,-0.18758,-0.1089,-0.13168,-0.33128,-0.45814,-0.34406,-0.083977,0.098723,0.11606,0.079729,0.065774,0.024428,0.0026949,0.042889,0.090342,0.042876,0.026921,0.098296,0.05776,-0.031701,-0.14094,-0.25316,-0.2679,-0.20601,-0.11047,-0.010827,0.031665,0.010189,0.022573,-0.00010239,0.058873,0.26614,0.42214,0.38778,0.33429,0.47895,0.4942,0.37169,1.148,-0.88248,-0.98804,-0.23797,1.0284,-1.9879,-0.47794,-0.59224,-0.38635,-0.0161,0.64089,-0.038587,-0.1054,-0.70411,-0.12015,-0.7882,-0.044649,0.21821,0.672,0.32861,-0.18833,-0.24763,-0.13449,0.061061,0.024645,-0.25989,0.10463,0.040674,-0.09105,-0.090425,1.2505,2.3102,-0.33983,1.1269,-2.0857,-1.6919,0.1206,0.65924,-0.33916,0.17868,-0.55154,0.5959,-0.41316,-0.065174,-0.094085,0.025537,-0.11567,0.40696,0.36439,0.15807,-0.32543,-0.024959,-0.34539,-0.36415,0.483,0.085492,0.063079,-0.04633,-0.0039924,-0.021242,0.8424,-0.54998,1.3147,0.29741,0.74187,0.60349,0.074859,-0.061568,-1.2281,0.8094,0.25627,-0.67457,-0.48614,-0.34675,-0.14917,0.59234,-0.12171,-0.37103,-0.085366,-0.044112,0.047029,0.37307,-0.083999,0.091962,0.38157,-0.079146,0.03643,-0.23203,-0.064029,-0.047435,-1.2573,1.7542,0.43248,-1.4657,-0.049342,0.23024,0.87241,0.54571,-0.26292,-0.48378,-0.34183,-0.31437,-0.79085,-0.65944,0.62388,-0.15573,-0.35879,-0.76767,-0.12595,-0.1719,0.36427,-0.28717,-0.086533,0.27988,0.30266,0.096812,-0.1896,-0.070246,0.51328,-0.054211,1.6701,-0.80341,1.2246,-1.6626,-0.23409,0.42954,-0.14882,1.0095,-0.20323,0.27197,0.34386,0.71112,0.4653,0.092869,-0.065985,0.23043,-0.07837,-0.028299,-0.057797,0.0091997,0.037669,-0.29339,0.35966,-0.22535,-0.22384,0.42737,0.26629,-0.37567,-0.17806,-0.10321,-0.30364,1.087,0.3369,0.073424,-0.40988,-0.55439,2.1241,0.2061,-0.15781,0.1599,-0.66946,-0.67695,-0.14178,0.79402,0.73894,1.1615,0.11141,0.20206,-0.048324,0.13948,0.57002,0.011389,-0.085209,0.28456,0.16854,-0.1289,-0.12663,-0.018053,-0.65229,-0.17508
0.029417,0.094386,0.35996,0.48327,0.32337,0.21189,0.18839,0.13837,0.066583,0.0058733,0.03721,0.11017,0.13384,0.16344,0.1558,0.062479,-0.063689,-0.14492,-0.17799,-0.2428,0.24223,0.12074,-0.25202,-0.15978,-0.11665,-0.1934,-0.30013,-0.25874,-0.16229,-0.012369,0.10804,0.17331,0.23125,0.22617,0.17542,0.05515,-0.0027825,-0.039225,-0.021971,-0.0041666,-0.0095154,0.023214,0.039333,0.024969,-0.00067706,-0.066821,-0.081072,-0.012184,0.027148,-0.010304,0.11486,0.24954,0.27135,0.25359,0.10906,-0.032839,-0.056171,-0.055068,-0.045044,-0.047437,-0.034326,-0.033815,-0.042454,-0.051473,-0.076269,-0.08288,-0.060396,-0.061484,-0.00064448,0.04884,0.074957,0.11382,0.063942,0.018257,-0.030899,-0.084068,-0.12777,-0.12631,-0.095245,-0.035288,0.064452,0.14142,0.15313,0.11082,0.051845,0.038243,0.037156,0.035202,0.044946,-0.044255,-0.16079,-0.19894,-0.29366,-0.0082229,-0.21668,0.058836,0.29393,0.28399,0.60513,0.90355,0.1799,-0.012186,-0.30676,-0.45613,-0.47632,-0.31925,-0.1273,-0.14427,-0.10731,-0.051983,0.04052,0.11801,0.15518,0.20413,0.16923,0.11633,0.05174,-0.021951,-0.056175,-0.20141,-2.0619,-1.9355,0.21769,0.27729,0.25002,0.30074,0.35469,0.38281,0.23277,-0.019172,-0.12338,-0.019768,-0.036984,-0.15313,-0.034885,0.090624,0.12737,0.16426,0.1172,0.049695,0.053934,-0.014318,-0.065712,-0.040865,0.0093247,0.11658,0.26668,0.3865,0.43901,0.36989,0.25428,0.087931,-0.017066,0.0068302,-0.013119,-0.061946,0.0026271,0.059678,0.015843,-0.038984,-0.01161,-0.022104,-0.046534,-0.089895,-0.15808,-0.27514,-0.34169,-0.28253,-0.1079,-0.033481,-0.02801,-0.0077128,-0.009085,0.00804,-0.0478,-0.081297,-0.027942,0.014245,0.021064,-0.0026258,-0.023483,-0.060445,-0.12379,-0.15193,-0.05896,0.03343,0.042438,0.085643,0.085284,0.20106,0.81672,1.0972,-1.1665,-1.8697,-0.082229,0.20668,0.29015,0.2415,0.49543,0.73591,3.032,-1.0489,-0.30195,-1.4364,-0.24285,-1.5908,-0.50689,-0.50342,-0.10087,-0.026611,0.42627,0.043375,-0.31184,0.46941,0.4729,-0.32796,-0.094709,0.2081,0.15806,0.45565,-0.4672,-0.37549,0.2661,-0.059328,-0.44829,0.060064,0.21423,-0.093841,0.093032,-0.14415,-1.9478,0.16245,0.28225,0.39964,-1.9728,-1.186,-1.027,0.43988,-0.78618,0.13503,-0.55285,0.38661,-0.45783,-0.053549,-0.25124,0.27918,0.10445,0.44155,0.42469,-0.55035,-0.14036,0.051169,0.30632,-0.27157,-0.14535,0.13435,0.13952,0.058974,-0.20764,-0.27267,-1.4791,-0.53823,-0.31713,0.19009,-0.7591,0.89877,-0.63884,0.52259,-0.0061992,0.17614,0.20776,-0.41005,0.050838,-0.13131,-0.5248,-0.28971,-0.12926,0.0086633,0.28137,-0.12161,0.2968,0.026341,-0.15311,0.15846,0.52131,0.076152,-0.050442,0.0049093,-0.0048418,0.060586,-3.2996,0.32811,0.14383,-1.0642,-1.649,0.59928,1.193,0.32106,-0.72704,-0.91602,0.15586,-1.4405,0.84406,-0.35075,-0.075018,-0.39893,-0.13291,0.34193,-0.4691,-0.55904,-0.18616,-0.14057,0.039491,0.19639,-0.076085,-0.31112,0.011024,0.39823,-0.030391,0.12833,-1.2964,0.58345,0.13967,-0.40604,-0.32801,0.34064,-0.44489,0.19467,-0.32267,-0.13775,0.32708,0.35531,0.24466,-0.13634,0.67297,-0.12559,-0.036364,-0.17184,-0.2106,0.39297,-0.072731,-0.13887,-0.075008,-0.38239,-0.12261,0.024963,-0.009532,0.12443,-0.22083,0.067178,-2.2362,-0.21576,0.75851,1.909,-0.35347,-0.77279,2.1111,0.64737,-0.0043494,0.99525,1.1377,-0.59465,0.025565,1.0289,0.049944,1.1127,0.3127,0.37021,0.36886,-0.40227,0.035932,-0.28625,-0.064107,0.53303,-0.19222,-0.036319,-0.072042,0.088498,-0.26158,0.26856
0.58541,0.13083,0.14546,0.1886,0.26788,0.17123,0.094409,0.064438,0.041012,0.0043961,0.025637,0.069694,0.068918,0.082348,0.08886,0.10523,0.16895,0.21215,0.18998,0.14638,0.10423,-0.2349,-0.33777,0.20261,0.12416,0.10699,0.0064332,-0.14247,-0.17634,-0.065591,0.016896,0.01552,0.062094,-0.0050475,-0.055296,-0.043187,-0.0060767,0.0056433,-0.023953,-0.017166,0.001161,-0.024269,-0.048708,-0.074683,-0.043565,-0.0057349,0.033885,0.11335,0.16543,0.14483,0.13061,0.11564,0.08102,0.0076263,-0.10763,-0.15862,-0.10664,-0.068055,-0.085637,-0.068497,-0.04722,-0.033299,-0.020463,-0.011425,-0.0044381,-0.0022323,0.0046713,-0.012656,-0.022064,0.074904,0.12478,0.12632,0.10891,0.074096,0.050489,0.051089,0.03298,-0.0068182,0.08807,0.23348,0.2037,0.091852,0.083768,0.058632,0.04543,0.03538,0.013186,0.016704,0.0071803,0.0082368,0.023716,-0.014753,0.060411,0.13054,-0.11603,0.26175,-0.25194,-0.64991,0.3938,0.63528,1.8939,1.0782,-0.44002,-0.37279,-0.3525,-0.37266,-0.24785,-0.053174,-0.046088,-0.021575,0.017305,0.024751,0.0089735,0.06004,0.077313,0.19397,0.30421,0.30391,0.29518,0.27427,0.17259,-1.2978,-0.97311,0.44233,0.3525,0.29984,0.28915,0.29474,0.3251,0.27941,0.10182,0.26036,0.37432,0.07925,-0.023405,-0.0090962,0.0058947,-0.050598,-0.090594,-0.076091,-0.090315,-0.089587,-0.12173,-0.11878,-0.14693,-0.10706,0.048429,0.19919,0.27763,0.24265,0.10592,-0.088016,-0.14722,-0.048392,0.08004,0.15618,0.17101,0.073815,0.0017031,0.038643,0.044874,0.074405,0.11875,0.15527,0.15885,0.014612,-0.14072,-0.27685,-0.26821,-0.13451,-0.14124,-0.17071,-0.15992,-0.14353,-0.1209,-0.21056,-0.28125,-0.24264,-0.25075,-0.28056,-0.14607,0.012474,-0.045629,-0.04138,-0.0046468,0.012151,0.081703,0.10974,0.15836,0.20102,0.18075,0.40997,0.63123,0.5706,0.43231,-2.0209,-2.1369,-0.037965,0.50563,0.63632,2.8048,-1.8863,0.52482,-1.4996,-1.1025,-0.97602,-0.57696,-0.15521,-0.77036,0.50927,0.68199,-0.38863,-0.10966,0.24456,-0.068615,-0.30454,0.21893,0.44505,-0.0073867,-0.46404,-0.0601,0.12135,0.4325,-0.31534,0.038133,0.044018,0.02512,0.11228,-0.21729,0.047716,-1.9611,0.10567,0.86397,1.3587,-1.4327,1.1507,0.36745,-0.168,0.056416,0.38572,-0.50983,0.049488,-0.14066,0.29093,0.020456,0.043993,-0.2013,-0.015995,-0.048645,-0.27386,0.0085835,0.49282,-0.026519,-0.19593,-0.15304,0.056508,-0.011879,0.021093,0.096834,-0.10696,-1.4276,0.56462,-1.2634,0.16151,-0.17602,0.12733,-0.2349,-0.35104,0.094885,0.5395,0.39771,0.1419,0.14418,0.33427,-0.24519,0.013405,0.23562,-0.11618,0.094711,0.20428,-0.11771,-0.078233,-0.013275,-0.17185,-0.03975,-0.073727,0.31349,-0.17452,-0.054158,0.055463,-3.3485,-0.38524,-1.2562,-0.62682,-1.7551,0.84081,0.45762,0.36388,0.1064,-0.88928,0.02119,-1.467,1.1568,0.35792,0.26427,0.45953,-0.32109,-0.20831,-0.15692,-0.39136,-0.048905,0.27285,0.37563,0.32476,0.50353,-0.15247,0.17878,-0.15127,-0.11326,-0.043382,-1.1409,0.28653,-0.72472,-0.096216,0.22469,-0.21473,-0.39886,0.54072,-0.091233,-0.13373,-0.37296,-0.069376,0.12424,0.48413,-0.10248,0.14108,0.21358,0.42141,-0.1341,0.022817,0.18531,-0.14782,0.06981,0.11034,-0.0013201,0.12292,-0.28464,0.060227,0.048197,0.28886,-3.1108,-0.0084607,0.49009,1.8657,1.8551,-0.46195,-0.31355,0.6386,-0.022955,0.48968,1.3246,0.3659,0.070312,-0.14343,-0.11401,0.3642,-0.021718,-0.13586,-0.16451,0.28162,0.04416,-0.1031,-0.14874,-0.24437,-0.49162,0.25644,-0.080317,-0.3166,0.078827,-0.075855
0.52925,0.41721,0.15337,0.044525,0.049979,0.14347,0.20298,0.17455,0.13403,0.091543,0.055595,0.029297,0.032819,0.055831,0.083006,0.098594,0.014244,-0.10238,-0.14426,-0.19964,-0.11919,-0.10012,-0.1397,0.099609,0.2332,0.15423,-0.0058608,-0.050011,-0.064318,-0.10436,0.0060066,0.13081,0.26323,0.27082,0.18435,0.17558,0.11065,0.045677,0.028775,0.0224,0.0089942,0.12465,0.22717,0.22762,0.20937,0.051007,-0.14176,-0.14003,-0.086163,-0.049514,-0.054431,-0.058516,0.016316,0.092872,0.10858,0.069506,-0.0020774,-0.040338,-0.039945,-0.030921,-0.020219,-0.0047987,0.022754,0.043377,0.049354,0.059175,0.078871,0.079976,0.076498,0.12225,0.20022,0.20195,-0.034075,-0.35137,-0.48477,-0.4453,-0.26775,-0.12469,-0.13153,-0.18302,-0.19092,-0.12892,-0.020267,0.091774,0.1495,0.14015,0.10205,0.092722,0.11521,0.11552,0.12948,0.14832,0.039543,-0.036319,-0.033986,-0.099737,-0.12855,-0.14236,-0.32505,-0.48873,-0.64573,-0.33722,0.0019847,0.056304,0.041934,-0.015752,-0.089025,-0.11296,-0.12328,-0.12975,-0.13302,-0.061902,0.053108,0.12461,0.15612,0.14918,0.22488,0.27157,0.24225,0.14921,-1.8688,-1.9196,0.10251,0.24152,0.20427,0.14562,0.17572,0.23845,0.20318,0.18399,0.096495,-0.24422,-0.23632,-0.17674,-0.15166,-0.16113,-0.078245,-0.02024,-0.041988,-0.091615,-0.13689,-0.21574,-0.17977,0.010926,0.17357,0.16095,0.046486,0.055922,0.11407,0.14405,0.1416,0.0091895,-0.20927,-0.31963,-0.33492,-0.27735,-0.168,-0.092984,-0.070723,-0.065182,-0.047076,0.013381,0.11058,0.17342,0.13622,0.0042937,-0.094338,-0.12546,-0.1298,-0.11074,-0.093883,-0.088216,-0.058764,0.037375,0.10677,0.12549,0.10628,0.091004,0.10967,0.14041,0.13951,0.080406,-0.032182,-0.12821,-0.18132,-0.2149,-0.20911,-0.11137,-0.01927,0.0038165,0.055584,0.048548,0.21172,0.29222,0.20713,0.15429,0.12195,0.31065,0.251,-0.060933,1.576,-0.52695,-1.478,-0.053878,0.7699,-2.2684,0.17672,0.13274,-0.59019,-0.05074,0.32959,-0.042695,-0.10723,0.16328,0.10085,-0.41585,0.16977,0.19671,-0.032411,-0.17247,-0.65692,-0.41019,-0.23558,-0.14614,-0.24314,-0.14762,-0.0071067,0.39214,-0.44105,0.069002,1.522,1.4805,-0.64171,-0.085678,-3.2306,-1.8104,0.11347,0.37423,-0.15041,0.45395,-0.75759,0.45391,-0.26546,-0.034626,0.047886,0.18005,-0.39943,-0.031077,-0.16104,-0.20079,-0.15148,0.12076,-0.3472,-0.071971,-0.11304,-0.15724,0.00029633,0.15505,-0.10608,-0.16326,0.78749,-1.3712,1.6505,0.45835,-0.085238,0.52049,-0.018825,0.37369,-0.3719,0.76624,0.56747,-0.16246,0.0065536,0.10729,-0.17008,0.28884,0.20918,-0.16644,0.034833,0.11215,0.035611,0.32157,0.02257,0.032836,0.29597,0.18866,0.043942,0.13892,0.34253,-0.066855,-1.1954,1.7504,0.77707,-0.26341,0.10449,-1.711,1.7377,-0.30599,0.20214,-0.19948,-0.54808,-0.17393,-0.25599,0.22657,-0.0079519,0.12479,-0.046782,0.10229,-0.12882,-0.16047,-0.12016,0.17902,-0.25643,-0.10805,0.26553,-0.065827,0.073912,0.053164,0.059768,-0.041689,1.5903,-0.53461,2.0129,-1.8003,-0.53836,0.086868,-0.69715,0.24714,-0.034653,0.1974,0.29223,0.25841,0.67935,0.012451,-0.23738,0.36507,-0.014582,0.12337,0.029691,-0.087986,-0.035501,0.089088,-0.067774,0.15379,0.099397,0.0038222,-0.12151,0.56372,-0.30424,-0.049851,-1.1936,1.8414,-1.9218,-0.021645,1.6972,-0.013793,0.17852,-0.15459,-0.032974,0.47128,-0.58946,-0.59626,-0.33907,0.24697,0.36227,0.32177,-0.19846,-0.12532,-0.0064211,0.0045103,-0.11117,-0.0045702,0.20486,-0.20291,-0.24809,0.044263,-0.029516,-0.18559,0.034824,0.072032
0.25569,-0.049856,0.37682,0.57872,0.44031,0.15095,-0.0073502,-0.018496,-0.017009,-0.040215,-0.011366,0.026636,0.0096537,-0.011169,-0.031306,-0.048953,-0.11157,-0.19988,-0.21196,-0.095665,0.18266,0.39094,0.37596,0.22362,0.05877,-0.06681,-0.090495,-0.13468,-0.27344,-0.24131,-0.24516,-0.32359,-0.28017,-0.33847,-0.14746,0.036676,0.05458,0.029517,-0.025364,-0.0026764,0.026113,0.0040857,-0.0051509,-0.017951,-0.047922,-0.073726,-0.047438,0.016678,0.053836,0.016444,0.049921,0.13833,0.17499,0.12983,0.053582,-0.016641,-0.060175,-0.054109,-0.04746,-0.034006,-0.0544,-0.079738,-0.065101,-0.085742,-0.11868,-0.1264,-0.1454,-0.14641,-0.08022,0.017797,0.089456,0.097958,0.047842,0.041351,0.09845,0.18959,0.28359,0.34035,0.34775,0.32513,0.22331,0.061925,0.0080589,0.057851,0.086332,0.078297,0.065271,0.07003,0.070468,0.036144,0.0047287,0.0053769,0.011389,-0.01698,0.10992,-0.65569,-0.67042,0.44773,0.64233,0.67484,1.401,0.72587,-0.27153,-0.33375,-0.3362,-0.30109,-0.16837,-0.041706,-0.065067,-0.066736,-0.069895,-0.086178,-0.10284,-0.087192,-0.058934,-0.030768,-0.074871,-0.16946,-0.19138,-0.077952,0.27819,0.48298,0.43933,0.32157,0.20355,0.20351,0.25041,0.24263,0.24841,0.24962,0.24371,0.58895,0.73976,0.35771,0.024256,-0.093546,-0.14399,-0.14932,-0.11294,-0.067464,-0.0094815,0.0495,0.058393,0.023048,-0.014818,0.029022,0.14955,0.2621,0.30266,0.22213,0.084992,-0.047444,-0.093809,-0.020263,0.073084,0.012737,-0.09022,-0.056498,-0.0020437,0.059739,0.091929,0.11256,0.13193,0.090631,-0.031631,-0.25197,-0.43917,-0.3941,-0.2435,-0.12932,-0.055496,-0.038126,-0.17273,-0.27826,-0.25021,-0.21319,-0.17488,-0.16013,-0.17161,-0.17944,-0.18412,-0.13804,-0.044528,-0.035094,-0.085134,-0.10335,-0.055805,-0.013487,-0.039222,-0.022811,-0.0095197,-0.032569,-0.060836,0.14931,0.37794,-0.76703,-0.91438,0.25561,0.36128,0.45539,0.67466,-2.0053,1.6369,0.2733,0.37253,0.42444,0.2779,0.21064,-0.3737,0.027273,0.33897,0.068717,-0.30254,0.35024,-0.23919,-0.096848,-0.031236,0.37538,0.064878,-0.07604,-0.32267,-0.15983,0.042785,-0.34945,0.050291,-0.20318,0.1566,0.033929,-0.030093,-0.11989,-0.30318,-1.08,2.5046,0.66449,-1.1781,-0.17414,0.18724,-0.13594,-0.34466,-0.44611,-0.25971,0.37948,-0.63516,-0.23785,0.28713,-0.072486,0.027418,-0.16183,-0.26807,0.0047893,0.43532,-0.22173,0.14798,-0.19539,-0.29737,0.072875,-0.23353,0.12192,0.28979,0.29962,0.71603,1.7758,-1.8866,0.34393,-0.42027,0.80585,-0.11338,0.5755,0.18587,-0.064186,-0.084157,-0.17299,0.13342,0.12565,0.020438,-0.015181,-0.36203,0.031795,0.16077,0.32002,0.26036,-0.023854,0.11399,-0.40768,0.32894,-0.012468,-0.1299,-0.06824,-0.0025922,0.081684,-1.0671,-0.76765,-2.5131,0.051427,-0.97261,0.11454,0.23372,0.4276,-0.15666,0.48641,0.11323,0.52458,0.0030538,-0.2987,-0.20738,0.34187,0.12372,0.21885,-0.40469,-0.4519,-0.087388,-0.12475,-0.33926,0.27181,-0.18942,-0.014564,-0.14753,0.32893,0.22451,-0.5647,0.95648,0.80602,-2.3082,-0.0063779,0.42028,0.022612,0.26105,0.045361,-0.2138,0.27945,-0.0043014,0.0094728,0.30718,-0.1053,0.062091,0.051007,0.31322,0.20532,0.15404,-0.16873,-0.031513,-0.25953,-0.10107,-0.25704,0.1843,0.20028,-0.40656,0.03916,-0.13873,0.18408,-1.3213,-0.24137,2.5082,0.7546,0.30592,0.028958,-0.13977,-0.15727,0.20109,0.085939,-0.54765,-0.31004,-0.049414,0.12479,-0.21107,0.14212,-0.21433,-0.12009,0.38211,-0.14901,0.77226,-0.097805,-0.16481,-0.25824,0.025704,-0.27889,0.067812,-0.12344,-0.081118,0.36837
0.45751,0.45357,0.17377,-0.0076367,0.13973,0.16379,0.10913,0.15672,0.17274,0.13808,0.11298,0.10124,0.10837,0.11583,0.13781,0.13038,0.062576,-0.012925,-0.11657,-0.28481,-0.12719,-0.12974,-0.16699,-0.14916,-0.15494,-0.13134,-0.18281,-0.24094,-0.20798,-0.092621,0.073533,0.05052,0.08977,0.12468,0.078235,0.052698,0.018945,0.0021543,0.01129,0.0088757,-0.0031091,0.046738,0.087436,0.079353,0.054805,0.033327,0.047635,0.017755,-0.014088,-0.032072,-0.035654,-0.024337,0.024374,0.081575,0.072838,0.0052466,-0.054737,-0.037495,0.0047741,0.031557,0.048479,0.051003,0.05952,0.075511,0.079853,0.037608,-0.0080924,0.0034277,0.013931,0.028513,-0.12612,-0.2297,-0.15768,-0.035207,0.098609,0.17957,0.053941,-0.14882,-0.20209,-0.11652,0.018765,0.15109,0.1935,0.14358,0.096534,0.075305,0.12064,0.20153,0.21639,0.22631,0.22242,0.12082,0.10608,0.069962,-0.28673,-0.73102,-0.50398,0.79975,0.70103,0.17098,-0.80747,-0.60714,-0.33887,-0.25731,-0.29087,-0.32499,-0.17548,0.0098822,-0.04246,-0.021303,-0.018494,0.035736,0.094614,0.1038,0.12509,0.089012,0.27407,0.41732,0.34953,0.14768,-1.6801,-1.5889,0.3019,0.28021,0.22295,0.26855,0.30959,0.14356,-0.046103,-0.11604,-0.3774,-0.26298,-0.19169,-0.054567,0.1114,0.11864,0.14217,0.15718,0.08052,-0.02257,-0.039626,-0.10222,-0.075672,0.077643,0.22583,0.31395,0.30112,0.24909,0.25586,0.22173,0.18628,0.099402,-0.076843,-0.16116,-0.14004,-0.041761,0.054804,0.0545,0.00085004,-0.040675,-0.03476,0.032532,0.11777,0.16448,0.14335,0.054901,-0.031531,-0.015974,0.047348,0.064275,-0.055002,-0.12872,-0.13376,-0.13218,-0.10569,-0.065331,-0.073146,-0.0011626,0.081299,0.04054,-0.025197,-0.11215,-0.19978,-0.18503,-0.12085,-0.12539,-0.034138,0.042545,0.0022427,0.032788,-0.0087576,0.3621,0.61459,0.4874,0.24724,-1.5127,-1.234,0.77424,0.51641,0.11247,3.3563,-0.91909,-0.88468,0.66508,-0.20978,-0.7455,0.22061,0.014268,-0.6701,0.12443,0.44249,-0.61018,-0.57258,0.017635,0.19513,-0.45827,0.50531,-0.3991,0.37168,0.034808,-0.12704,-0.52025,0.030482,0.18237,-0.44257,-0.30961,0.27073,-0.016,0.093732,0.021992,-1.5871,0.66914,-0.26697,0.073464,-1.8445,0.51598,0.9179,0.58953,0.39524,0.29616,-0.067449,0.13844,-0.57742,-0.21926,0.50411,-0.55472,0.69683,0.41681,-0.27442,0.13444,-0.069345,-0.097191,-0.28884,-0.34285,0.12997,-0.12141,-0.48149,-0.018518,0.11414,-0.22793,-1.3432,-0.68124,-0.34785,-0.35125,-1.0345,-0.28034,-0.38337,0.027976,0.36268,-0.49715,-0.29593,-0.061263,-0.72312,0.10044,0.17975,-0.010363,-0.39671,-0.2981,0.17641,-0.06407,-0.12768,0.096847,0.092379,0.13055,0.13939,0.10714,0.2009,-0.15624,-0.10533,0.10914,-2.961,0.71241,-0.042995,0.29737,1.7901,-1.0223,0.96207,0.051562,0.25102,-0.15066,-0.098224,-0.21506,0.13602,0.64201,0.21239,0.52844,0.084363,0.12694,-0.45499,-0.38024,-0.18873,-0.70588,-0.40439,0.045037,-0.0017797,0.40215,0.28499,-0.043202,0.069252,-0.060983,-1.0396,0.51807,0.84237,-0.060878,-0.48506,0.053682,-0.56718,0.25306,-0.084847,0.13202,0.27164,-0.046408,0.018303,0.30099,0.087264,-0.50582,-0.050407,0.0074202,-0.020168,-0.090949,-0.39946,-0.13923,-0.020515,-0.28161,0.13512,0.20645,-0.081373,-0.21505,-0.12312,-0.3081,-3.2045,0.76907,-0.36441,-1.114,-0.48629,0.16905,1.6924,0.027513,0.04849,-0.095828,-0.011415,0.23329,-0.48596,-0.42836,-0.46761,0.32613,0.082109,-0.43148,0.1898,0.16224,0.075594,0.31946,-0.27126,0.37221,-0.21153,-0.15807,0.45645,0.51717,-0.0543,-0.33826
-0.0040667,0.11625,0.20616,0.35312,0.45639,0.31426,0.16726,0.12305,0.096226,0.047406,0.027882,0.037464,0.029719,0.0035248,0.021206,0.068628,0.061454,0.010312,-0.089964,-0.18287,0.60268,0.48939,-0.42926,-0.36375,-0.25863,-0.099275,-0.045436,-0.11836,-0.1909,-0.19981,-0.022573,0.09786,0.093688,0.095271,0.12719,0.068181,0.029447,0.018251,0.014663,0.020759,0.054407,0.065041,0.050798,0.037186,0.018065,0.0026872,0.024609,0.059709,0.039447,-0.017618,-0.081682,-0.048224,0.0099225,0.0034936,-0.034251,-0.079298,-0.094953,-0.078176,-0.063182,-0.03621,-0.03009,-0.030093,-0.0086437,0.00087112,-0.0019342,-0.0052128,-0.0044718,0.0036249,0.02448,0.10398,0.13318,0.11764,0.11021,0.082525,0.057609,0.038417,0.019505,0.0025107,0.002876,0.034102,0.075383,0.10494,0.080561,0.04394,0.045534,0.039506,0.025499,0.032482,0.012319,-0.0067654,-0.0063562,-0.094359,-0.0088655,0.19077,-0.18209,-0.61093,-0.18236,0.46688,0.74388,0.79762,0.084537,-0.20275,-0.31049,-0.32166,-0.32665,-0.36555,-0.26672,-0.10701,-0.11483,-0.092146,-0.024969,0.025973,0.017268,0.10132,0.20479,0.23111,0.20967,0.16823,0.17356,0.14259,-1.8614,-1.9332,-0.048397,0.14461,0.19204,0.22569,0.22121,0.2171,0.25103,0.30385,0.15839,-0.1842,-0.221,-0.32009,-0.09969,0.13004,0.17559,0.1495,0.15752,0.15828,0.065511,-0.051446,-0.077806,-0.055166,0.038656,0.16423,0.25737,0.2824,0.25638,0.2228,0.097124,0.0078606,-0.021092,-0.022214,0.02614,0.092856,0.16392,0.11776,0.029336,0.050029,0.076839,0.14336,0.21485,0.2583,0.23075,0.10662,-0.020865,-0.066676,-0.040195,0.011512,-0.071508,-0.15246,-0.14329,-0.12652,-0.10318,-0.13403,-0.15906,-0.081436,-0.019447,-0.029527,-0.053848,-0.10173,-0.14958,-0.078492,0.020609,0.027758,0.051524,0.020386,0.01876,0.03924,0.030591,0.25637,0.53403,0.57955,0.54996,-1.4895,-1.9617,0.40464,0.61264,0.70414,3.2194,-0.66972,-0.85253,0.47012,1.756,0.78848,1.2288,-0.44156,-0.29342,-0.31895,0.59615,-0.11522,-0.22312,-0.2104,-0.01211,0.22426,0.32211,-0.40032,-0.24164,-0.19466,0.13593,-0.29954,0.084429,-0.0075613,-0.17294,0.00064541,0.19849,0.070949,0.35618,-0.051363,-1.5386,0.90306,0.090047,0.4202,-1.9097,-1.3816,-0.31575,0.41822,-0.025483,0.064016,-0.084409,0.21195,-0.38397,0.16764,0.55575,0.56806,0.7208,-0.004209,-0.46918,-0.44653,-0.11287,0.067728,-0.028773,-0.36486,-0.075081,0.17503,-0.0087654,0.17867,0.18872,-0.23067,-1.5209,-0.24788,-0.56501,-0.31527,-0.76107,-0.42566,-0.11982,-0.31484,-0.16235,0.46246,-0.14966,0.19082,-0.51178,0.1581,0.086387,0.30976,-0.2372,0.16838,-0.16517,-0.17232,0.058221,0.17629,-0.44105,0.12031,-0.09486,0.11844,0.092614,-0.095042,-0.02997,0.3628,-3.4167,1.0582,-0.030528,-1.1317,1.5509,0.65151,0.15915,0.96191,-0.46521,0.57627,0.20105,-0.093695,-0.063073,0.25417,0.0938,0.36955,0.18154,-0.10875,-0.3655,-0.45241,-0.48527,-0.30782,-0.47055,0.19179,0.11471,-0.1533,0.53668,0.19464,-0.16391,-0.01795,-1.0442,-0.028489,0.69781,-0.19046,0.30606,0.21255,0.47328,0.6434,-0.54001,0.17902,-0.13652,0.31462,-0.13372,0.18179,0.020176,-0.35315,0.35563,0.17761,-0.12266,-0.041651,-0.58734,0.062825,-0.092349,-0.35245,0.13618,-0.090837,-0.25002,-0.048766,0.10182,-0.17209,-4.0206,0.63737,-0.51324,0.65951,0.92595,-0.06703,-0.69216,-0.26069,-0.019246,0.26229,-1.0269,0.013898,-0.20591,0.25319,0.10176,-0.076918,0.015986,-0.092694,0.27936,-0.061186,0.35118,0.14468,0.23179,0.09571,0.37087,-0.11079,-0.031112,0.10829,0.065629,0.16735
0.14682,-0.030553,-0.036932,0.09451,0.26342,0.29156,0.19141,0.11627,0.11742,0.096155,0.06718,0.052047,0.045994,0.032615,0.011813,0.019654,0.063289,0.13168,0.23089,0.31413,-0.39219,-0.50431,0.16353,0.28561,0.10145,-0.02013,0.16558,0.26013,0.042697,-0.047665,-0.068704,-0.13551,-0.092064,-0.056115,0.048921,0.049844,0.0056322,-0.049895,-0.0562,-0.045537,-0.067128,-0.040082,-0.018049,-0.036547,-0.081867,-0.062418,-0.0085739,0.071225,0.15459,0.12505,0.046116,0.0034907,0.076353,0.12634,0.067669,-0.01926,-0.06843,-0.1062,-0.13437,-0.1159,-0.10595,-0.10005,-0.078418,-0.070555,-0.074071,-0.087853,-0.1211,-0.16046,-0.16411,-0.049306,0.019598,-0.022446,-0.093716,-0.083161,-0.010713,0.079278,0.16555,0.19649,0.214,0.23014,0.15979,0.075,0.072726,0.067077,0.073534,0.097176,0.10284,0.10003,0.10409,0.086168,0.071422,0.074882,-0.082159,-0.055139,0.16313,-0.71904,-0.72599,0.48459,0.85482,0.99823,0.75498,0.062564,-0.27585,-0.34622,-0.38333,-0.41619,-0.25508,0.015334,-0.018291,-0.037441,-0.014854,0.019642,0.027394,0.031208,0.064689,0.10873,0.13865,0.17416,0.20667,0.18218,-0.66861,-0.50768,0.37916,0.40362,0.33276,0.29569,0.31234,0.33294,0.34943,0.25866,0.11245,0.4054,0.55627,0.15925,-0.21011,-0.23289,-0.13645,-0.041905,0.0062488,0.02542,0.072319,0.074587,0.056754,0.034702,-0.0028708,-0.13756,-0.17592,-0.033756,0.071631,0.02418,-0.01592,-0.15436,-0.41304,-0.43414,-0.27386,-0.1114,0.0059833,0.037588,0.055748,0.1322,0.18692,0.25643,0.33233,0.32444,0.21398,-0.090008,-0.36831,-0.3986,-0.25425,-0.06715,-0.11528,-0.1964,-0.17324,-0.15545,-0.13605,-0.15818,-0.1797,-0.16066,-0.15827,-0.16878,-0.062637,0.051397,0.001644,-0.036678,0.0068813,0.049525,0.040555,0.070285,0.064852,0.077683,0.085177,0.038863,0.25187,0.47665,0.45193,-0.82792,-0.95696,0.24212,0.36038,0.44151,1.204,-1.8811,0.40124,1.1869,0.38085,-0.27059,-0.19951,0.06615,-0.16899,0.16411,0.66034,-0.37873,-0.28229,0.55164,0.19543,0.23823,0.30487,0.30028,-0.1616,-0.24455,0.31689,-0.12063,0.2768,-0.090593,0.068291,0.013658,-0.60016,0.62967,0.36741,-0.23768,-0.42432,-0.66263,1.5822,0.54079,-1.6702,-0.24152,-0.024062,-0.31715,-0.43216,0.47131,-0.095833,0.32516,-0.29568,0.038496,0.041857,-0.056352,-0.085825,-0.12139,-0.88493,-0.032495,0.80979,-0.15676,0.60098,0.18482,-0.55915,0.14178,-0.026342,0.2595,0.51186,0.35908,0.28738,0.56859,-0.64777,0.73771,-0.11229,0.49732,-0.25898,-0.095111,0.5745,-0.46148,-0.33351,0.0046405,0.07788,0.22419,-0.17889,0.22268,-0.044797,0.28126,0.12014,0.27685,0.30414,-0.3675,0.25455,-0.41478,-0.10005,-0.5351,0.25894,-0.12558,-0.088151,-0.049754,-1.5999,0.42824,-1.3438,-1.3018,0.97003,0.22548,-0.45514,0.44711,-0.075647,-0.36721,-0.21447,0.040307,-0.18286,0.073911,0.17065,0.52936,0.49067,-0.37032,-0.57442,0.70309,0.011684,0.31988,0.15334,0.36697,0.63826,0.26026,-0.03074,-0.1893,0.028361,-0.58349,0.47387,0.55163,-1.1643,-0.57352,-0.014539,0.03244,0.048204,0.28405,0.21406,0.4274,-0.021602,-0.4931,-0.3738,0.30947,0.15118,0.44336,0.15421,-0.1065,0.65792,-0.14914,0.21265,-0.50323,-0.43103,0.045554,-0.12348,0.0060577,-0.53452,-0.035574,-0.31936,0.269,-1.6138,-0.10796,1.6254,0.56027,0.053821,0.17444,0.43393,-0.12905,0.44853,-0.15768,-0.49325,-0.046509,-0.075106,-0.051885,-0.46564,0.40094,0.48972,0.39789,0.020341,0.15453,1.1988,-0.26306,0.32751,-0.23127,0.20568,0.29071,-0.055142,-0.26488,-0.049477,-0.32775
0.038588,0.091501,0.034108,-0.017242,-0.00062107,0.052434,0.065581,0.060402,0.036054,0.028612,0.047272,0.048705,0.064983,0.085129,0.099394,0.05622,-0.048369,-0.12889,-0.19768,-0.26362,-0.32881,-0.39559,-0.41655,-0.29896,-0.16164,-0.1517,-0.11489,-0.069686,0.011146,0.03467,-0.06005,0.21235,0.46607,0.36103,0.24999,0.28154,0.23273,0.1302,0.19722,0.26015,0.22429,0.20376,0.14312,0.067011,0.075514,-0.011871,-0.19056,-0.17815,-0.11346,-0.07191,-0.086819,-0.030253,0.18551,0.33982,0.35737,0.3132,0.23417,0.11314,-0.030973,-0.082417,-0.052873,-0.012912,0.021241,0.035273,-0.0015444,-0.048242,-0.066758,-0.052422,-0.051901,-0.10969,-0.039548,-0.22959,-0.44053,-0.40323,-0.20624,-0.019133,0.075704,0.020705,-0.10439,-0.21111,-0.27821,-0.26158,-0.16095,0.0076468,0.15108,0.1826,0.14387,0.081232,0.052129,0.079585,0.11869,0.16353,0.11524,0.021295,-0.072168,-0.17933,-0.19059,-0.083861,0.080435,0.15289,-0.34844,-0.27677,-0.1549,-0.11205,-0.11046,-0.14949,-0.20623,-0.17702,-0.083682,-0.00025831,0.082182,0.10892,0.14254,0.17379,0.17289,0.16813,0.12105,0.052655,0.060891,0.044421,-0.071396,-0.19132,-0.19243,-0.16856,-0.18071,-0.17867,-0.1641,-0.14286,-0.17528,-0.22116,-0.066144,-0.080876,-0.14386,-0.23179,-0.32403,-0.3808,-0.28711,-0.14891,-0.033408,0.086382,0.13105,0.11224,0.32838,0.62304,0.57118,0.24684,0.001266,0.032887,0.11657,0.17625,0.15712,-0.033526,-0.41349,-0.69617,-0.72065,-0.64155,-0.50659,-0.22353,0.078479,0.26156,0.37111,0.42349,0.40255,0.30094,0.20671,0.16467,0.14166,0.17902,0.056085,-0.03177,0.026577,-0.058397,-0.10024,-0.1208,-0.17201,-0.16513,-0.085573,0.050598,0.15988,0.2292,0.28615,0.2789,0.17746,-0.00091556,-0.1605,-0.23641,-0.23223,-0.16619,-0.021436,0.13367,0.204,0.22242,0.32454,0.30373,0.11822,0.019623,0.021887,0.085757,0.22543,0.3241,-0.11692,0.099753,-1.1964,0.23891,-0.33207,-0.57736,0.64128,0.15775,-0.045042,-0.12942,0.53267,-0.27834,-0.26649,0.47845,0.36291,0.69081,0.020582,0.32896,-0.21359,0.054428,0.91609,-0.24926,0.49828,-0.036128,-0.41248,-0.26568,0.11819,0.044712,0.36761,-0.22963,2.6281,-0.095169,-0.98284,0.36632,-1.2161,0.029595,0.44626,0.58437,-0.27496,0.044702,0.12661,0.31992,-0.27329,-0.19129,0.17185,0.075393,0.58271,0.44227,-0.20293,-0.19377,-0.031817,0.19133,0.28081,0.20799,-0.42572,-0.0086572,0.31954,0.32981,0.12266,-0.43124,2.5217,-1.261,-0.1711,-0.94357,0.18646,0.29744,-0.62888,0.35037,0.32212,-0.063907,0.45368,0.065194,-0.34698,0.026547,-0.41591,0.0098915,-0.8209,0.34565,-0.21978,-0.37525,0.35385,-0.062918,0.3994,-0.22483,0.27331,-0.28821,0.12289,0.039033,0.096729,-0.0017272,-0.068202,0.27507,0.9004,0.21533,0.086611,0.052077,0.088954,-0.29572,-0.017299,-0.26388,-0.58818,-0.070089,-0.32587,-0.088282,0.023006,0.029043,0.51864,0.001848,-0.85342,0.11648,-0.35655,0.010348,0.097805,0.62416,-0.047136,0.49243,-0.10637,-0.41987,-0.17545,0.18327,3.3939,0.55425,1.2836,0.086013,0.15624,0.61194,-0.35942,0.041034,-0.1429,0.12217,0.014557,-0.38275,-0.30006,0.42702,0.96864,-0.3332,0.45345,0.1788,0.41447,0.63855,0.15716,-0.060419,-0.15724,0.0090962,-0.16278,0.12618,-0.014069,0.2177,-0.11604,-0.18817,0.069956,0.080253,-1.013,-0.0080165,-0.085448,-0.67551,0.4491,-0.66443,0.2938,-0.14573,-0.22835,-0.052715,-0.039089,-0.23634,-0.037386,-0.1048,0.50921,0.031674,0.047703,0.028886,0.11561,-0.47478,-0.079402,0.60848,-0.43045,0.026644,-0.10078,-0.45692,-0.090085,-0.095608
0.76825,0.61734,0.2344,-0.037549,-0.14372,-0.19643,-0.16928,-0.090482,-0.058174,-0.036814,0.021179,-0.45541,0.0077673,1.1364,-0.2733,0.017177,-0.031609,-0.030962,0.013224,0.10961,0.23512,0.30979,0.2782,0.15695,0.0036378,-0.049755,-0.063991,-0.17738,-0.24969,-0.13351,0.17299,0.20481,0.17287,0.22819,0.2896,0.24527,0.12023,0.034293,0.068771,0.10078,0.081974,0.062145,0.069302,0.076408,0.050906,0.0405,0.076607,0.096196,0.039636,0.00070261,-0.027994,-0.059301,-0.026881,-0.021788,-0.040932,-0.019691,0.022301,0.056934,0.068005,0.12139,0.14067,0.11639,0.13876,0.14906,0.14698,0.14593,0.064498,-0.018328,0.022995,0.010079,0.0023236,-0.00216,0.00015423,0.0092117,-0.02593,-0.045578,-0.05072,-0.16664,-0.35168,-0.43609,-0.32738,-0.070587,0.084064,0.057535,0.0021378,-0.033119,-0.02148,-0.0056805,0.023647,0.050143,0.053838,0.086744,0.12541,0.097009,0.020219,-0.10287,-0.18904,-0.12208,-0.64966,-0.75445,-0.58476,-0.27447,0.089071,0.20882,0.25966,0.24302,0.17336,0.13546,0.17443,0.29652,0.44559,1.3044,-0.62774,-1.9611,-0.27081,-0.056913,-0.095255,-0.072984,-0.026497,0.12956,0.28106,0.30356,0.25121,0.13775,0.079307,0.084044,0.071821,0.11632,0.19288,0.22984,0.0051923,-0.36777,-0.34925,-0.25017,-0.21804,-0.083025,0.071897,0.15436,0.05466,-0.088011,-0.071345,0.0094556,0.15394,0.3003,0.3961,0.45881,0.4602,0.33248,0.16834,0.14481,0.20222,0.12587,-0.015061,-0.039682,-0.014193,-0.031942,-0.077038,-0.13554,-0.16889,-0.11769,0.048822,0.23052,0.30953,0.29271,0.19436,0.067228,-0.0029972,0.028135,0.080905,0.029418,0.0046476,-0.077809,-0.14503,-0.12827,-0.10529,-0.073495,-0.094482,-0.14101,-0.093809,-0.03442,-0.10885,-0.13219,-0.09314,-0.11063,-0.070598,0.02527,0.070206,0.019251,-0.01235,-0.033295,-0.036481,0.01823,0.034941,0.19704,0.25899,0.10381,-0.017099,0.023965,-1.4187,-2.1762,0.60028,0.24506,-1.335,-0.86732,2.0149,0.58987,0.65475,-0.17117,0.25394,-0.1525,0.14476,-0.14053,0.98485,-0.6075,-0.1429,-0.45729,-0.26185,0.53757,0.35823,0.58366,-0.28768,-1.3858,-0.44161,-0.85528,-0.36967,-0.83006,-0.24282,-0.6205,0.9129,-0.14122,-0.70447,0.75365,0.12513,0.79299,2.0996,-0.67473,1.8753,0.25513,-0.30866,0.74448,-0.18584,0.94825,-2.3858,0.77403,0.45537,0.92343,0.0012948,0.26606,0.053953,-0.68554,-0.18046,0.3783,-0.57373,-0.31102,0.24142,0.013662,0.020484,0.66953,-0.092647,0.37483,0.59826,-1.3745,1.8309,0.31627,-0.093686,0.25385,0.8183,0.23785,-1.1535,0.84391,0.38939,-0.33233,-0.40891,0.34491,-0.026646,0.33927,-0.11872,-0.17993,-0.019543,-0.58416,-0.16844,0.42851,-0.42295,0.059436,0.26097,0.13137,0.030968,-0.27157,0.059083,0.37612,-0.041141,1.6172,0.27977,1.1606,0.024698,-1.2599,0.53029,-0.26741,-0.77495,0.75994,1.4089,-1.1903,-0.89502,-1.8014,0.5072,0.0935,0.19258,-0.90627,-0.2338,-0.8778,-0.19004,-0.10268,0.26082,-0.2605,0.57548,0.65533,0.0054649,-0.49396,-0.087895,-0.41036,1.2154,-0.46394,2.0038,-1.7705,-0.79323,0.30986,-0.30124,0.50253,-0.36239,-0.16516,0.25733,0.77664,0.30218,0.48331,-0.67373,-0.51453,-0.22289,0.26775,-0.027455,0.22678,-0.34496,-0.24846,-0.14068,-0.32235,0.083501,0.24869,-0.10954,0.013145,-0.18687,-0.025794,0.8145,2.1408,-0.79189,0.60864,-1.006,1.4265,-0.17177,-1.6372,-1.6308,0.15403,0.6982,0.40142,-1.5983,0.38626,0.21886,0.52046,0.28298,0.12868,-0.20452,0.04402,0.29716,-0.083842,-0.32157,0.18151,-0.36251,-0.56941,0.20958,0.063866,-0.39322,0.73223
-0.11491,-0.21237,0.23114,0.53729,0.70115,0.39994,0.064507,0.057718,0.069012,0.051706,0.0693,0.10431,0.096738,0.09479,0.08028,0.058603,0.083591,0.11964,0.11436,0.066104,-0.52049,-0.61019,0.032032,0.26471,0.18045,0.06439,-0.0092014,-0.021849,0.080292,0.019229,-0.12454,-0.076589,-0.04806,-0.11775,-0.17302,-0.19429,-0.14122,-0.071202,-0.046281,0.032164,0.0833,0.066175,0.037601,0.0082512,0.049001,0.1015,0.074694,0.031274,0.0058538,-0.041231,-0.076121,-0.052734,-0.047363,-0.05682,-0.057196,-0.074746,-0.088818,-0.057093,-0.068305,-0.10987,-0.095283,-0.088011,-0.083449,-0.039878,0.0038389,0.022929,0.061187,0.073719,0.084404,0.14339,0.11306,0.029783,-0.029022,-0.08526,-0.026372,0.082964,0.059464,-0.14178,-0.21944,0.088561,0.27897,0.18043,0.071187,0.078815,0.081451,0.089322,0.082436,0.067698,0.067557,0.057282,0.068455,0.096034,0.099074,0.23647,0.18851,-0.47225,-0.48534,-0.13926,0.55973,0.89064,1.3121,0.77397,-0.28763,-0.39455,-0.37305,-0.29308,-0.044553,0.015454,-0.02702,-0.042769,0.0040148,0.03827,0.017853,0.04073,0.021764,0.099155,0.19823,0.21158,0.20948,0.18893,-1.1176,-1.0424,0.352,0.42334,0.33531,0.32777,0.35164,0.1505,-0.070575,-0.027488,0.15443,0.38001,0.27041,0.16298,0.077403,0.089544,0.11046,0.1061,0.095677,0.064991,0.013114,-0.059345,-0.13444,-0.15894,-0.08736,0.053339,0.16494,0.17264,0.116,0.038551,-0.0282,-0.037505,0.008463,0.022302,0.021191,0.06023,0.12594,0.15305,0.087278,0.04388,0.068325,0.058113,0.053508,0.093169,0.11543,0.038931,-0.093725,-0.19114,-0.15372,-0.091082,-0.093811,-0.09042,-0.074722,-0.054621,-0.16558,-0.25231,-0.21374,-0.1316,-0.078264,-0.24793,-0.38382,-0.21931,0.015058,-0.038469,-0.034137,-0.024983,-0.031389,0.012574,0.028851,0.11083,0.19395,0.18275,0.50945,0.74381,0.60957,-1.2837,-1.6547,-0.065816,0.36084,0.51497,2.2223,-2.2356,-0.13627,1.5673,0.25279,-0.8858,0.69226,-0.38128,-0.61019,0.063666,0.54372,0.18774,-0.28003,0.22385,-0.027477,-0.17647,0.98467,-0.050131,0.21263,0.017408,-0.12689,-0.16736,-0.16574,-0.12679,0.27854,-0.13407,-0.16985,0.3877,0.017633,0.14275,-1.3624,0.51798,1.1419,0.5895,-1.5583,0.48527,0.71343,0.69349,0.38074,0.062548,0.063694,0.2287,-1.0843,-0.024161,0.54482,-0.096968,-0.041105,-0.38169,-0.16402,0.31052,-0.22882,0.39113,-0.23974,0.23716,0.0048082,0.19577,0.09872,-0.044044,0.23903,-0.0048943,-1.1899,0.83134,-1.1099,-0.042069,-0.061259,-0.15879,-0.601,-0.055946,-0.077129,0.28153,0.22372,-0.34525,0.099345,0.48305,0.15834,0.36907,-0.089927,0.19885,0.15689,0.051211,-0.095693,0.22182,-0.021836,-0.27106,0.13512,-0.25545,0.0976,0.10182,-0.12094,-0.20848,-3.2581,0.14733,-1.3958,0.31004,-0.029429,-0.26158,1.2692,-0.074515,0.38097,-0.085932,-0.25146,0.2436,-0.17588,0.1778,-0.21153,0.41579,-0.31186,-0.37505,0.22696,0.046617,-0.105,0.096409,-0.29968,-0.066681,0.33261,0.41881,-0.43257,0.12158,0.073978,-0.182,-0.38062,0.076626,-0.63408,-0.091944,0.73479,0.56435,-0.0046646,0.47202,-0.47736,-0.29307,-0.096392,-0.11561,0.049736,0.0077223,-0.2583,0.0091634,0.045985,-0.019051,0.66659,-0.16084,0.3836,-0.33942,0.073375,-0.20475,-0.35879,0.23332,-0.085068,-0.39883,-0.27143,0.15361,-2.6694,0.32236,0.84933,1.6968,0.94484,-0.72375,1.3853,0.69769,0.25007,-0.2246,0.72125,0.41706,0.23235,-0.26887,0.017014,0.29461,-0.67492,-0.0043793,0.071647,0.59656,0.42951,-0.018347,-0.31418,-0.43276,-0.36145,-0.42806,-0.17509,-0.074915,-0.035501,0.11935
0.91537,0.50547,-0.10648,-0.2689,-0.06417,0.10786,0.08694,0.097821,0.11319,0.08197,0.060409,0.049957,0.055581,0.062994,0.088854,0.08871,0.060776,0.025,0.0023919,0.019469,0.051605,-0.39358,-0.49167,0.036324,0.066517,0.12231,0.060328,-0.060324,-0.025698,0.19235,0.38728,-0.055873,-0.085325,0.099184,0.058182,0.10758,0.080612,0.0047368,0.024699,0.063575,0.046354,0.075932,0.074022,0.071231,0.079883,0.074996,0.073863,0.044331,0.049556,0.076683,0.05347,0.073252,0.096607,0.087767,0.096468,0.052803,-0.015386,-0.049935,-0.057024,-0.058852,-0.057895,-0.045793,0.063121,0.16287,0.16776,0.15852,0.14982,0.042793,-0.033086,-0.0081242,-0.0030492,-0.040295,-0.14709,-0.15628,-0.13282,-0.080485,-0.081911,-0.168,-0.2643,-0.2802,-0.15826,0.058451,0.2066,0.2258,0.16316,0.13977,0.18203,0.19064,0.17373,0.16214,0.051305,-0.0178,0.021556,0.067082,0.1398,0.12535,-0.078994,-0.34169,-0.53762,-0.47602,2.439,1.7865,-0.28301,-0.20939,-0.32936,-0.43685,-0.24921,0.024225,-0.020853,0.0012221,-0.00053237,0.043476,0.096605,0.11191,0.14928,0.13045,0.19109,0.24512,0.23054,0.24401,0.25716,-0.92381,-0.64572,0.46701,0.40262,0.36077,0.33104,0.31909,0.33349,0.27639,-0.23697,-0.73268,-0.67863,-0.46889,-0.26537,-0.37822,-0.29041,-0.18146,-0.04154,0.040485,0.0029723,-0.19777,-0.3279,-0.21385,-0.020953,0.13068,0.15499,0.087612,0.085148,0.10892,0.037733,-0.13252,-0.28281,-0.3424,-0.34808,-0.2822,-0.15553,-0.082539,-0.072389,-0.09258,-0.10174,-0.04066,0.05827,0.14925,0.18326,0.14382,0.098469,-0.011394,-0.015229,0.036012,0.02572,-0.04437,-0.12303,-0.10901,-0.094224,-0.096103,-0.071532,0.014038,0.090992,0.099072,0.014872,-0.096164,-0.19308,-0.26702,-0.27807,-0.13485,0.0085906,-0.033607,-0.014553,-0.058569,-0.0063268,0.076964,0.093205,0.35301,0.53046,0.46686,0.41953,-1.974,-1.7536,0.61209,2.956,-0.64716,-0.64629,-1.4395,-1.1675,0.1395,-1.0616,0.25904,-0.42066,0.35224,0.51044,-0.15281,-0.44157,0.21656,-0.18026,-0.17408,0.32337,0.42574,0.2949,0.1407,0.11135,0.11087,0.16971,-0.19944,0.10781,-0.54387,0.17374,0.080042,-0.18096,-0.2351,-1.7345,0.16432,-0.46419,0.52309,-0.78179,0.35834,0.3453,-0.27325,0.50324,-0.31999,-0.20566,0.088948,-0.43912,-0.30517,0.43691,-0.25325,0.15326,0.15366,-0.27786,0.074,0.23318,0.024684,-0.18813,0.27646,0.12094,0.23497,-0.58618,0.019905,0.16208,-0.17043,-1.3914,-0.6396,-0.95785,-0.73834,-1.0207,0.28804,0.02696,-0.1261,0.90175,-0.31847,-0.081068,-0.094238,-0.36821,-0.2852,0.053791,0.41971,-0.19932,-0.23033,-0.081276,0.07382,-0.13467,-0.10322,0.081111,-0.24395,0.31544,0.051146,0.16393,0.2825,-0.14964,0.092908,-3.8723,-0.66022,-0.31866,1.6715,-0.13851,-0.55841,0.37434,0.46145,0.030514,-0.2986,-0.1987,0.24318,-0.61529,0.40588,0.31772,-0.078434,-0.059482,-0.1232,-0.050482,0.024232,-0.19542,-0.10724,-0.29398,0.2455,0.43447,-0.17384,0.18997,-0.23825,-0.020537,-0.22322,-0.96529,0.65134,0.77468,0.68383,0.40862,-0.35922,0.44902,0.11553,-0.3059,0.055194,-0.094392,0.21317,0.21295,0.27301,-0.030038,-0.088091,0.25416,0.26376,-0.14911,0.13874,-0.050724,-0.38943,-0.023287,0.025858,0.17833,0.18472,-0.046209,-0.35545,0.043965,-0.22089,-2.1806,-0.82851,0.46316,2.702,-1.0606,-0.72811,-0.33258,0.24325,-0.7993,0.91074,1.0269,-0.57631,0.85999,-0.018533,0.092661,0.92962,-0.24335,-0.10597,0.26359,0.39772,0.10451,-0.029503,0.20973,0.074985,-0.30358,0.045623,-0.041697,-0.10356,-0.092029,0.14546
0.22873,0.25097,0.056876,-0.21337,-0.3064,-0.13184,0.063061,0.060413,0.1171,0.23008,0.21267,0.19571,0.18509,0.13698,0.133,0.15926,0.13361,0.093307,0.069909,5.2587e-05,-0.09943,-0.25729,-0.44726,-0.48848,-0.20181,0.17375,0.26962,0.20442,0.11094,0.063989,0.048789,-0.00054566,0.15825,0.48409,0.35645,0.012251,-0.017171,-0.061763,-0.099803,-0.068706,-0.036155,-0.059595,-0.081921,0.029025,0.13662,0.13367,0.13286,-0.041647,-0.21549,-0.17288,-0.17571,-0.18983,0.074666,0.3416,0.21492,0.0062542,-0.022537,-0.043169,-0.0541,-0.05193,-0.032178,-0.0058864,0.016808,0.026177,0.023828,0.024839,0.019332,0.014813,0.012477,-0.065589,-0.13433,-0.12125,-0.083029,-0.074772,-0.074714,-0.036865,0.026855,0.0081879,-0.16778,-0.32812,-0.32274,-0.10093,0.095387,0.17727,0.20861,0.19465,0.16061,0.15209,0.099289,0.06058,0.076463,0.098385,0.068153,0.064238,0.021608,-0.15314,-0.24041,-0.14551,0.064829,0.16313,-0.49669,-0.35867,-0.14246,-0.060418,-0.064732,-0.12256,-0.23533,-0.28394,-0.13833,0.025072,-0.014963,-0.011122,-0.025369,0.078462,0.1972,0.19599,0.14992,0.10995,0.095277,0.1751,0.20683,0.0094351,-0.27145,-0.32174,-0.05698,0.088387,0.081535,0.074353,0.093287,0.096936,0.079909,-0.37486,-0.48285,-0.30163,-0.24263,-0.16942,-0.14204,-0.098909,-0.066822,-0.054999,-0.065707,-0.060751,-0.068734,-0.085826,0.074098,0.3487,0.34533,0.15283,0.088804,0.14399,0.17999,0.10593,-0.056753,-0.20042,-0.26609,-0.25551,-0.22936,-0.20084,-0.15338,-0.050221,0.10948,0.24859,0.30419,0.29117,0.21896,0.11185,0.071167,0.077212,0.0417,-0.035811,-0.052285,-0.031166,-0.011988,0.0056713,0.028516,0.058884,-0.017817,-0.072159,0.013694,0.1002,0.093382,-0.13635,-0.37037,-0.25429,-0.0056107,-0.014429,0.023648,0.025941,0.048325,0.091479,0.10957,0.10944,0.26128,0.33479,0.20324,0.045178,-0.033411,0.028666,0.21244,0.3311,-0.063155,-0.72425,-1.4471,0.20481,-0.19402,-0.612,0.78288,0.29878,-0.75897,0.12041,0.56583,0.25498,0.23562,0.12919,0.23974,0.63549,0.78917,0.33673,0.41369,0.088644,0.40579,-0.31293,0.31664,-0.2635,-0.0048702,-0.095629,0.00078895,-0.35447,0.051946,-0.10563,2.5378,0.48987,-0.75996,0.18232,-1.0064,0.2861,-0.068558,-0.2279,-0.065224,0.21249,0.36198,0.047872,0.056658,-0.0013174,0.16349,0.65487,0.25514,0.53465,0.092488,-0.16534,0.3891,0.21982,-0.19977,0.18216,0.28776,-0.088742,-0.15057,-0.020205,0.23839,0.18097,2.2341,-0.604,0.68535,-0.81557,0.083515,0.33538,-0.16162,-0.073838,0.63774,0.23011,-0.080515,0.17772,-0.23949,0.33106,0.50998,0.12768,0.020864,0.20447,0.31473,-0.093484,0.63685,0.20392,0.6436,0.4037,-0.040603,0.021644,0.094854,-0.063153,-0.15242,-0.15497,-0.53392,0.89945,0.56512,0.27993,0.1607,0.32479,-0.093746,0.56827,-0.090436,-0.5223,-0.36348,0.12145,-0.15724,-0.058268,0.27399,0.1963,0.2111,-0.45209,0.3476,-0.20976,-0.042985,-0.31404,-0.096306,0.24032,0.024636,0.39113,-0.32386,0.20593,-0.33483,0.045469,2.9895,-0.030313,1.0653,0.14944,-0.22398,-0.087181,-0.24108,0.22702,-0.23436,-0.44444,-0.18518,-0.49303,0.27883,0.59143,-0.15067,0.0020904,-0.012858,-0.29928,0.068229,0.083074,0.0226,-0.15095,0.64592,-0.3892,0.2928,0.060052,-0.08476,-0.13743,-0.47388,0.081655,-0.50248,0.87756,-0.94869,-0.076316,-0.14438,-0.21478,-0.086513,-0.11398,0.21543,0.23434,-0.07626,0.32004,0.006713,-0.014095,0.1692,0.52008,0.015136,0.51281,0.017337,0.05842,0.1401,-0.29343,-0.051777,0.11561,0.25056,-0.47635,0.15154,0.0086788,0.3573,-0.054198
0.2637,-0.081401,0.0083141,-0.22086,-0.067888,0.23061,0.30751,0.20919,0.13366,0.05851,0.055894,0.086554,0.074161,0.077586,0.077052,0.076604,0.098644,0.068321,-0.020328,-0.077594,-0.070698,-0.44007,-0.47969,0.044391,-0.0055058,-0.07116,-0.049683,0.045638,0.10506,0.031235,-0.094218,-0.015719,0.079897,0.019299,-0.019723,-0.13267,-0.15842,-0.1213,-0.040972,-0.014956,-0.020228,-0.022214,-0.037704,0.079901,0.12574,0.068409,0.1174,0.19651,0.23924,0.19673,0.15056,0.12394,0.14826,0.19507,0.16316,0.096427,-0.0051792,-0.079629,-0.079419,-0.07157,-0.067318,-0.037557,-0.013809,0.0032085,0.042274,0.062625,0.051254,0.081501,0.062996,0.07155,-0.01028,-0.22709,-0.29247,-0.23029,-0.11354,0.00043652,-0.096397,-0.28525,-0.19912,0.11551,0.30127,0.27995,0.21276,0.17498,0.20786,0.23673,0.21837,0.22118,0.12537,0.041137,0.041709,0.073409,0.11022,0.16033,0.24233,0.19294,-0.044646,-0.45769,-0.58098,0.27704,1.9321,1.0592,-0.43126,-0.36319,-0.38834,-0.46185,-0.37891,-0.16853,-0.16007,-0.13635,-0.093066,-0.067167,-0.050423,0.023601,0.042906,0.16126,0.26519,0.2341,0.17665,0.1415,0.15546,-1.0617,-0.99403,0.26642,0.19619,0.14129,0.12731,0.13522,0.15112,0.063097,0.087797,0.43279,0.33391,-0.052113,-0.037326,0.17586,0.23575,0.253,0.13408,0.014337,-0.0024476,-0.052302,-0.051685,-0.071108,-0.024842,0.1374,0.32944,0.48829,0.54654,0.44833,0.18977,-0.13393,-0.32346,-0.33173,-0.2396,-0.12993,-0.091947,-0.085598,-0.047286,-0.061069,-0.042316,-0.097125,-0.15576,-0.12657,-0.082096,-0.0013538,0.022276,0.061003,0.099754,0.1196,-0.011788,-0.11787,-0.10033,-0.10954,-0.114,-0.095805,-0.16585,-0.18494,-0.20694,-0.16023,-0.038365,-0.081133,-0.13224,-0.041197,0.067621,0.0076192,0.011862,-0.036765,-0.0079662,0.033463,0.037217,0.075652,0.065845,0.30296,0.47732,0.39835,0.18694,-1.8765,-0.56342,1.447,2.4268,-1.2806,0.3372,-0.69177,-2.4017,-0.18715,-0.075266,-0.49985,-0.279,0.055541,0.26563,-0.51851,0.87028,-0.15955,-0.47941,0.38341,0.55226,0.37619,-0.082654,-0.054067,-0.069776,-0.96787,0.1606,0.45864,-0.046896,0.18794,0.14113,-0.029289,0.0023173,-0.55223,-1.7835,-0.0024244,0.39941,0.6116,-0.9879,0.1588,1.2257,1.2081,0.59178,0.28237,-0.020762,0.065257,-0.21746,-0.40841,0.1651,-0.40563,0.40988,-0.31382,0.03352,0.1555,0.0075292,-0.24102,0.12476,0.061604,0.39553,0.28488,-0.3566,0.0093182,0.21124,-0.11885,-1.4327,-0.32035,-1.2942,-0.1783,-0.70504,-0.56443,-0.96606,-0.13637,0.061257,-0.39029,-0.18871,0.076906,-0.38957,0.20501,0.45951,-0.25739,-0.21434,-0.25363,0.21038,0.45108,-0.24821,-0.17157,-0.17572,0.26527,0.27913,-0.18409,0.23434,-0.34894,0.053096,-0.32777,-3.554,-0.7236,-0.74205,0.22667,0.44616,1.4867,-0.50383,-0.17024,-0.13824,-0.15804,0.13307,-0.087615,-0.28658,-0.27905,0.011,0.93316,0.089543,-0.44064,0.045111,0.2928,0.47602,-0.63033,0.21901,0.3763,0.39642,-0.019114,0.35529,0.29162,0.10108,0.004154,-0.9988,0.58645,0.092241,0.23543,0.85761,0.54698,-0.43123,0.36416,-0.024202,0.0011199,0.31854,-0.063115,-0.055103,0.27806,-0.27577,-0.19129,0.17529,-0.37091,-0.154,-0.49275,-0.22405,-0.038177,0.050062,0.19677,-0.022982,0.073273,0.15465,-0.47448,-0.010847,0.091365,-3.9896,-0.24823,0.16583,0.15415,0.32645,-0.45899,-0.60379,-0.41873,0.74998,-0.23477,-0.27604,0.14081,-0.99712,-0.034768,-0.1897,0.25138,-0.35615,0.03822,-0.4473,0.37209,0.017563,0.2736,-0.49444,-0.16863,0.16734,0.048005,0.011112,-0.44738,-0.15116,-0.077177
0.016932,-0.038644,0.39819,0.39084,0.32053,0.35866,0.27238,0.055011,-0.04511,-0.081402,-0.10018,-0.11467,-0.08091,-0.043842,-0.058965,-0.085339,-0.11615,-0.11841,-0.067762,0.013269,0.082651,0.11333,0.092326,-0.031399,-0.11831,-0.027307,0.16043,0.27961,0.23075,0.032858,-0.27056,-0.40006,-0.35736,-0.41469,-0.20485,0.0078722,0.083449,0.099385,0.051249,0.061163,0.071671,0.03273,0.0080897,-0.0079483,0.020968,0.047577,0.022425,0.015503,0.025979,-0.0095035,-0.062018,-0.052136,0.0053728,-0.015499,-0.058646,-0.10433,-0.16919,-0.16934,-0.11868,-0.047979,-0.055951,-0.09518,-0.076237,-0.072179,-0.079614,-0.098279,-0.1482,-0.19146,-0.083847,0.070674,0.051685,-0.03871,-0.053416,0.11911,0.26617,0.2916,0.24,0.14655,0.16371,0.29427,0.28281,0.14048,0.093645,0.13813,0.14217,0.10988,0.097243,0.036479,-0.0060512,0.011417,0.032,-0.0018267,0.07003,0.21957,-0.22172,-0.26054,0.13465,0.40343,0.57729,0.62455,1.0569,0.28142,-0.34119,-0.38146,-0.40848,-0.46537,-0.38286,-0.12633,-0.039334,-0.01328,-0.018373,-0.032755,-0.035741,-0.0056143,0.0098152,-0.00038403,-0.0074418,0.0136,0.055917,0.11194,0.16799,0.18148,0.14191,0.18853,0.23282,0.22287,0.2965,0.34637,0.36028,0.33233,0.31143,0.65724,0.80553,0.42985,0.094196,-0.050199,-0.17643,-0.25846,-0.25639,-0.23463,-0.21579,-0.18496,-0.14538,-0.091305,-0.041239,0.026596,0.13715,0.21274,0.20996,0.14897,0.044599,-0.083392,-0.06931,0.029701,0.077922,0.073628,0.1233,0.21462,0.23837,0.20665,0.15802,0.17118,0.23373,0.25705,0.20811,-0.073433,-0.39139,-0.4439,-0.27714,-0.10247,-0.042775,-0.037901,-0.046169,-0.16747,-0.24337,-0.21428,-0.20752,-0.2017,-0.20533,-0.22098,-0.23723,-0.20416,-0.069991,0.0051664,-0.021815,0.0038237,0.012724,0.067608,0.13909,0.16503,0.1757,0.36143,0.54145,0.45138,-1.7013,-1.8752,0.17824,0.4418,0.53252,0.62032,1.2152,-2.1082,1.4016,0.66534,-0.19973,1.2303,0.42311,0.84983,-0.35764,0.43139,1.0799,0.031166,-0.78571,0.29482,-0.62221,0.47499,0.079047,0.081014,0.05733,0.46323,-0.50195,-0.032915,0.19873,-0.45857,-0.12914,-0.19917,0.097447,0.0035113,-0.26433,0.2181,-0.69408,-1.0353,1.9157,0.96054,-0.84486,0.063682,0.23105,-0.69047,-0.67399,-0.50566,0.54602,-0.32591,-0.29263,0.18589,0.64465,0.066342,-0.14426,0.093716,0.0015441,0.040339,0.81292,0.23039,0.16735,-0.15944,-0.43421,0.26424,-0.53567,0.054595,0.15743,0.17865,0.28804,1.6597,-2.1205,0.12723,-0.76256,-0.23975,-0.23096,-0.55537,0.37855,-0.41473,0.11775,0.54952,0.62918,0.30489,0.38033,0.3034,-0.45726,0.30306,0.34619,0.10442,0.16599,-0.41583,0.2169,-0.20321,0.26726,0.069392,-0.015737,0.026624,-0.18346,0.23253,-0.89818,-0.88428,-1.9893,0.069838,-2.2294,0.18082,0.54636,0.55896,0.04948,-0.40345,0.194,-0.29107,1.2179,0.043487,0.37412,0.22349,0.61667,-0.27091,0.42623,-0.62291,0.025944,0.13855,-0.072451,0.18881,0.25123,-0.19767,0.056966,0.27039,-0.027285,-0.13773,0.51104,0.76377,-2.3188,0.59902,0.66064,0.011702,0.21943,0.020682,-0.10742,0.65162,-0.0032795,0.34741,-0.2923,0.027361,-0.024089,0.076696,0.84178,-0.51444,0.6007,0.15285,-0.48495,-0.10485,0.18263,-0.27992,0.016659,0.13992,-0.0042627,-0.23229,-0.34364,0.18307,-0.22685,-0.27883,1.6513,0.97451,1.3995,-0.24299,0.091556,0.5262,-0.041587,0.6536,0.56961,0.39693,0.91838,-0.54011,-0.43948,1.2489,-0.56255,-0.014215,0.27716,0.27557,-0.35112,0.07609,0.23463,-0.37551,-0.12656,-0.31183,0.30659,0.11913,-0.12598,-0.2829
0.26463,0.019114,0.24057,0.21598,0.16547,0.10562,0.06833,0.016415,-0.026077,-0.067563,-0.087829,-0.089444,-0.061779,-0.099138,-0.23971,-0.33494,-0.24492,-0.03194,0.012799,0.15019,0.291,0.36609,0.38481,0.32553,0.19823,0.087602,0.031801,-0.061542,-0.10029,0.0065606,0.090507,0.12074,0.13416,0.10031,0.010428,-0.058285,-0.030209,-0.0099376,0.042004,0.075057,0.066683,0.045951,0.013574,-0.015804,0.0039232,0.038812,0.028291,0.021218,0.022157,-0.027112,-0.086882,-0.076354,0.0029904,-0.036039,-0.16399,-0.12833,-0.071613,-0.04095,-0.0082383,-0.0031677,-0.013715,-0.020245,0.011666,0.053261,0.033175,-0.047889,-0.086996,0.014481,0.13923,0.10119,0.09366,0.12659,0.12935,0.094437,0.054949,0.055143,0.067127,-0.0027086,-0.11908,-0.1345,-0.042768,0.034941,0.06596,0.085664,0.10711,0.13458,0.13968,0.12682,0.11865,0.043042,0.0028821,0.056237,0.10059,0.10225,-0.065007,-0.17947,-0.15561,-0.60929,-0.57903,0.33809,1.3115,0.53204,-0.19693,-0.16632,-0.16886,-0.18193,-0.1586,-0.091827,-0.062295,0.01432,0.14408,0.34032,0.4642,0.30093,-0.19403,-0.48155,-0.30429,-0.084584,-0.01884,0.064222,0.12498,0.14579,0.10774,0.011325,0.11253,0.2161,0.18334,0.17001,0.073574,-0.058483,-0.13284,-0.011747,-0.042843,-0.12791,0.06248,0.12549,0.093689,0.083367,0.062267,0.030374,-0.035044,-0.12244,-0.18332,-0.184,-0.1286,-0.0043551,0.15474,0.23455,0.21401,0.13478,0.033774,-0.045274,0.066284,0.21796,0.30594,0.31807,0.19095,0.0077343,-0.051882,-0.10936,-0.14105,-0.12332,-0.026134,0.14576,0.34386,0.45427,0.44946,0.36816,0.10534,-0.092582,-0.11033,-0.10264,-0.091944,-0.072955,-0.097578,-0.16546,-0.1843,-0.14161,-0.092713,-0.090271,-0.015498,0.059735,-0.006961,-0.066856,-0.050467,-0.035145,-0.073232,-0.063878,-0.068193,0.0057202,0.12103,0.18135,0.17645,0.073441,0.025463,0.060176,-0.037087,-1.7376,-1.3734,0.60331,2.1453,-1.8957,-0.93282,1.0935,0.33558,0.70393,0.51699,0.49724,0.50232,0.28585,0.36667,0.25183,0.091897,0.41906,0.10955,-0.011605,0.31943,0.26069,0.27951,0.07003,-0.13938,0.16938,-0.26389,-0.16819,-0.45842,-0.23119,-0.16402,0.1458,0.099265,-0.0080052,-0.28065,0.3313,0.79683,-0.30151,-0.62397,-0.3871,-0.016201,0.032182,-0.40324,-0.62508,-0.38327,-0.09176,-0.53306,-0.49536,-0.3013,0.030858,0.088127,0.079273,-0.38619,0.25867,0.50774,-0.05482,0.017894,-0.10102,0.029972,-0.27904,0.13613,-0.17868,-0.11445,-0.08925,-0.17052,1.1664,-1.2394,-1.5578,0.29156,0.23806,0.23225,0.81678,0.19691,0.63557,-0.36838,-0.30844,0.27806,0.0041638,0.2998,-0.0069294,0.36365,0.075921,0.15366,-0.35575,-0.17197,-0.33757,0.1037,0.030478,0.063272,0.27669,0.027344,-0.21603,-0.081438,-0.11071,-1.5411,0.48079,-1.3068,0.74869,1.8678,0.23273,-0.48207,0.36363,-1.0979,0.028834,0.50673,-0.39282,0.072439,0.1578,0.051138,0.20547,0.049106,-0.088853,0.25252,-0.36196,-0.15609,0.19653,-0.30385,-0.52791,-0.064281,-0.16347,0.064202,0.18364,0.24375,-0.17252,0.50833,-0.1616,-0.51517,1.2336,0.28525,0.1743,0.20916,-0.47925,0.026365,0.12905,-0.36008,0.031508,0.4397,-0.23365,-0.11279,0.0046332,-0.24241,0.024609,0.30315,0.58649,-0.21296,-0.21378,0.37051,0.03225,-0.19143,-0.13781,-0.11889,-0.16013,-0.04823,0.076144,-1.9363,0.77632,1.3426,-1.0753,-1.1032,-0.24071,-0.076478,-0.91514,-0.50049,0.57807,0.065268,-0.4691,0.23537,-0.41785,-0.50579,-0.010014,-0.58899,-0.65486,-0.30518,0.24636,0.15035,-0.23234,-0.068927,-0.078743,-0.40614,-0.14111,0.26224,-0.068195,0.20737,-0.10893
0.29525,0.011156,0.17972,0.4137,0.38571,0.093417,-0.061259,-0.078994,-0.10769,-0.052409,0.026725,0.021209,0.019362,0.014544,-0.0013473,-0.081155,-0.064541,0.32088,0.65321,0.58071,0.36381,0.22557,0.15126,0.092601,0.052503,0.01604,-0.075315,-0.24032,-0.27291,0.021538,-0.066738,-0.29453,-0.2511,-0.30941,-0.13429,0.050362,0.095417,0.079554,0.014654,-0.047587,-0.091498,-0.11534,-0.12593,-0.13883,-0.036953,0.028691,0.087549,0.19633,0.2001,0.11339,0.092078,0.1498,0.17739,0.048293,-0.036803,-0.0074027,-0.016155,-0.041723,-0.035221,-0.015761,0.0090252,0.020458,-0.0051329,-0.018153,-0.0025317,0.0082378,-0.028915,-0.072379,-0.031893,0.0045348,0.055893,0.11571,0.1782,0.18241,0.17702,0.24819,0.30605,0.24662,0.16802,0.16944,0.095329,-0.038346,-0.051608,-0.024114,-0.0087768,-0.014707,-0.016785,-0.0098759,-0.0072255,-0.0042537,0.0016542,0.014315,0.041405,0.10644,0.19723,0.26754,0.25463,-1.009,-1.0258,0.20042,1.2632,0.85832,-0.14247,-0.33226,-0.34572,-0.25638,-0.13393,-0.14093,-0.12015,-0.036,0.057721,0.062608,0.066867,0.076679,0.065422,0.044141,0.14208,0.34249,0.43102,0.4874,0.49029,0.31878,0.10818,0.017441,-0.05919,0.031151,0.11276,0.068672,0.060988,0.11665,0.1906,0.56459,0.71543,0.3333,0.012783,-0.1102,-0.20268,-0.22633,-0.17215,-0.093815,-0.014538,0.04908,0.058321,0.062466,-0.092292,-0.16687,0.02889,0.21744,0.18483,0.14567,0.10845,-0.14542,-0.20541,0.034966,0.15575,0.087196,-0.0096815,-0.0014979,0.060569,0.11064,0.13307,0.1042,0.060627,0.092636,0.13625,0.094884,-0.030144,-0.07889,0.010088,0.048487,0.075318,-0.12294,-0.28033,-0.25647,-0.22595,-0.17733,-0.14077,-0.13314,-0.13594,-0.14567,-0.043594,0.079461,0.043687,-0.0060087,-0.027374,-0.025103,-0.001202,0.019195,0.027705,0.047476,0.068917,0.093629,0.096241,0.066241,0.059806,0.061792,-0.021867,-1.0886,-0.76191,0.47068,-0.34548,-2.1708,0.55736,0.46394,1.4413,-0.3036,0.036207,0.038811,0.44753,0.60052,-0.0065602,-0.074331,0.35996,0.3482,0.27659,-0.16195,0.41519,0.88573,-0.27686,-0.18323,-0.013716,0.11512,0.16538,-0.042876,-0.26692,0.062954,-0.16852,-0.06631,-0.19142,0.26171,0.54665,-0.63142,2.583,0.09483,-0.68727,-0.11217,0.19295,-0.10914,-0.68687,0.10385,-0.30474,-0.029954,-0.68497,-0.47866,0.81569,-0.27279,0.30521,0.21653,-0.16245,-0.058546,0.41636,-0.67382,0.22883,-0.48233,-0.44962,0.02851,-0.28954,-0.32061,0.3591,0.013338,0.96721,1.9853,-1.2038,-0.067971,0.67178,0.53175,0.46029,0.52275,-0.16861,0.16665,-0.40536,-0.27829,-0.29852,0.18105,0.24231,-0.22198,-0.11269,-0.24697,-0.021679,0.35145,0.05574,-0.18927,0.1713,-0.71246,0.46441,0.20075,-0.32221,0.22281,-0.19574,0.23389,-0.92997,-0.2256,-2.5833,0.16805,-0.19541,-0.054192,-0.50722,-0.093056,-0.22855,-0.22292,0.098508,0.53332,-0.43511,-0.36175,0.13024,0.6638,0.27145,0.52242,-0.422,-0.57054,-0.16256,0.037888,-0.51341,-0.22151,-0.20581,-0.23983,-0.7944,0.21963,0.5457,-0.46043,1.524,0.24286,-2.0488,-0.193,0.23403,-0.046998,0.20008,-0.4138,0.50226,0.28459,0.29406,0.17514,0.40271,-0.17156,-0.15598,0.2617,-0.32169,0.25025,0.85577,-0.024329,-0.4434,-0.27228,-0.35714,-0.0037253,0.25356,0.16606,-0.21866,-0.14704,0.010684,-0.23689,-1.1944,0.22909,2.317,0.30111,0.076163,0.0077178,-0.68665,-0.37916,-0.0097278,-0.094425,-0.45332,-0.096424,-0.27305,-0.31648,-0.55274,-0.22985,-0.25269,-0.21707,0.18346,-0.60232,1.334,-0.33245,-0.33629,-0.069346,-0.28522,-0.3084,0.20792,0.048738,0.37177,0.17716
-0.53953,-0.38891,-0.22485,-0.30818,-0.31493,-0.21891,-0.072591,-0.019436,-0.023591,-0.028362,-0.045262,-0.059864,-0.074048,-0.040922,0.0026665,-0.0025368,-0.016168,-0.033799,-0.0067659,0.10337,0.22938,0.28467,0.23929,0.10189,0.1207,0.31676,0.3548,0.2016,0.0031521,-0.14895,-0.35251,-0.43723,-0.39329,-0.45228,-0.2641,-0.065473,-0.0084001,-0.010297,-0.0091053,-0.011576,-0.02829,-0.033883,-0.040867,-0.055799,-0.049009,-0.042556,-0.033255,0.0032167,-0.045047,-0.16676,-0.15579,-0.085836,0.050857,0.24091,0.28639,0.20692,0.10479,0.080944,0.088553,0.10219,0.036999,-0.04635,-0.026896,-0.017476,-0.01985,-0.032107,-0.068814,-0.11545,-0.091804,-0.00069102,0.058822,0.094876,0.072982,0.057347,0.12273,0.27382,0.41327,0.45433,0.31434,0.16302,0.26441,0.29126,0.09814,-0.030359,-0.02664,-0.020155,-0.018223,-0.016859,-0.061784,-0.10628,-0.1125,-0.11965,-0.12369,-0.067554,-0.0056138,-0.016877,-0.062425,-0.13223,-0.1231,-0.089466,0.24959,0.35268,0.33184,0.33747,0.33467,0.30545,0.21013,0.096329,0.017598,-0.0094554,-0.033058,-0.052001,-0.050457,-0.05622,-0.051476,-0.035121,-0.022098,-0.01643,0.011904,0.091587,0.17474,0.19345,0.13664,0.072375,0.1999,0.28688,0.25592,0.25969,0.29233,0.40946,0.46512,0.64287,0.79546,0.4089,0.14527,0.062814,-0.016397,-0.023854,0.0020958,0.036931,0.048553,0.032213,0.0078576,-0.0060549,-0.016012,0.022413,0.10511,0.083624,-0.054715,-0.19882,-0.14331,0.13855,-0.0054621,-0.28995,-0.37391,-0.22801,-0.030902,0.069493,0.15914,0.26634,0.26146,0.19104,0.20718,0.22303,0.17801,-0.069457,-0.38704,-0.46074,-0.2965,-0.13002,-0.17434,-0.24488,-0.2319,-0.21211,-0.17877,-0.23375,-0.29597,-0.29895,-0.23524,-0.14148,-0.14894,-0.18209,-0.10405,0.03626,0.028521,0.018217,0.019986,0.027505,0.02517,0.0054765,-0.018613,-0.054233,-0.093105,-0.15341,-0.20202,-0.2395,-0.32465,-0.41995,-0.39592,-0.32417,-0.99788,-2.2476,0.89968,-0.67342,0.55756,-0.31163,1.2103,2.1815,-0.49538,0.53472,0.67306,0.0067008,0.1567,-0.073212,0.18146,-0.52413,-0.1721,0.041246,-0.38024,0.26435,0.48856,-0.10687,0.24924,0.18829,-0.098348,0.28881,0.028699,0.16357,0.098188,-0.035192,2.4917,0.50224,2.1171,-0.037543,-2.0793,-0.054797,1.5381,-1.317,-0.95931,0.53161,-0.0017677,0.44622,-0.028999,-0.2343,-0.028418,0.40311,0.65211,-0.25699,-0.12239,0.19182,0.14581,-0.23048,-0.070211,0.47392,0.35043,-0.22234,-0.081533,-0.14848,-0.12837,0.063165,2.2743,1.9425,-0.30455,0.59714,0.55661,-0.61965,1.3212,0.00093189,0.32996,-0.73032,0.10075,0.037535,-0.17751,0.092149,0.44747,0.034095,-0.70298,0.40198,-0.43381,0.38388,-0.33951,0.021834,-0.09506,0.70323,-0.18657,-0.13099,-0.286,-0.03129,-0.03812,-0.041996,0.30119,1.4148,-1.8425,-0.57627,-0.77774,-0.98772,-1.5281,-0.099619,0.12332,0.28376,-0.11019,0.108,0.086338,0.43063,0.037561,0.12917,-0.26332,0.23631,0.35815,0.21092,-0.69339,-0.31361,0.19615,0.075902,0.11593,0.41922,0.16299,0.33172,-0.050745,0.057255,3.1494,-0.90636,-1.4161,-0.94163,1.0799,-0.75337,0.45136,-1.4353,-0.60652,-0.18008,-0.082844,-0.098151,-0.4466,0.27572,0.04926,-0.38612,0.50001,-0.28463,0.26764,-0.34902,-0.42265,0.20317,0.39439,-0.018161,0.1257,-0.11036,0.11562,0.05008,0.10649,0.17091,0.50985,1.5492,1.3934,0.42304,0.91541,1.0955,0.12173,-0.83184,1.3471,0.11744,0.20146,-0.029873,0.17552,-0.22718,-0.22326,0.10666,-0.37631,-0.2282,0.067732,0.26264,-0.0019733,-0.75385,0.017739,0.12238,0.3293,0.15421,-0.43889,0.056363,0.27684,0.10942
0.42706,0.29945,-0.01161,-0.18849,-0.22736,-0.18658,-0.062012,0.080206,0.12839,0.095505,0.036426,0.018977,0.030559,0.033081,0.029884,0.009377,-0.028928,-0.072527,-0.090158,-0.064952,-0.57318,-0.59448,0.23973,0.35738,0.3506,0.25487,0.20765,0.22679,0.079457,-0.12146,0.22072,0.18729,0.34219,0.39278,0.27519,0.32127,0.29645,0.20406,0.098388,0.034757,0.017757,0.021504,0.017973,0.0022765,0.010767,0.013065,-0.090336,-0.23693,-0.30715,-0.28871,-0.19558,-0.20825,-0.18159,-0.13671,-0.046678,0.037193,0.061951,0.078321,0.13548,0.1622,0.11885,0.12615,0.1938,0.15353,0.066559,0.060511,0.047379,0.054082,0.1083,0.076056,0.077625,0.20644,0.19126,0.14428,0.071781,-0.016779,-0.071534,-0.17067,-0.25735,-0.29339,-0.30748,-0.26666,-0.19276,-0.16872,-0.15834,-0.12343,-0.064314,-0.026017,-0.029039,-0.029861,-0.040401,-0.046236,-0.074297,-0.14756,-0.18672,-0.14073,-0.093853,-0.1281,-0.46231,-0.65457,-0.42121,-0.10383,0.26442,0.36752,0.39337,0.30419,0.11531,-0.054953,-0.15316,-0.14728,-0.051859,0.054548,0.096984,0.099768,0.091336,0.059377,0.0039453,-0.046879,-0.058463,-0.040243,-1.5381,-1.4257,0.35573,0.34727,0.24723,0.27374,0.32624,0.30962,0.30266,0.32975,-0.11938,-0.6823,-0.48589,-0.25144,-0.25848,-0.37293,-0.33371,-0.20641,-0.043026,0.067974,0.082706,0.034886,-0.025188,-0.049163,-0.047069,-0.14709,-0.29662,-0.35989,-0.36929,-0.22285,0.11864,0.17089,0.037982,-0.042638,-0.053407,-0.054836,-0.075042,-0.091262,-0.13777,-0.23779,-0.32261,-0.25119,-0.064804,0.10052,0.17229,0.13162,0.099596,0.1169,0.050639,0.059208,0.17635,0.22434,0.22278,0.23256,0.15633,0.10849,0.16111,0.18163,0.19475,0.22853,0.24264,0.21137,0.14287,0.05415,-0.022734,-0.086247,-0.10785,-0.034529,0.048798,0.061432,0.0035958,-0.047526,-0.015951,-0.020554,-0.065006,-0.037405,-0.020421,-0.071596,-0.39664,-0.64079,1.4886,-1.1254,-2.1763,-0.099644,1.3323,-1.6136,-0.43835,1.2598,-0.035424,-0.29799,-0.4159,-0.41306,-0.036088,-0.12402,-0.32332,-0.30749,0.21509,0.37335,0.041701,-0.063873,-0.52978,0.49855,-0.17762,-0.47867,-0.53648,-0.29401,-0.29218,-0.070717,0.63227,0.4129,-0.15902,1.5842,0.26266,-0.60154,1.9151,-0.23005,2.0551,-0.45387,-1.0976,0.84208,-0.7272,0.86866,-1.7131,0.73304,-0.0041974,0.83425,-0.19315,0.15245,-0.78317,-0.94486,0.51102,-0.12662,0.28441,-0.89381,-0.50795,-0.07623,0.21139,0.29681,-0.25083,0.21394,1.1331,-0.32326,2.1673,-0.078213,0.24104,-0.26129,1.0236,1.1237,0.034209,1.4164,0.38689,0.21425,0.21543,0.11683,-0.39689,-0.39833,0.45518,0.25227,-0.12043,-0.82705,-0.29803,0.07627,0.15343,0.017454,0.2381,0.077436,-0.19626,0.062234,0.089004,-0.15227,-1.0886,3.2548,0.93382,-0.64003,-0.76801,-0.56887,-0.12405,0.13671,-0.85336,-0.043371,0.38266,-0.55478,-0.63747,0.50296,0.44026,-0.31602,0.45181,-0.31066,0.35365,-0.041366,0.10631,0.63312,-0.27247,-0.17917,-0.29904,0.21004,-0.27492,-0.92882,0.1239,-0.19036,1.6156,-1.2875,1.5494,-1.0399,-0.34671,1.1289,0.84703,-1.2406,-0.52146,-0.22847,0.11735,0.69001,-0.060572,0.07663,-0.12354,0.17478,-0.21882,0.71644,0.19357,0.78111,0.15773,-0.093142,0.3468,0.13492,-0.2427,0.030706,-0.073447,0.1003,-0.14464,-0.068659,-0.62395,2.8035,-1.7251,0.36046,0.90403,0.52088,0.37783,-0.39582,0.73121,1.1697,-0.52075,-0.91751,0.16811,-0.68823,-0.036498,-0.19242,-0.1894,0.51616,-0.87697,0.10647,-0.72461,0.29381,0.56662,0.387,-0.42161,-0.15958,0.35331,-0.42943,0.32302,0.51609
-0.56983,-0.39286,0.0053513,0.022882,0.031945,0.073719,0.12294,0.11383,0.065238,0.083536,0.13034,0.11864,0.11312,0.10362,0.11197,0.11039,0.065074,0.031223,0.01872,-0.60992,-0.60826,0.030421,0.13118,0.16836,0.15406,0.12349,0.10177,-0.031061,-0.18145,-0.14668,0.11866,0.16557,0.19879,0.1871,0.2424,0.17908,0.10479,0.070606,0.052738,0.045918,0.028231,0.026934,0.14065,0.19248,0.13419,0.12633,0.46552,0.42999,-0.87042,-0.88202,-0.35244,-0.39722,-0.33409,-0.27006,-0.18245,-0.089248,-0.043634,-0.0063767,0.019451,0.040886,0.037796,-0.008077,-0.050936,-0.04199,0.031137,0.09462,0.090699,0.11295,0.18462,0.16655,0.084457,0.016961,-0.038905,-0.07012,-0.079939,-0.091146,-0.14878,-0.19738,-0.20627,-0.15639,-0.092137,-0.070094,-0.0012275,0.088399,0.11912,0.1153,0.11735,0.10035,0.083213,0.076219,0.083877,0.10365,0.091828,0.090467,0.089394,0.053174,-0.0069669,-0.089675,-0.65827,-1.0088,0.47412,0.29464,-0.048826,-0.018687,0.017348,-0.012683,-0.08152,-0.1229,-0.11466,-0.057302,-0.024646,-0.046038,-0.0063723,0.0083783,0.045538,0.049018,0.0022252,-0.018514,-0.025416,-0.77122,-0.72584,0.078587,0.13563,0.096968,0.19845,0.29384,0.26302,0.28121,0.33279,0.21381,-0.13132,-0.069897,-0.11294,-0.31594,-0.24798,-0.088818,-0.054622,-0.032457,0.022266,0.068802,0.07402,0.023135,-0.1948,-0.37517,-0.38132,-0.23506,1.4545,1.1745,-0.87959,-0.54751,0.39447,0.2828,0.083478,-0.031716,-0.0088451,0.0097498,-0.013406,-0.030369,-0.036162,-0.048692,-0.098188,-0.17349,-0.22969,-0.21796,-0.1129,0.084419,0.22757,0.26666,0.20406,-0.0093658,-0.13658,-0.10159,-0.027289,-0.006769,-0.039012,-0.049679,0.019079,0.09186,0.12148,0.093276,-0.0071916,-0.10081,-0.05007,0.0095355,-0.045565,-0.069942,-0.10777,-0.091562,-0.055353,-0.032564,0.035029,0.051513,0.12764,0.14305,0.054581,-0.021478,-0.13681,-0.31992,-0.23266,-0.029183,0.54868,-0.89388,-0.8355,-0.52324,-0.48221,0.68764,1.5735,0.51306,-0.55823,-0.55612,-0.66601,-0.22824,-0.29263,0.54654,-0.086242,0.3612,1.4096,1.1244,1.2387,0.44079,-0.66816,-0.28851,-0.81946,0.39929,0.0316,0.41204,0.033866,-0.092307,-0.79329,-1.0383,0.086414,0.46314,0.69849,-1.4147,-1.0186,-1.2451,0.93497,0.2562,-0.20634,-0.50789,-0.34131,0.53552,-0.39408,-0.73959,0.17794,0.019432,-0.31377,0.44231,-1.2053,0.66666,0.46218,0.25006,-0.32975,-0.81932,0.61115,-0.45672,-1.1198,0.2895,-0.26046,0.037645,-0.033377,0.37624,-0.082086,-0.89575,-0.08173,-0.39337,0.17403,1.0853,0.46251,-0.35217,-0.27343,-0.20085,-0.33819,-0.32263,0.86124,0.6768,0.56433,-0.40251,0.91023,-0.82671,-0.33236,0.89496,0.27667,0.51408,-0.16733,-0.15389,-0.44612,0.79964,-0.48227,0.29825,-0.90173,0.63208,-0.37334,0.40441,1.4155,-0.7962,-0.21299,-0.090566,-0.6442,-0.64145,0.2205,-0.48719,0.18586,-0.75973,0.39025,0.403,-0.46439,0.56634,-0.45865,0.50733,0.10637,0.75924,0.91814,-0.021379,-0.45203,-0.55037,0.58875,-0.1219,0.21497,0.22641,0.77258,0.37642,0.2776,0.33397,0.49345,0.71998,0.36741,-1.0389,-0.35351,-0.71659,0.47004,0.19301,0.063584,-0.088544,0.39422,0.163,-0.65506,-0.2977,0.55444,-0.05949,-0.10957,-0.083369,0.13805,0.05059,-0.39101,-0.057432,0.24183,-0.35211,-0.29095,-0.24647,-1.0818,0.88467,0.50285,-0.70261,-0.96824,-0.27742,0.44802,-0.65362,-0.33409,0.92554,0.64214,-1.4539,0.31676,0.32147,0.32389,-0.13164,-0.84466,0.28343,-0.93225,-0.18023,0.96804,0.39275,-0.11773,-0.069535,-0.17495,0.58275,0.63276,0.67625,-0.13087,0.35487
-0.41491,-0.45627,-0.33511,-0.063114,-0.11692,-0.13246,-0.010102,0.067448,0.09278,0.093777,0.071913,0.058753,0.047532,0.027914,0.020294,-0.0049077,-0.074926,-0.12658,-0.14574,-0.061119,0.14854,0.35736,0.4293,0.33129,0.30414,0.31354,0.17243,0.15096,-0.032752,-0.33569,-0.3938,-0.29583,-0.25155,-0.31101,-0.096372,0.10566,0.12481,0.082932,0.0039786,-0.021673,-0.028906,-0.060025,-0.077557,-0.030137,-0.027089,-0.10016,-0.17256,-0.20997,-0.13792,0.0094551,0.093753,0.10195,0.13363,0.088113,0.042504,0.05976,0.067319,0.027592,-0.042106,-0.065889,-0.048067,-0.033907,-0.027891,-0.030714,-0.094214,-0.15606,-0.15383,-0.17046,-0.10585,0.021528,0.095822,0.18623,0.24309,0.16314,0.065465,0.039365,0.034732,0.017116,0.01882,0.040201,-0.001477,-0.081398,-0.072859,0.014267,0.077839,0.076196,0.05569,0.035129,0.019754,0.011043,0.010389,0.014866,0.019282,0.03943,0.089139,0.12937,0.1446,0.14201,0.12254,0.10871,0.20197,0.3267,0.085006,-0.052287,0.11127,0.12839,0.029493,-0.061118,-0.043026,0.0073071,-0.00083642,-0.015278,-0.019612,-0.021242,-0.048636,-0.10413,-0.16028,-0.18579,-0.17442,-0.091663,0.057869,0.16182,0.15928,0.29071,0.37061,0.29268,0.41694,0.55223,0.38227,0.23277,0.29609,0.49949,0.6533,0.26366,-0.12562,-0.29199,-0.37196,-0.38154,-0.31953,-0.22698,-0.13591,-0.058299,-0.0010585,-0.013779,-0.086886,-0.22039,-0.29255,-0.25493,-0.17492,-0.027966,0.1378,0.055434,-0.083018,-0.030396,0.030923,0.028815,0.056849,0.057561,0.0024833,0.0045312,0.054954,0.087569,0.08232,0.047038,-0.0028658,-0.15208,-0.31923,-0.32001,-0.1287,-0.10047,-0.20456,-0.22232,-0.20145,-0.19003,-0.17346,-0.14427,-0.11207,-0.082504,-0.073239,-0.078505,-0.020082,0.040637,-0.010557,-0.062328,-0.084581,-0.10881,-0.10109,-0.076949,-0.052389,-0.013761,0.014336,-0.00011934,-0.040295,-0.10015,-0.11433,0.037608,0.12072,0.078472,0.081499,0.10891,-0.44351,-2.8205,0.25769,-0.8171,0.87454,-0.4473,0.70327,1.3361,-0.30453,0.26607,0.7166,-0.13254,-0.34387,-0.19907,0.36449,0.29354,0.032744,0.38914,-0.16185,0.42509,0.29226,-0.15657,-0.27644,-0.33099,0.013943,-0.078058,-0.1734,0.074848,0.11949,-0.14488,2.3848,0.88461,2.0624,0.28793,-1.8721,-0.43642,1.1709,-0.86489,-0.52524,-0.044575,-0.22511,-0.20613,-0.51723,-0.1212,0.20292,0.22351,-0.1501,0.52114,-0.067251,-0.12016,0.41138,-0.097355,-0.42326,-0.18298,-0.25608,0.26862,-0.10342,-0.6322,0.098996,-0.45964,1.8377,2.0121,-0.10283,0.33435,1.0725,0.25462,1.0759,-0.11032,-0.52295,0.01676,-0.45317,-0.073547,-0.11827,-0.67215,0.51758,0.17601,-0.40963,0.28587,-0.73262,0.201,-0.17913,-0.085522,0.475,-0.060017,0.17678,0.35828,0.1071,-0.12743,-0.057247,0.22623,0.11077,1.4653,-2.0637,-0.32129,-0.7338,-0.71443,-0.20405,0.02731,0.10757,0.181,0.44603,-0.074064,-0.40259,0.039616,0.53752,0.10075,0.035614,-0.020993,0.01105,-0.13283,-0.45932,0.26908,0.091802,0.085153,0.076099,0.05933,0.29992,0.082882,0.23172,-0.017521,2.8141,-1.0762,-1.5383,-0.9072,0.26774,-0.63689,-0.24043,-0.82414,-0.17951,-0.42684,0.00018478,0.32712,0.14482,0.18396,0.079933,0.10973,0.2221,-0.085102,0.21889,0.69448,-0.10198,0.25385,0.055663,-0.21194,-0.01407,0.12718,-0.32349,-0.081483,-0.22248,-0.21637,0.36482,1.5862,1.5827,0.5274,0.78307,0.68179,0.26908,-0.31954,0.73452,0.26515,-0.41119,-0.24381,0.19422,0.035096,-0.10568,0.71129,-0.34442,-0.59367,-0.34182,0.13604,-0.26367,-0.30647,0.46231,0.29135,-0.45223,-0.12561,-0.0851,-0.10691,-0.16471,-0.12432
0.13481,0.078298,-0.12766,-0.26957,-0.32524,-0.23129,-0.021043,0.13153,0.15822,0.11547,0.057063,0.046059,0.065101,0.049124,0.0042249,-0.02931,-0.080494,-0.15466,-0.17429,-0.14451,-0.59943,-0.65512,0.21907,0.32421,0.048667,-0.14331,0.039602,0.25983,0.22752,0.12993,0.070717,0.061525,0.16968,0.21115,0.24197,0.21261,0.11676,0.0098522,-0.044192,0.095881,0.22875,0.23033,0.21558,0.20915,0.091374,-0.047861,-0.051881,-0.052524,-0.092564,-0.15301,-0.14306,-0.15264,-0.11557,-0.046928,-0.0067915,0.00077646,0.10129,0.20175,0.20607,0.19503,0.21463,0.24142,0.24684,0.26982,0.30459,0.31108,0.28465,0.1206,-0.0049915,0.087291,-0.23195,-0.47276,-0.25223,0.2217,0.32586,0.092411,-0.084058,-0.046921,-0.20387,-0.41215,-0.47715,-0.43997,-0.38177,-0.29947,-0.17148,0.0051338,0.16254,0.10502,-0.027504,-0.021079,-0.034152,-0.044401,-0.051374,-0.045284,-0.11993,-0.20102,-0.20129,-0.20946,-0.21432,-0.2185,-0.33112,-0.095244,0.16916,0.24423,0.28784,0.25105,0.084755,-0.082485,-0.15839,-0.14804,-0.069165,0.053941,0.11453,0.076423,-0.0037789,-0.13487,-0.25878,-0.32093,-0.33681,-0.3172,-1.3545,-1.1636,0.34066,0.3791,0.22551,0.10275,0.1052,0.1059,-0.020306,-0.23532,-0.35908,-0.10258,-0.0025698,-0.086286,-0.15365,-0.12424,-0.012509,0.099199,0.16901,0.13845,0.028299,0.0095478,0.12452,0.15893,0.12005,0.10818,0.14054,0.13808,0.079893,-0.0019495,0.071837,0.1561,0.0032685,-0.10717,-0.15377,-0.15962,-0.10619,-0.095226,-0.19896,-0.24986,-0.06307,0.31927,0.56626,0.50546,0.25671,0.14808,0.24787,0.24006,0.22023,0.19813,0.11916,0.33419,0.32082,0.21636,0.12068,0.086872,0.1509,0.17367,0.099216,0.081403,0.13382,0.10935,0.065346,-0.023512,-0.19207,-0.43105,-0.63641,-0.60371,-0.23305,0.083957,0.067889,0.00060801,-0.065054,-0.13395,-0.12636,-0.10498,-0.13202,-0.15127,-0.17899,-0.1973,0.42544,-0.78157,-1.4133,-0.43301,-0.092815,-1.9635,1.4853,1.3746,0.16747,-0.20873,-0.83149,0.18527,-0.56594,-0.12044,1.0742,-0.2953,0.48811,0.21425,0.45926,-0.017292,0.91383,-0.28184,0.24601,-0.42202,0.061347,-0.2195,-0.23507,0.36682,0.11078,-0.2737,2.0566,1.6374,-1.1008,-0.93692,-2.4812,0.26118,1.5494,0.06678,-0.63634,0.024782,-1.6211,0.67128,-0.61852,-0.35402,0.055794,0.049065,0.03667,0.36387,-0.16067,0.91815,0.55243,0.45292,-0.29407,0.20214,-0.26422,0.45412,0.12285,0.010095,-0.088913,0.24082,1.4462,-0.49453,1.547,-0.61333,0.59095,-0.31838,0.42747,1.7392,-0.171,0.46687,0.81192,-0.1963,-0.3914,-0.034023,-0.0010828,-0.21932,0.051424,0.042309,-0.2861,-0.28737,-0.33249,-0.44713,0.33631,-0.14436,0.056044,0.69389,0.10263,0.26673,-0.21209,-0.92082,-0.799,2.1103,0.85722,-0.66299,-0.34274,-0.21853,-0.32756,-0.96611,-1.0867,-0.43992,-0.20261,-0.5021,-0.77238,0.38711,0.0059415,0.086927,-0.32252,-0.51425,-0.22112,-0.097,-0.27613,0.29777,-0.74281,-0.061928,-0.59151,0.19487,-0.20288,-0.77401,-0.51351,-0.055248,2.2222,-0.75486,1.3749,-0.75229,-0.10298,0.95578,-0.55104,-1.5322,-0.3562,0.12929,0.3646,0.23975,0.79644,0.84384,-0.33608,-0.45742,-0.31028,0.14167,0.27295,0.83253,0.67188,-0.30488,0.0094027,-0.34235,0.019202,-0.28049,0.42661,0.47363,-0.017223,-0.27761,0.32767,1.431,-0.38938,0.60187,-1.0401,-0.15473,1.7172,-1.0738,1.0904,0.8164,0.17736,-0.90895,-0.39767,-0.24267,0.23924,0.36479,-0.15267,-0.16048,-0.2459,0.59831,0.44741,0.4347,0.52864,1.2583,0.089144,0.11289,0.2471,-0.20385,-0.12312,0.055175
-0.16659,-0.066761,0.058862,0.15377,0.14703,0.030629,-0.097837,-0.12465,-0.099034,-0.071006,-0.038997,-0.029764,-0.0076046,-0.0027322,-0.036892,-0.15439,-0.53052,-0.44659,0.11097,0.18169,0.22456,0.18915,0.14535,0.1769,0.19218,0.0854,-0.04485,-0.1375,-0.12078,-0.11702,-0.15934,-0.056061,-0.0045215,0.024524,0.017699,0.0031617,0.010134,0.030719,0.06232,0.071494,0.056842,0.047279,0.039631,0.20423,0.32775,0.31103,0.15308,-0.022946,0.020244,-0.011841,-0.10125,-0.083878,-0.066225,-0.15316,-0.18244,-0.13441,-0.05002,-0.00023064,0.0026637,0.0078322,0.014812,0.016749,0.039475,0.069527,0.082606,0.25488,0.38814,0.37478,0.22348,-0.13888,-0.16246,-0.18808,-0.18855,-0.15762,-0.10667,-0.060884,-0.10723,-0.17533,-0.11749,0.03075,0.098257,0.089322,0.06733,0.074549,0.051632,0.04087,0.042776,0.048424,0.066892,-0.084924,-0.18057,-0.14315,-0.40256,-0.2704,0.20507,-0.015853,0.49722,0.71938,0.86516,0.98715,0.20907,-0.19429,-0.40173,-0.33938,-0.24815,-0.23426,-0.18923,-0.098316,-0.036776,-0.010603,0.059831,0.13642,0.20533,0.21809,0.15403,0.065937,-0.95496,-1.0835,0.041542,0.098527,0.13406,0.099836,0.1125,0.12488,0.072948,0.024904,-0.0084,-0.01748,-0.092664,-0.15518,-0.045545,0.19744,0.14873,0.090868,0.17425,0.19894,0.19444,0.17905,0.15163,0.087304,0.022326,0.011681,0.021607,0.13753,0.31899,0.38852,0.37407,0.39747,0.45078,0.41641,0.22981,0.038991,0.0078352,0.061637,0.098364,0.09069,0.051626,-0.027331,-0.065625,-0.029134,-0.0082186,0.010893,0.097929,0.20189,0.19802,0.14168,0.19861,0.32287,0.25059,0.009091,0.03601,0.037104,0.049038,0.028351,0.016762,0.043889,-0.066923,-0.15188,-0.15741,-0.20751,-0.23855,-0.12497,0.011762,-0.036505,0.010451,0.072681,0.088771,0.1423,0.15015,0.3567,0.53063,0.51814,0.54897,-1.6548,-2.1818,-0.024045,0.27984,0.29929,0.3456,0.41184,2.8192,-1.3488,-0.35531,0.20093,-0.53242,0.87359,1.9306,0.19875,0.23017,-0.43969,-0.13563,-0.79462,-0.58467,0.26282,-0.084709,-0.0049202,0.82004,-0.062929,-0.29243,0.2942,-0.41575,-0.029063,0.18781,-0.032183,0.29931,0.20153,0.24647,-0.12201,0.15326,0.34681,-1.2242,0.14196,0.15465,0.30881,-0.94605,-0.44631,-0.22119,0.43527,-1.1544,-0.14134,-0.89947,0.44406,0.090047,-0.48499,-0.019612,-0.0077919,0.22573,-0.19409,-0.34125,-0.034713,0.33163,0.14076,-0.15714,-0.016575,0.50032,0.056395,0.0081351,0.061942,0.4768,0.15937,-0.97994,0.00078893,-0.92507,-0.96711,-0.2765,-0.21883,-0.4474,0.73734,0.058196,-0.076961,0.14203,0.1469,0.21496,-0.13726,0.21963,-0.13508,-0.26622,-0.096944,0.10757,0.1887,-0.75792,-0.027986,-0.030195,-0.25551,0.086778,0.38888,-0.16797,0.03072,-0.29199,-0.042301,-2.8144,-0.32824,-1.0478,1.9834,-0.26643,-0.16963,0.058833,-1.172,-0.31603,-0.087068,0.12729,-0.070275,-1.0447,-0.19508,-0.21504,0.6982,0.30142,-0.16092,0.15414,-0.28554,-0.11016,-0.17603,-0.16937,0.33335,0.40968,-0.19086,0.092381,0.28435,0.010725,0.094901,-0.68384,0.4331,0.050412,0.58399,-0.03827,0.56957,-0.87956,-0.49674,0.17689,0.43343,0.1173,-0.16361,0.74542,0.15373,-0.29847,-0.19104,0.22745,0.23038,-0.28583,0.10455,-0.25875,-0.24381,-0.056873,-0.094625,0.15397,-0.13461,0.027235,-0.31629,-0.060414,-0.13949,-2.9352,-0.19687,1.1744,0.91783,-1.461,-0.62914,-0.38496,-1.1312,0.74376,0.32327,-0.18725,-1.0953,-0.68356,0.18326,-0.091774,0.074676,-0.68639,-0.07674,-0.15415,0.020286,-0.095268,-0.047084,0.005136,0.21622,0.085447,0.25786,-0.34301,0.23762,-0.18559,-0.29604
0.33796,0.25873,0.54589,0.45997,0.17629,0.038844,0.049342,0.050334,0.026462,0.033347,0.051173,0.03884,0.02846,0.0091291,-0.029569,-0.033742,-0.051136,-0.10909,-0.089672,-0.016904,0.0701,0.29276,0.4528,0.26569,0.062211,-0.0031035,0.069109,0.10048,-0.1341,-0.33267,-0.28956,-0.12863,-0.060246,-0.11305,-0.14909,-0.12445,-0.10053,-0.038158,0.007393,-0.019324,-0.039941,-0.045595,-0.051365,-0.067093,-0.10676,-0.0678,-0.020058,-0.012603,0.024787,0.027409,-0.019182,-0.0087045,0.021355,0.021204,-0.015528,-0.044104,-0.04842,-0.017815,0.027523,0.055789,0.066375,0.002103,-0.067519,-0.050365,-0.017581,-0.0034849,0.013764,0.03423,-0.0039349,-0.035444,-0.0428,-0.0040491,0.086688,0.11042,0.039642,0.034193,0.079414,0.023969,-0.017577,0.10027,0.15129,0.080069,0.026654,0.034128,0.04481,0.042118,0.058518,0.089602,0.096239,0.073304,0.047851,0.046136,0.047005,0.039343,0.026175,-0.029591,-0.11239,-0.16977,-0.77958,-1.1477,1.1251,0.11561,-0.31858,-0.30772,-0.16446,0.0065586,-0.035438,-0.069202,-0.066474,-0.03229,-0.0044356,-0.0086243,-0.005812,-0.0082113,-0.046212,-0.15345,-0.26269,-0.29454,-0.24837,-0.16698,0.1389,0.40225,0.40077,0.28981,0.17769,0.071012,0.056098,0.096226,0.11953,0.17934,0.17868,0.24662,0.4276,0.15705,-0.015198,-0.044527,-0.038315,-0.018783,-0.010202,0.022011,0.064005,0.068516,0.055602,0.049778,0.033309,-0.070755,-0.12798,-0.081507,-0.036042,-0.064284,-0.070664,0.090117,0.11565,0.087081,0.11547,0.16663,0.15608,0.092313,0.067219,0.054572,0.015748,-0.05041,-0.093419,-0.042349,0.076831,0.14677,0.106,-0.058824,-0.15344,-0.10818,-0.065954,-0.041621,-0.083937,-0.11677,-0.095003,-0.065057,-0.079472,-0.08123,-0.058736,-0.098929,-0.13251,-0.053223,0.038431,-0.0028594,-0.03072,-0.042044,0.016132,0.08154,0.071718,0.084294,0.068178,0.012011,-0.042749,-0.015108,0.090489,0.079188,-0.046709,-0.17844,-0.49472,-0.57044,-0.25219,-2.4381,-0.13305,0.11785,0.44454,-0.1792,0.94375,-0.39454,-0.072146,0.51389,-0.085993,0.46204,0.32852,0.59123,0.51885,0.013397,0.70045,0.57164,-0.16332,-0.02191,-0.081758,-0.035028,0.2005,-0.26097,-0.35523,0.045473,-0.23019,-0.21709,-0.34774,0.17513,0.58478,-0.44115,1.8632,-0.067199,-1.0023,0.46003,-0.48612,0.0016329,-0.69459,0.19753,-0.59695,0.091713,-0.88268,-0.22741,-0.24417,0.11506,0.078234,0.0092578,-0.35264,-0.25329,0.42954,-0.098981,-0.19503,-0.26614,0.092699,0.19209,0.26247,-0.44563,-0.12206,-0.030648,1.1909,1.7761,-0.84151,-0.56251,0.52705,0.40013,0.12192,0.35223,-0.090568,0.3924,-0.9339,0.070873,-0.24586,0.037053,0.12075,0.26736,-0.039136,-0.0012157,-0.4248,0.021622,0.0064966,-0.15391,0.37575,-0.012042,0.2978,0.38007,-0.27636,0.067361,-0.12045,0.10278,-0.55149,0.72468,-1.9715,-0.26824,0.97949,0.34883,0.31459,0.023627,-0.50469,-0.49515,0.35978,-0.25337,0.077683,0.035978,-0.29577,0.098628,-0.457,0.085477,0.34777,-0.30861,-0.51043,0.63669,-0.21233,0.4077,0.01501,0.22578,-0.11552,0.066351,0.061815,-0.14232,1.7347,-0.1532,-1.4284,0.31054,0.08925,0.42696,0.123,-0.24489,0.18787,-0.25973,0.18321,0.0082433,0.12772,-0.48033,0.07801,0.070122,-0.079053,0.059089,0.79509,0.31325,-0.37686,0.073387,0.11306,-0.47752,0.21231,-0.077374,0.24458,-0.12069,-0.43926,-0.0099355,-1.1902,0.87706,1.9046,-0.28951,-0.13313,-0.30257,-0.08467,-0.28582,-0.30461,0.34067,-0.027073,-0.37505,-0.21784,0.061258,-0.62266,-0.24772,-0.16039,-0.24441,0.075992,-0.093598,0.7851,-0.34695,0.1166,0.082964,-0.51852,-0.29402,-0.12781,0.053938,0.27065,-0.26142
-0.12742,-0.051572,-0.0073731,-0.075235,-0.1481,-0.15324,-0.14176,-0.15334,-0.056307,0.050096,0.033433,0.0079414,0.047912,0.10716,0.099938,0.074192,0.0055685,-0.082848,-0.13493,-0.12328,-0.15469,-0.28123,-0.13668,0.0078422,-0.00059535,-0.10257,-0.078409,-0.028885,-0.010345,0.019194,-0.02385,0.097371,0.22065,0.21041,0.20438,0.1549,0.087678,0.054494,0.035776,0.024209,0.039993,0.04204,0.019976,-0.0043065,-0.0034162,0.015826,0.060833,0.1263,0.148,0.11819,0.036133,-0.062104,-0.14222,-0.22957,-0.2504,-0.098416,0.041332,0.046359,0.023752,0.013712,0.044522,0.031519,0.0043842,0.020253,0.20224,0.27315,0.20397,0.092157,-0.089938,-0.018372,0.00040266,0.018267,-0.025466,-0.0034381,0.097494,0.20608,0.26981,0.030091,-0.19284,-0.06292,0.15601,0.14506,0.01948,-0.018227,-0.034657,-0.029055,-0.009756,0.000746,-0.14327,-0.22703,-0.16464,-0.14292,-0.16935,0.045935,0.09651,-0.0067654,0.46909,0.73567,0.9006,0.98522,0.1999,-0.073441,-0.21853,-0.18997,-0.13554,-0.12866,-0.14204,-0.14356,-0.10872,-0.083994,-0.11434,-0.093643,0.0052603,0.076401,0.066084,0.036748,-0.029569,-0.071022,-0.10898,-0.15427,-1.5354,-1.4103,0.23786,0.38091,0.33145,0.27143,0.2628,0.27385,0.093184,-0.16148,-0.093707,0.030507,0.033443,-0.046319,-0.071018,0.027972,0.085065,0.090976,0.10763,0.126,0.063904,-0.043863,-0.095975,-0.10613,0.020434,0.27175,0.46611,0.52443,0.45518,0.35728,0.27988,0.17114,0.10595,0.12678,0.13673,-0.012024,-0.23752,-0.2075,0.013043,0.22262,0.25954,0.18562,0.19385,0.24642,0.38102,0.5452,0.54064,0.23685,-0.02572,-0.016071,-0.070566,-0.043149,-0.076118,-0.097196,-0.067093,-0.024129,0.0093096,-0.072294,-0.12447,-0.17951,-0.26106,-0.17264,-0.017709,-0.025084,-0.022418,0.018624,0.060686,0.050931,0.17781,0.35378,0.44287,0.40742,0.27616,-1.7972,-2.0173,-0.0064534,0.31365,0.29489,0.30535,0.36193,3.0148,-1.521,-0.62698,0.3226,-0.8016,-0.24148,0.7324,1.0066,-0.45414,0.11527,-0.25373,-0.29228,-0.6615,-0.16917,-0.20574,-0.23837,0.44656,-0.28884,0.027223,-0.42139,-0.010023,-0.17653,-0.32653,-0.43903,0.07805,-0.041298,0.14002,-0.07605,0.039782,0.21557,-1.2868,0.39012,-0.1941,0.044815,-1.6525,0.84562,0.61366,-0.35603,-0.38775,-0.57997,-0.76146,0.014742,-0.13262,-0.18064,0.15464,-0.14916,0.44859,-0.034628,-0.31616,0.021673,0.032486,0.26655,-0.07898,-0.0081665,0.19041,0.11524,0.47003,0.15306,-0.02756,-0.1047,-1.0858,-0.15002,-0.86145,-0.7885,-0.59952,-0.69886,0.29048,0.51975,0.52861,0.16841,0.36251,0.2067,0.052108,0.13611,0.11971,-0.19933,0.033122,-0.20883,-0.17929,-0.16452,-0.72015,-0.10418,-0.2352,0.088411,-0.14318,0.33958,0.048999,-0.099034,0.091793,-0.03825,-3.4216,0.28286,-0.47724,1.3011,-0.47083,-1.0805,0.31454,-0.56753,-0.38524,0.058855,-0.24685,0.26413,-0.528,0.8461,0.17062,0.60741,-0.28466,-0.11969,-0.043153,-0.29546,0.038865,0.035521,-0.12197,-0.17131,0.028233,-0.015361,0.17059,-0.15034,-0.24823,-0.072819,-0.45336,0.50647,0.39654,0.39905,0.51418,0.29726,0.063691,-1.0357,-0.24272,-0.2422,-0.088786,0.032845,0.16144,0.47085,-0.39216,-0.37216,0.053706,0.21952,-0.12869,0.094087,-0.13191,0.18495,-0.13949,0.073468,0.13371,-0.33344,0.19071,-0.238,-0.074688,0.079051,-2.1233,-0.0077607,0.9404,1.7979,-1.5453,0.12602,-0.64748,-1.678,-0.62441,0.28322,-0.16862,-0.66406,0.026336,-0.49114,0.089122,-0.24848,-0.84576,-0.39266,-0.31786,-0.09684,-0.24609,-0.41281,0.088829,-0.10931,0.27262,-0.10761,0.46295,0.49392,0.11659,-0.19794
0.36777,0.27136,0.02676,-0.077274,-0.12456,-0.087143,-0.067756,-0.006224,0.098719,0.10319,0.089368,0.10134,0.12947,0.12435,0.10065,0.078279,0.052639,0.026428,0.034581,0.06767,-0.46888,-0.44546,0.077968,0.10253,0.22553,0.36248,0.36374,0.0018961,-0.19708,-0.013529,0.16719,0.093806,0.052244,0.0076152,0.039869,0.068901,0.040775,0.01457,-0.012961,-0.05936,-0.024668,0.013882,-0.0058213,-0.036309,-0.091973,-0.14769,-0.10686,-0.010408,0.038231,0.028024,-0.0013399,0.060681,0.17245,0.18523,0.10203,0.068729,0.059234,0.041662,0.053465,0.060327,0.048287,0.022793,0.026766,0.037929,0.033086,0.034468,0.044156,0.083678,0.16341,0.1221,0.075877,0.049184,-0.10691,-0.2268,-0.33167,-0.33428,-0.35787,-0.38104,-0.39744,-0.37045,-0.14647,0.21464,0.31645,0.21784,0.16662,0.14681,0.11689,0.11766,0.07478,0.033419,0.03437,0.045697,0.02137,0.031369,0.018177,-0.12084,-0.23235,-0.25483,-0.32047,-0.39368,-0.44387,-0.15694,0.14976,0.1914,0.018589,-0.1576,-0.17769,-0.063943,0.041767,-0.013308,-0.046324,-0.014535,0.035531,0.032638,0.098903,0.13524,0.099429,0.075253,0.082678,0.11068,-1.1687,-1.267,-0.050466,-0.08407,0.16607,0.32194,0.26141,0.22304,0.22766,0.24154,-0.010758,-0.37685,-0.19443,0.0060726,-0.18752,-0.20361,-0.17698,-0.12876,-0.083321,-0.021768,-0.007388,-0.041355,-0.080978,-0.11423,-0.13733,-0.10789,-0.042589,0.046178,0.10751,0.080053,0.03138,-0.0057478,-0.12604,-0.14666,-0.034194,0.024486,-0.011299,-0.043362,-0.039526,-0.073936,-0.13986,-0.1825,-0.1485,0.010714,0.18995,0.18951,0.11633,0.094886,0.080003,0.077232,0.14083,0.12267,0.097437,0.13586,0.18229,0.22374,0.086204,-0.0084693,0.048098,0.037685,-0.11131,-0.29456,-0.39666,-0.24847,0.0010135,0.016275,0.078449,0.092235,0.10108,0.091265,0.049179,0.020035,0.20867,0.32158,0.22256,0.045477,-0.11533,-0.15081,-0.045038,0.054076,0.72115,-1.5221,-1.5861,-0.20359,0.23032,-1.7405,1.0995,0.48377,-0.70507,0.62807,0.26234,0.25358,0.37891,0.41268,0.24636,-0.12495,0.15589,0.45324,-0.28763,-0.0062997,-0.53188,0.010511,-0.30022,0.020224,0.55217,0.041512,-0.17242,0.10984,0.15127,0.28877,1.4994,1.7919,-0.54546,-0.36908,-2.9391,0.74041,0.72765,-0.1327,-0.038538,0.18909,-0.37508,-0.1948,-0.48642,-0.19145,-0.34494,-0.1512,-0.46607,-0.18327,-0.085472,-0.30451,0.024549,0.14334,-0.49853,0.23159,0.30513,0.1352,-0.049251,-0.24997,-0.26234,0.16744,0.92736,-0.54416,1.6656,0.069798,0.37167,-0.062848,0.14436,0.17221,-0.40654,0.60851,-0.26098,-0.12461,0.20848,0.45229,0.073398,-0.20405,0.48811,-0.088052,-0.36774,0.28873,-0.090952,0.16033,0.27035,0.36784,0.23799,0.1606,0.071282,-0.32125,-0.29097,0.10236,-1.3163,2.4896,0.86526,-0.92245,-0.23049,0.059707,0.11782,-0.087875,-0.091548,-0.19608,0.2514,0.10379,0.089157,-0.295,0.11194,-0.021721,-0.16135,0.40953,0.44654,0.062368,0.019396,0.50036,-0.17017,-0.098661,0.52789,0.51474,-0.04724,0.26531,0.093019,-0.28253,1.5699,-0.95667,1.1128,-0.98856,-0.32128,0.49135,-0.46911,-0.4319,-0.060276,-0.96204,0.13102,-0.0043511,0.07604,-0.25251,-0.66203,0.24742,0.018347,0.25426,-0.085445,0.097121,0.010635,0.17264,0.26658,-0.015136,0.19035,0.3562,0.16277,-0.35033,-0.011351,0.12688,-0.80804,2.1589,-0.92376,0.16138,0.1251,0.3951,1.7601,-0.43497,0.14302,-0.41668,0.15026,-0.033786,0.048819,0.15859,-0.4063,-0.095078,-0.52041,-0.002886,-0.33756,-0.3845,-0.18251,-0.36787,0.2054,-0.62556,-0.015851,0.10749,-0.13891,0.0014449,-0.22905,-0.10125
0.34296,0.3022,0.16148,0.1363,0.0070408,-0.12909,-0.13353,-0.078612,-0.055764,-0.072974,-0.096902,-0.11474,-0.034822,0.04981,0.019768,-0.043341,-0.12633,-0.15838,-0.052685,0.14178,0.29132,0.35161,0.31147,0.26849,0.2288,0.078343,-0.048761,-0.0099731,-0.085864,-0.19407,-0.13099,-0.04772,0.077267,0.023809,0.051268,0.092626,0.097506,0.05204,-0.020277,-0.015896,0.0021666,-0.026329,-0.041629,-0.055492,-0.090563,-0.055454,0.0075844,0.0057263,-0.039475,-0.087211,-0.10283,-0.035644,0.0082861,-0.0024939,-0.019673,0.02699,0.1001,0.11348,0.1074,0.11239,0.030315,-0.059044,-0.042581,-0.036451,-0.035252,-0.036639,-0.041144,-0.027964,0.026527,-0.017162,-0.048911,0.032658,0.11838,0.19086,0.19024,0.16158,0.10837,0.038362,0.035384,0.056452,0.0037399,-0.072263,-0.068439,-0.027734,0.019115,0.048842,0.040139,0.031819,0.026812,0.023914,-0.020906,-0.049722,-0.013497,0.037611,0.038111,0.022397,0.020002,-0.073941,-0.19399,-0.23567,-0.35736,-0.094875,0.17086,0.17949,0.043175,-0.041353,-0.047036,-0.066406,-0.058377,-0.071283,-0.064088,-0.0048648,0.029482,0.017168,-0.033792,-0.11932,-0.19635,-0.18972,-0.069393,0.077013,0.17264,0.19311,0.13739,0.26023,0.34909,0.27904,0.23751,0.23174,0.234,0.076787,-0.028217,0.46012,0.45664,0.026173,-0.29362,-0.35669,-0.36308,-0.32839,-0.27417,-0.18986,-0.10296,-0.017804,0.054542,0.090962,0.087039,0.014204,-0.0032579,0.016079,-0.037674,-0.12945,-0.13887,0.025739,0.066036,0.057049,0.065868,-0.00025099,-0.11495,-0.1254,-0.077633,-0.03566,0.025595,0.099435,0.13988,0.12831,0.070828,0.017112,-0.013101,0.0095932,0.082809,0.035325,0.039013,0.071818,-0.06914,-0.17644,-0.15174,-0.12539,-0.10184,-0.07544,-0.068442,-0.07507,-0.069377,-0.070712,-0.064701,-0.06742,-0.068481,-0.046911,-0.040508,-0.01895,0.0053789,0.021648,0.03273,0.040472,0.059074,0.038208,0.028555,0.035893,-0.014467,-0.13577,-0.28145,-0.34093,-0.38322,-2.4775,-0.45801,-0.43621,0.87476,-0.23976,0.2079,0.98027,0.43346,0.24908,0.41664,-0.18455,-0.23321,0.16098,0.19002,0.085962,0.51115,0.21535,0.13896,0.18159,-0.16121,0.0040283,-0.29476,-0.38964,-0.14325,0.099516,0.25735,-0.04101,0.0051228,0.016956,2.5958,0.71147,1.5143,-0.17216,-1.5541,-0.15205,0.80679,-0.74127,-0.44283,-0.12954,-0.57545,-0.051079,0.031111,-0.41719,0.37062,-0.028807,0.079031,0.42884,-0.17826,-0.16376,0.11498,0.32278,-0.3295,-0.18169,-0.020326,0.20414,-0.16139,-0.39024,0.013824,-0.01757,2.4028,1.1974,0.12858,0.33193,-0.64948,-0.42321,0.61834,0.39408,0.43762,-0.11162,0.33247,-0.32237,0.26597,-0.3214,0.13973,-0.20563,0.056805,0.010814,-0.10004,-0.27452,-0.35952,-0.033224,0.41996,-0.17714,0.22408,0.29053,-0.063407,-0.15787,-0.044023,0.048502,0.22721,1.5412,-1.3971,0.16085,-0.6312,-0.33072,-0.21721,-0.011889,-0.13413,0.28148,0.33672,-0.017419,-0.39011,0.21999,0.24549,0.17335,-0.1191,0.18779,0.017229,-0.41777,-0.13421,0.21554,-0.2032,0.17355,-0.0001512,0.25582,0.11314,0.020193,0.17543,-0.11889,3.0418,-0.73489,-0.80964,-0.72278,-0.21612,-0.51053,-0.34033,-0.77485,0.17953,0.10967,-0.083523,0.31559,0.50401,0.14859,-0.040122,-0.045381,-0.02873,0.3943,0.19159,0.63218,-0.36004,0.10222,-0.023388,-0.46624,0.055327,-0.141,0.060005,-0.20627,-0.0093713,0.021042,0.43199,1.7015,0.96117,0.49724,0.24718,0.63583,-0.012245,-0.75561,0.14982,0.17619,0.13206,-0.14644,-0.031217,-0.45538,0.083889,0.080322,-0.4144,-0.16456,-0.34388,-0.155,-0.059133,0.19544,0.24794,0.34901,-0.39931,-0.24304,0.13574,0.1329,-0.20636,-0.21482
-0.071718,-0.16902,-0.40007,-0.48397,-0.46741,-0.34701,-0.17872,-0.052295,0.015183,0.03412,0.031112,0.026078,-0.021089,-0.080633,-0.11885,-0.15042,0.016194,0.3268,0.42666,0.35999,0.3175,0.29153,0.22154,0.1254,-0.05516,-0.19476,-0.10759,0.021517,0.084712,0.12245,-0.14116,-0.35836,-0.31517,-0.37316,-0.16499,0.038518,0.085101,0.06881,0.0022647,0.0046575,0.021129,-0.0052326,-0.02203,-0.038066,-0.015867,0.04831,0.092161,0.10127,0.066887,-0.0037513,-0.043388,-0.049379,-0.014172,0.045381,0.061914,0.04401,-0.0022828,5.095e-05,-0.017716,-0.050163,-0.019731,0.012288,0.036181,0.044145,0.02815,0.011198,0.0026794,-0.0091824,0.01653,-0.033926,0.013598,-0.020173,-0.23599,-0.29812,-0.067022,0.23055,0.41167,0.50236,0.4533,0.24396,0.13887,0.17646,0.18424,0.13341,0.051396,0.0062877,0.011491,0.02412,0.028984,0.030292,0.029824,0.025703,0.014737,-0.0094336,-0.045126,-0.1014,-0.18599,-0.27115,-0.25461,-0.21205,0.13059,0.37803,0.59795,0.56723,0.52775,0.47735,0.37544,0.25714,0.15118,0.084688,0.056022,0.055054,0.078172,0.066402,0.0065088,-0.033084,0.25786,0.53085,0.60362,0.54346,0.45776,0.4397,0.372,0.26505,0.24841,0.26937,0.27582,0.29622,0.31382,0.38414,0.41784,0.59863,0.74863,0.36862,0.0071237,-0.14588,-0.24042,-0.2663,-0.2137,-0.14125,-0.084627,-0.046457,-0.02026,-0.0031667,0.0045744,0.022171,0.056243,0.067729,0.0069037,-0.11212,-0.14712,-0.12082,-0.20449,-0.27896,-0.29574,-0.27961,-0.19751,-0.052654,0.083147,0.17659,0.2537,0.29919,0.30028,0.24568,0.10177,-0.15061,-0.35552,-0.35053,-0.18069,-0.28235,-0.37847,-0.40922,-0.41894,-0.39327,-0.39871,-0.36115,-0.32134,-0.31886,-0.33883,-0.34868,-0.17376,-0.0025325,-0.064454,-0.080577,-0.031712,0.034983,0.054229,0.03335,0.024529,0.039623,0.033466,-0.017532,-0.08609,-0.16157,-0.25245,-0.39165,-0.58482,-0.75401,-0.76776,-0.70844,-0.55885,-2.1016,1.4054,-0.5743,1.3311,-0.092265,0.46397,2.6105,-0.39039,0.40883,0.092645,-0.11398,0.3048,0.053263,0.42255,-0.82633,0.2559,0.066571,0.27034,0.10126,0.274,-0.28379,-0.024866,0.25708,-0.15855,0.36489,0.15182,-0.0033456,0.057129,-0.031237,2.6274,0.14853,1.96,0.079306,-1.5593,0.19627,1.5213,-2.2264,-1.8976,0.54904,0.34913,0.51673,-0.18473,0.34537,0.5459,-0.44973,0.56984,0.058488,-0.2429,0.085258,-0.32075,-0.30328,-0.49912,-0.027166,0.33136,0.29687,0.34224,-0.029183,-0.11914,0.17249,2.2118,1.7313,-0.17762,0.48186,0.7134,-0.67534,1.7259,-0.86521,-0.22179,-1.2729,0.19731,1.0612,-0.57257,0.50412,-0.0052982,-0.18477,-0.50862,0.15994,0.1571,0.54789,-0.34396,0.10968,-0.59955,0.082966,-0.166,-0.27041,0.02586,-0.14491,0.11019,-0.010115,0.27074,0.94495,-2.1309,-1.0432,-0.96573,-1.9521,-1.8249,-0.029815,-0.67958,-0.11956,0.36241,-0.19869,-0.14747,0.091554,-0.38226,0.052727,-0.71216,0.21047,0.30247,0.34019,-0.27339,-0.17529,0.012551,-0.32167,-0.31873,0.082069,0.15107,0.50483,-0.00073771,0.20672,2.7426,-0.17927,-1.5569,-1.4156,-0.38346,-1.2462,-0.4932,-2.2015,0.38876,1.1219,0.22454,0.19594,-0.6706,0.054371,-0.50791,-0.31323,0.34783,-0.1006,-0.015057,-0.36267,0.092603,0.318,0.053788,-0.1033,-0.073001,0.16145,0.46239,0.095644,-0.060906,0.17712,0.81248,1.7854,1.2259,0.028329,0.7601,1.6937,-0.28795,-1.1285,1.8508,-0.11528,0.72592,0.45568,0.47643,0.026301,-0.12401,-0.4558,-0.32317,-0.40655,0.45727,-0.15082,0.26167,0.093501,-0.43658,-0.25745,-0.093697,0.012735,-0.40019,-0.093217,0.067137,0.25261
0.15853,0.17175,0.16934,0.077425,0.023279,0.045551,0.081594,0.12744,0.16622,0.14534,0.098406,0.055959,0.077434,0.10726,0.069939,-0.006393,-0.090663,-0.12416,-0.092163,-0.46812,-0.561,-0.24477,-0.078206,0.098858,0.15492,0.014507,-0.1307,-0.16466,-0.048749,0.1807,0.17174,0.16199,0.1674,0.11372,0.09324,0.086412,0.047211,0.021719,0.015146,0.0067171,0.0084277,0.0075993,0.14196,0.26384,0.24408,0.083265,-0.063381,-0.018826,-0.014938,-0.037236,-0.075422,-0.10916,-0.061751,-0.02019,-0.016872,-0.025564,-0.050298,-0.062603,-0.04773,-0.021934,5.2304e-05,-0.034867,-0.066633,-0.04985,0.14998,0.28759,0.27213,0.1835,0.026976,0.051712,0.06652,0.030896,-0.011316,-0.041091,-0.065121,-0.052821,-0.040189,-0.022174,-0.0038991,-0.012277,-0.061551,-0.038288,0.036986,0.075029,0.085663,0.020649,-0.037327,-0.034589,-0.019095,-0.0037011,0.0082105,0.025213,0.026326,0.0085728,-0.0065123,-0.0079192,0.004386,-0.83108,-0.60478,0.89833,0.58631,0.021509,-0.1476,-0.1159,-0.11248,-0.13681,-0.14399,-0.10504,-0.12669,-0.16547,-0.1438,-0.078366,-0.0054567,0.012457,-0.043248,-0.085994,-0.11656,-0.14692,-0.16468,-0.76831,-0.6276,0.071606,0.22395,0.25532,0.20653,0.17151,0.1586,0.15508,0.029261,-0.21156,-0.24947,0.024951,-0.0063113,-0.12346,-0.068142,-0.047064,0.0048568,0.047796,0.067399,0.058852,0.022087,-0.030376,-0.069279,0.055934,0.22866,0.27872,0.28947,0.33656,0.30236,0.23527,0.20978,0.10213,-0.07381,-0.14,-0.13875,-0.11734,-0.049556,0.02973,0.067903,0.071938,0.059418,0.078699,0.14322,0.1876,0.26649,0.32488,0.30074,0.11762,-0.085735,-0.052203,-0.04101,-0.051802,-0.052652,-0.032365,-0.0081129,0.024121,-0.050471,-0.12252,-0.11447,-0.11234,-0.10423,-0.022023,0.037031,-0.026993,-0.05687,-0.0050469,0.093565,0.15239,0.17203,0.16896,0.15262,0.13237,0.06814,-0.062365,-0.16414,-0.198,-0.2172,-0.93066,-0.36373,0.67007,0.56225,-1.0552,-0.86548,0.34206,0.30613,-0.096679,1.134,0.30021,-0.020244,-0.20071,-0.065522,0.33373,0.29467,0.41053,0.43759,-0.14704,0.78512,0.61578,0.39796,-0.46769,-0.14159,0.30721,0.23723,0.18558,0.2673,-0.083338,-0.40277,-0.37833,-0.28156,0.010684,0.11261,-0.159,0.40632,-0.46105,-1.0816,-0.62543,0.46722,0.053196,-0.46798,-0.68983,-0.44097,0.42003,-0.2446,-0.63518,-0.11226,-0.12175,-0.0050925,0.2142,-0.54591,0.15088,0.31171,-0.36739,-0.16297,-0.1557,-0.032159,0.019897,-0.11421,-0.036404,0.099662,-0.29606,0.48422,0.17326,-0.481,-0.92547,0.49811,0.76935,0.046641,1.1632,0.44199,-0.2012,-0.060288,0.060603,-0.1665,-0.07878,0.042881,0.12986,0.27966,0.38076,-0.059944,-0.11663,-0.10562,-0.059338,-0.093646,0.073812,0.17371,-0.042401,0.056846,-0.025538,-0.20443,-0.07504,-1.3704,0.14483,-0.67681,0.62707,1.4553,-0.36205,0.013935,-0.10366,-1.1347,0.27827,0.11933,-0.62497,-0.07063,0.33666,0.11226,0.21782,0.074699,0.092021,0.058301,-0.2322,0.082137,0.17657,-0.066201,-0.23564,0.43666,0.10548,-0.19163,0.27964,-0.13176,0.17074,0.95179,0.53977,0.11111,0.41932,-0.2421,0.28316,-0.24915,-0.64924,0.051652,0.42613,-0.11251,-0.26096,0.49166,0.10159,-0.1475,0.4029,-0.42586,-0.028406,0.25486,-0.039973,-0.41419,-0.23556,-0.081993,0.17406,0.031944,-0.16646,-0.13235,-0.29987,-0.34589,0.047839,-0.7623,0.55444,0.18166,-1.0978,-0.30247,-0.47797,1.1201,-0.15333,0.21055,1.374,0.74617,-0.51687,-0.070281,0.27975,0.25799,-0.32927,-0.47498,0.41072,-0.24922,-0.31067,0.36932,-0.29263,0.40276,0.20148,0.08202,0.16336,-0.37825,0.1162,0.19252,0.14725
0.89671,0.97678,0.78732,0.425,0.045632,-0.10478,-0.053656,-0.052068,-0.090324,-0.11274,-0.1368,-0.14656,-0.061731,0.02092,-0.016165,-0.067941,-0.11615,-0.11526,0.0010725,0.16348,0.25802,0.29459,0.31919,0.32455,0.1888,-0.083699,-0.15466,-0.017455,0.066175,0.046335,-0.15923,-0.29003,-0.24615,-0.30506,-0.079409,0.12359,0.12846,0.070965,-0.017514,-0.023659,-0.003118,-0.020414,-0.029889,-0.044295,-0.00090804,0.026391,0.05884,0.13895,0.13742,0.11615,0.13744,0.13572,0.078983,-0.073184,-0.06856,0.0096169,0.065761,0.055625,-0.015309,-0.045442,-0.0258,-0.012935,-0.013503,-0.028917,-0.10333,-0.16427,-0.14949,-0.15291,-0.080287,0.067415,0.12725,-0.0045323,-0.096847,-0.019394,0.055515,0.097489,0.20622,0.26587,0.17006,0.0075154,-0.069694,-0.071198,-0.019274,0.026774,0.049594,0.058321,0.056779,0.032291,0.014432,0.015107,0.012234,0.01664,0.00021015,-0.036728,-0.0023618,0.028263,-0.45204,-0.81122,-0.46417,0.16137,-0.35023,-0.26456,-0.13034,-0.12169,-0.028196,0.091674,0.053555,-0.017306,-0.055139,-0.038077,0.013102,0.058801,0.050112,0.021804,-0.031442,-0.089594,-0.11162,-0.077398,0.0047485,0.098718,0.1661,0.17355,0.297,0.35134,0.24382,0.17918,0.18318,0.20892,0.23437,0.19675,0.17597,0.51828,0.67067,0.28463,-0.12261,-0.28849,-0.32569,-0.28044,-0.17944,-0.069826,0.0048731,0.046381,0.075509,0.077288,-0.051563,-0.12191,0.0036871,0.15243,0.12972,0.061421,0.14286,0.079733,-0.00035041,0.11338,0.12735,0.079063,0.052159,0.028224,0.027017,0.074461,0.11516,0.11443,0.067024,-0.02357,-0.12133,-0.27249,-0.38972,-0.33682,-0.11833,-0.15702,-0.25255,-0.22553,-0.20885,-0.21131,-0.20766,-0.18847,-0.15982,-0.14596,-0.027207,0.13207,0.15576,0.13207,0.061757,0.019184,0.009664,-0.014824,-0.025667,0.0067405,0.040101,0.032671,0.010933,-0.011081,0.033364,0.12478,0.18342,0.14914,-0.2922,-0.82906,-0.56816,0.057289,-0.58836,-1.927,0.58739,0.30138,1.5573,-0.45842,0.0027377,0.23499,0.13992,-0.22307,0.43435,0.32916,0.30569,1.1876,-0.016386,-0.051413,0.023414,0.7666,-0.17392,-0.15556,-0.148,-0.061053,0.54227,-0.42464,-0.23496,-0.0587,-0.049595,0.052024,-0.30349,0.091507,1.5416,-0.10173,2.4021,-0.058231,-1.5249,-0.31401,0.89152,-0.25102,-0.41344,-0.10176,0.05571,0.15602,-0.30317,0.059683,0.39875,-0.42869,0.16707,0.27638,0.55132,-0.47529,0.09483,-0.151,-0.19821,-0.89704,-0.17571,0.14944,0.3302,-0.15274,0.28,-0.0033152,1.6838,1.3379,-0.53809,0.53694,0.84467,1.4203,0.5266,0.44618,-0.55729,0.042054,-0.88495,0.88477,0.074475,-0.25879,-0.16451,0.06804,-0.27857,0.078872,0.0012019,-0.23544,0.045099,-0.36071,-0.12659,-0.055775,0.461,0.5826,0.10964,0.25925,0.17378,0.21515,-0.28381,0.35617,-2.2659,-0.46963,0.49755,-0.11238,0.21636,0.088713,-0.49498,0.89407,0.53748,0.088178,0.51973,-0.017076,-0.67607,-0.17931,-0.43814,0.28436,-0.11277,-0.43568,0.11519,0.40554,-0.42152,0.51581,-0.24553,0.067774,-0.18234,0.2542,-0.19345,-0.37866,2.2414,-0.25053,-1.8105,-0.62576,0.3881,-0.094112,0.041033,-0.30428,0.015769,0.43857,-0.061917,0.21042,0.22783,-0.68116,0.12176,0.26672,0.11877,0.2428,0.19071,0.091945,-0.46797,-0.35786,-0.22683,-0.63447,0.5449,0.071424,0.047877,0.22008,0.08834,0.21266,0.051867,1.0118,1.7785,-0.66668,0.55662,0.54483,0.26402,-0.93843,-0.53579,0.29648,0.45099,0.038728,-0.028414,0.50753,-0.084983,-0.62038,-0.28953,0.18677,0.56762,-0.28426,-0.0036559,0.15701,0.025989,0.30235,-0.44777,0.070923,0.11686,-0.40221,0.22408,-0.099999
0.39888,0.29719,0.00625,-0.18329,-0.24174,-0.13787,0.092869,0.28193,0.29876,0.19241,0.081679,0.031822,0.090893,0.155,0.11598,0.0069185,-0.12639,-0.20043,-0.21233,-0.16398,-0.66169,-0.67656,0.15003,0.17544,0.068107,-0.058704,-0.12462,-0.072787,0.014453,-0.016982,-0.085906,0.10426,0.29032,0.35263,0.29837,0.20105,0.080648,-0.015607,-0.047227,-0.037359,-0.027165,-0.041748,-0.046112,0.09066,0.19333,0.16852,0.15514,0.055509,0.081497,0.15026,-0.029889,-0.16817,-0.18931,-0.087842,-0.050144,-0.04697,-0.046363,0.11494,0.22518,0.22354,0.22111,0.2136,0.22722,0.23277,0.22681,0.16754,0.11906,0.0348,-0.026828,0.051995,0.027202,-0.016046,-0.14524,-0.272,-0.33293,-0.35939,-0.31487,-0.21436,-0.20761,-0.2775,-0.27686,-0.095544,0.082633,0.073785,0.026992,-0.047342,-0.069359,-0.036563,-0.0054371,0.012645,0.011505,-0.046349,-0.1689,-0.25748,-0.31807,-0.30661,-0.065241,0.089865,-0.049261,-0.13624,-0.55575,-0.25496,0.094565,0.19472,0.22637,0.17608,-0.01395,-0.22199,-0.30809,-0.26615,-0.15654,-0.032922,0.090008,0.1305,0.054691,-0.030814,-0.11872,-0.18076,-0.19294,-0.1815,-1.0462,-0.82561,0.31555,0.27676,0.17551,0.10286,0.020589,-0.090351,-0.14875,-0.11593,0.021182,-0.024457,-0.072548,0.015717,0.10139,0.17568,0.087804,-0.052703,-0.027266,-0.0013747,0.030904,0.065005,0.071516,0.079126,0.17106,0.2538,0.18052,0.069137,0.14706,0.25495,-0.019865,-0.18533,-0.036156,-0.10658,-0.13312,-0.13329,-0.12819,-0.23939,-0.31261,-0.21045,0.063711,0.33163,0.47544,0.46723,0.24448,0.013712,0.020548,0.049672,0.069481,0.11865,0.082114,0.081456,0.014859,-0.0249,0.013929,0.065791,0.11302,0.13255,0.0099306,-0.08363,-0.088903,-0.050918,-0.0012303,-0.020643,0.024604,0.13075,0.22832,0.27664,0.28113,0.24578,0.17444,0.091641,0.022196,-0.11586,-0.34218,-0.44933,-0.14181,0.066047,-0.062494,-0.20819,0.89817,-1.1666,-1.5534,-0.062588,-0.055081,-1.3903,0.90766,0.78961,0.093561,-0.5104,-0.19121,-0.42994,-0.066367,0.51011,0.34785,-0.16182,0.49782,0.5745,0.099769,-0.26752,-0.17904,-0.17184,0.10985,-0.13274,0.31994,-0.37505,-0.11343,0.13249,0.42248,0.21989,0.64823,-0.18395,-0.38193,-1.6281,-2.6442,0.90953,0.64549,-0.32572,-0.79129,0.25421,-0.91963,1.0754,-0.45196,-0.29291,-0.099759,0.031094,-0.41828,0.23709,-0.2332,0.036957,0.27434,0.49962,-0.42959,0.20733,-0.084521,0.3315,0.11054,0.24344,-0.035934,0.034834,1.1916,-0.50304,0.74846,-0.51301,0.075247,-1.0577,0.040797,1.3077,0.42323,0.029643,-0.13477,0.026027,-0.32256,-0.24282,-0.0081844,-0.033105,0.14427,0.15249,0.1519,0.35204,-0.22976,-0.13563,0.057552,-0.0020445,-0.040356,0.51723,0.37565,-0.08586,-0.33666,-0.37442,-1.2668,1.6736,0.76196,-0.36041,-0.075773,0.0021601,-0.17527,-0.57889,-0.78061,-0.4025,-0.39372,-0.76389,-0.69829,0.23079,-0.35123,-0.052026,0.13354,-0.17652,0.069755,-0.060342,0.1094,0.38366,-0.26517,-0.16491,0.16946,0.019739,-0.62088,0.019622,-0.29455,-0.27491,2.2828,-0.47056,1.3328,-0.9014,-0.2417,1.0769,-0.01208,-0.87943,-0.12412,0.45628,0.37289,-0.038317,0.21618,0.43409,-0.68319,0.18251,0.12813,0.36287,-0.38626,0.38287,0.58654,-0.25344,0.10134,0.090391,0.065355,-0.24981,0.055958,-0.15429,-0.099854,0.17819,-0.79369,1.376,-0.9775,0.35603,-0.31538,-0.015776,1.4837,-0.62865,0.88637,0.2875,0.27461,-0.5788,-0.66154,-0.42525,-0.064547,-0.061871,-0.02076,-0.16,-0.087981,0.28827,0.039477,0.039922,0.3367,-0.38155,-0.3079,0.11557,0.2546,-0.33281,0.31699,0.21259
0.27284,0.20531,-0.05171,-0.19341,-0.16717,0.0032618,0.17153,0.22016,0.20088,0.16354,0.15385,0.14998,0.13079,0.14046,0.17217,0.14952,0.063451,-0.07996,-0.16375,-0.16287,-0.55908,-0.48525,0.066554,0.074703,0.20538,0.37405,0.22256,-0.045295,0.017525,0.0023661,-0.048174,0.031025,0.14359,0.085802,0.04516,0.034435,-0.032352,-0.077561,-0.075841,-0.057133,-0.03748,-0.045059,-0.062306,-0.079281,-0.049195,0.013374,0.064397,0.12415,0.15481,0.11979,0.077177,0.078864,0.071539,0.045553,0.022918,-0.023914,0.017306,0.10519,0.12978,0.11579,0.11807,0.19619,0.26091,0.24123,0.087406,-0.059603,-0.040494,0.0017652,0.021879,-0.037663,-0.028471,-0.13833,-0.27904,-0.37496,-0.42627,-0.41025,-0.33543,-0.30667,-0.2749,-0.17969,-0.069735,0.047172,0.10487,0.11019,0.10205,0.090588,0.093261,0.098141,0.061488,0.049587,0.086566,0.1182,0.12779,-0.0083423,-0.16034,-0.21175,-0.22967,-0.22241,-0.40733,-0.56245,-0.63884,-0.37708,-0.065604,0.0015587,-0.025685,0.012761,0.030665,-0.053303,-0.084342,-0.017044,0.062957,0.066435,0.13873,0.21447,0.21496,0.15526,0.063774,0.0164,0.016479,-0.021699,-0.94744,-1.0298,-0.097554,-0.11867,0.076015,0.19726,0.13733,0.10541,0.14251,0.042765,-0.068595,0.27049,0.3139,0.11141,-0.063842,-0.12327,-0.025509,0.052168,0.051751,0.02564,-0.040591,-0.064896,-0.031837,-0.0082791,-0.025603,-0.048633,0.0083692,0.11326,0.14585,0.072875,-0.039456,-0.11428,-0.058176,0.0054833,0.038661,0.036759,0.022693,-0.017339,-0.16245,-0.26742,-0.21567,0.00084231,0.15604,0.080203,0.069279,0.16433,0.10956,0.14197,0.11676,0.036215,0.050982,0.0016408,-0.0066506,0.041493,0.078529,0.11415,0.15077,0.083812,-0.014096,-0.059279,-0.11828,-0.066943,0.0082572,-0.042345,-0.065581,-0.027509,0.022782,0.017322,0.081763,0.17231,0.21504,0.20667,0.14094,0.15107,0.12476,-0.035754,-0.15147,-0.14591,-0.19337,-0.23079,-0.14908,-1.9971,-1.4584,0.076846,-0.4179,-1.3943,1.2679,0.38975,0.18917,0.23564,0.73988,-0.15614,1.1164,-0.0035967,0.12972,0.26512,0.33255,0.31234,-0.13535,0.11703,-0.29681,-0.58853,-0.15765,-0.16927,0.24235,-0.20982,0.0081092,-0.0091671,-0.046416,0.018401,1.9168,1.2984,0.029135,-0.58313,-2.6119,0.54254,1.0575,0.60027,-0.4931,0.46015,-0.45148,-0.04266,-0.65473,-0.40773,-0.40353,-0.06266,-0.44551,-0.13025,-0.32473,0.029271,0.13933,0.24653,-0.41391,0.25346,0.19478,0.33387,0.081907,0.15751,0.10859,0.13132,1.5009,-0.086997,1.261,-0.19697,1.102,0.01226,-0.26799,0.5542,-0.35622,0.37381,-0.057604,-0.13777,0.39745,0.53209,-0.19209,0.034749,0.29508,-0.55951,0.055026,0.29616,-0.044723,-0.073654,0.37778,0.086117,-0.049692,0.44822,0.13328,-0.28619,-0.079146,-0.088483,-0.92858,2.0095,0.30313,-0.50679,-0.056472,0.40227,0.11597,-0.9242,0.30763,-0.17886,0.11913,-0.26675,-0.039004,-0.15464,-0.036028,0.13078,-0.090007,-0.067637,0.31413,0.25366,0.30767,0.62648,-0.17712,-0.25193,0.26938,0.082606,-0.23225,-0.040498,-0.1797,-0.28436,2.1743,-0.91962,0.69834,-0.60115,0.76064,1.0356,-0.41354,-0.6716,-0.069791,-0.63432,0.32798,-0.24309,0.1203,0.012268,-0.5722,0.29791,0.13628,0.020985,-0.071588,0.26316,0.29729,0.046306,0.40683,-0.12766,0.063609,0.015352,0.12606,-0.025658,-0.20301,0.050212,-0.87516,2.0043,-0.88314,0.10063,0.7954,-0.58328,0.37284,-1.068,0.19131,-0.63688,0.36779,-0.55568,0.023917,0.056717,-0.15842,0.073597,-0.59996,0.14566,-0.52204,0.13195,-0.21154,-0.21116,0.083324,-0.28038,-0.13182,0.1181,0.24409,-0.25973,0.030706,0.23279
0.29888,0.22776,0.21293,0.18722,0.082477,-0.0080709,0.030235,0.081516,0.098509,0.076667,0.059013,0.063754,0.060486,0.051238,0.070939,0.085721,0.051539,0.0076179,-0.1,-0.18375,-0.2122,-0.20337,-0.094387,0.26805,0.38125,0.080887,-0.083636,-0.083616,-0.30918,-0.43802,-0.31106,-0.147,-0.027545,-0.10756,-0.17798,-0.17925,-0.10028,-0.023711,0.025232,0.050221,0.10863,0.14596,0.1717,0.20387,0.19248,0.17148,0.14335,0.028461,-0.086273,-0.12793,-0.19295,-0.20375,-0.21559,-0.03581,0.12747,0.083233,0.031161,0.044779,0.073853,0.1028,0.10326,0.031299,-0.042923,-0.034054,0.0035195,0.055162,0.091314,0.044086,-0.020353,0.013718,-0.075635,-0.15586,-0.14242,-0.094164,-0.033149,0.017973,0.038466,0.039437,0.030982,0.051918,0.092352,0.095269,0.092022,0.092284,0.083206,0.0589,0.050574,0.063929,0.068277,0.045641,0.03588,0.055081,0.071653,0.028197,-0.034784,-0.047714,-0.052717,-0.95161,-0.94063,0.22486,0.76349,-0.046477,-0.24957,-0.21262,-0.070203,0.10681,0.064113,-0.016433,-0.079456,-0.097734,-0.035848,0.038421,0.057896,0.066206,0.061014,0.03179,-0.0048868,-0.045378,-0.27725,-0.59723,-0.57158,-0.32806,-0.072174,0.31182,0.44587,0.36718,0.25848,0.19062,0.18386,0.050485,-0.0023924,0.35009,0.38052,0.13413,0.1333,0.21895,0.18985,0.14977,0.10569,0.067822,0.023372,-0.038311,-0.12583,-0.072986,0.12097,0.20586,0.1141,0.070666,0.069193,0.012516,-0.0556,-0.044679,0.014387,0.041235,0.050334,0.13067,0.2513,0.19548,0.045636,0.0023345,-0.03952,-0.099362,-0.13768,-0.13567,-0.11996,-0.11662,-0.068908,-0.050895,-0.051522,0.0026513,-0.061216,-0.086221,-0.065858,-0.05623,-0.039994,-0.011078,-0.02644,-0.044451,-0.032356,-0.041582,-0.06933,-0.11275,-0.096538,-0.056549,-0.071947,-0.068026,-0.019987,0.021497,0.0099867,0.064619,0.11936,0.11054,0.074521,0.042379,-0.0073904,-0.058762,-0.15542,-1.3767,-1.0382,0.46042,1.4363,-1.4599,1.154,0.008156,-0.3979,0.13429,1.7939,0.9742,-0.21671,0.62571,-0.020303,0.92786,0.081321,0.19365,0.20479,0.27396,-0.11598,0.5742,0.27318,-0.13997,-0.5298,0.11685,0.38477,-0.10821,-0.55073,-0.37745,0.089821,0.04101,0.4881,-0.072005,-0.28499,0.48618,1.3043,-0.35686,-1.5297,0.15424,0.3604,0.37719,-0.58643,-0.10964,-0.41373,0.43341,-0.4487,-0.94812,-0.33775,-0.085389,0.34899,0.10232,-0.59168,0.0083003,0.076449,-0.2926,-0.077714,-0.65294,0.40811,0.32464,0.1897,-0.12233,0.31706,0.1408,0.28372,1.4588,-0.74645,-0.7615,0.7881,0.13108,0.058864,0.97137,-0.1769,0.28111,-0.61712,0.24805,-0.10985,0.10827,0.31359,-0.021397,-0.34174,-0.33459,0.42189,-0.020062,-0.051855,0.33469,0.40741,-0.13403,0.21834,-0.06701,-0.28769,-0.23999,-0.053213,-0.0046557,-1.9641,0.8681,-1.524,-0.41685,1.6314,0.1005,0.022262,-0.24986,-0.70546,-0.26766,0.15523,-0.8905,-0.013719,0.60874,-0.6016,0.51025,-0.023532,-0.31359,0.35057,-0.11828,0.2846,-0.11912,-0.11342,0.37772,0.086166,0.3621,-0.018768,0.47477,-0.051074,0.11629,0.84231,-0.152,-1.0682,0.26036,-0.51326,0.2799,-0.51202,-0.45642,0.46432,0.51312,0.31736,-0.8637,0.59867,-0.097057,0.0063354,0.17772,-0.38015,0.041077,0.48362,-0.47995,-0.34037,-0.46581,0.18698,-0.33343,0.080455,0.20349,0.022757,-0.010493,-0.32132,-0.016899,-0.83266,1.1222,1.2431,-1.2708,0.12958,-0.41971,1.1485,0.19586,0.75094,1.2318,1.1171,-0.58189,-0.5265,0.83802,0.42706,-0.98684,-0.51828,0.43025,-0.13708,0.042601,0.16422,-0.28793,0.19037,0.22443,0.20344,-0.28287,-0.50904,-0.0083559,0.019159,-0.14377
0.16466,0.10892,0.27025,0.26967,0.15236,0.065358,0.028249,0.066466,0.10942,0.094751,0.061044,0.03117,0.011769,0.057089,0.10877,0.071692,0.021767,-0.019288,-0.017043,0.0053376,-0.42253,-0.34807,0.34518,0.23089,0.091677,-0.055017,-0.13406,-0.16953,-0.22053,-0.25517,-0.15083,-0.096989,-0.14934,-0.20885,-0.15818,-0.10327,-0.09629,-0.056756,-0.024805,-0.0117,-0.012038,-0.010342,-0.012227,-0.034,-0.083555,-0.013866,0.13678,0.24126,0.26583,0.16269,0.075478,0.099195,0.095602,-0.041804,-0.072282,-0.046551,-0.04019,-0.026121,-0.019096,-0.01023,0.0045685,0.065866,0.078027,0.041068,0.052281,0.068202,0.084708,0.11603,0.12354,0.028833,-0.040256,-0.082224,-0.047547,0.02388,0.038188,0.044756,0.0024477,-0.029128,0.014958,0.1211,0.13259,0.046504,-0.0093906,0.010778,0.032481,0.035702,0.033528,0.035921,0.033646,0.027741,-0.00080299,-0.018324,-0.0083783,0.024773,0.088557,0.15286,0.011844,-0.18351,-0.74305,-1.0857,0.82022,0.15347,-0.17652,-0.17255,-0.16531,-0.097892,-0.040742,-0.05108,-0.072755,-0.11063,-0.10711,-0.074229,-0.035227,0.0064608,0.018442,-0.027455,-0.062769,-0.085147,-0.076154,-0.013244,-0.74597,-0.48104,0.39177,0.29958,0.18483,0.10187,-0.033834,-0.13883,-0.12878,-0.084146,0.052172,0.48616,0.61413,0.22416,0.12712,0.18765,0.17146,0.15532,0.14495,0.15668,0.15888,0.11871,0.050588,-0.030044,-0.079263,-0.069067,0.089317,0.30796,0.32143,0.11171,-0.10132,-0.23893,-0.11585,0.11785,0.17554,0.049111,-0.092404,-0.090669,-0.071064,-0.033536,0.018216,0.052056,0.0738,0.089356,0.078901,0.016604,-0.017309,0.041511,0.053953,-0.015441,-0.014139,-0.008802,-0.011616,-0.0025697,0.02101,0.052297,-0.038309,-0.11653,-0.11534,-0.14392,-0.15606,-0.056055,0.045647,-0.0076342,-0.047732,-0.071677,-0.051059,-0.014097,-0.0053484,-0.0062383,0.0096131,0.014047,-0.014939,-0.057797,-0.059708,-0.033952,0.0375,-0.0097366,-0.24223,-0.2692,0.16508,-2.0035,-0.51351,0.8566,0.62586,-0.9612,-0.51204,-0.49998,0.91101,-0.24232,0.34445,-0.14597,1.2425,0.027885,0.15863,-0.015805,0.36988,0.41305,-0.41234,-0.39552,0.21135,-0.25791,0.15065,0.019247,-0.057717,0.039806,0.25377,0.047521,0.074347,-0.18697,0.30381,0.13831,1.4352,-0.42606,-1.619,0.79156,0.67001,0.62049,-0.28337,-0.17087,-0.071972,0.33091,-0.18248,-0.80189,0.04671,0.28835,0.24804,-0.079785,-0.6016,0.21617,-0.20906,-0.62055,-0.38458,-0.34952,-0.29006,0.39815,0.18434,0.053933,0.24086,-0.20176,0.14077,0.96716,-0.21789,-0.12112,0.59038,0.41873,-0.47764,0.82538,0.063406,-0.060575,-0.44211,0.032891,-0.64136,0.24098,0.28941,0.20643,0.085601,-0.15556,-0.073876,0.4884,-0.20968,0.050894,-0.29002,-0.13822,0.068921,0.30772,-0.088166,0.079553,-0.18075,-0.17081,-1.6612,0.91228,-1.3497,-0.67193,1.0485,0.66793,0.28615,-0.34388,-0.54723,-0.022492,0.069851,-0.54233,-0.30441,0.27185,-0.28082,0.92251,-0.33389,0.18669,-0.40283,0.26901,0.36442,0.48357,-0.24147,-0.0029101,0.071311,0.09094,-0.23467,0.037088,-0.13166,-0.33457,0.67392,-0.22792,-0.86553,-0.3076,-0.23678,0.81615,-0.54329,-0.052291,0.2378,0.2492,0.18108,-0.45425,0.26302,0.31546,-0.46616,0.12103,-0.24013,0.14541,0.36688,-0.19958,-0.072468,-0.099316,-0.39506,0.025446,0.14811,-0.10153,0.24322,-0.32771,-0.16956,-0.055769,-1.0324,1.2359,0.74211,-1.15,1.0861,-0.73006,0.50219,0.11222,0.19663,0.68457,0.47609,-0.45444,-0.82195,0.30812,0.1427,-0.86883,-0.56803,0.10821,-0.43981,-0.059402,0.11009,-0.57954,-0.053612,-0.034596,-0.098183,0.38282,-0.24073,0.071133,0.35028,0.047057
0.49256,0.042501,0.044125,-0.041021,-0.046535,0.054692,0.16225,0.18397,0.14734,0.090989,0.086465,0.11558,0.11798,0.10442,0.092555,0.048123,-0.056604,-0.15537,-0.18224,-0.27471,-0.3944,-0.41314,-0.2008,0.065665,0.077247,0.20562,0.18843,0.023239,-0.0078376,0.026317,0.020219,0.071549,0.14654,0.13424,0.10346,0.068382,0.014544,-0.026221,-0.011436,0.009236,0.0052488,0.00069687,0.0090198,-0.0082216,-0.066296,-0.10062,-0.065082,-0.0024941,0.057543,0.084035,0.067157,0.12243,0.20574,0.18017,0.10346,0.04515,-0.0247,-0.047819,-0.012519,0.007161,0.011848,-0.0010167,0.091239,0.2074,0.24723,0.27571,0.26524,0.12449,0.0052262,0.07008,0.018672,-0.048005,-0.18292,-0.31805,-0.38355,-0.39041,-0.29738,-0.17643,-0.11339,-0.08364,-0.022398,0.052912,0.11366,0.14784,0.14681,0.11564,0.10795,0.10219,0.10546,0.11547,0.12946,0.13743,0.038233,-0.12375,-0.22733,-0.26123,-0.25486,-0.79265,-0.74319,0.22455,1.5369,0.78971,-0.16943,-0.13184,-0.14108,-0.076188,-0.038303,-0.10642,-0.11848,-0.099885,-0.041202,0.030093,0.060743,0.18958,0.25725,0.17741,0.060356,-0.032627,-0.054697,-0.1472,-0.44741,-0.35077,-0.053302,-0.043177,-0.10058,0.074987,0.21901,0.21198,0.1522,0.0014595,-0.094009,0.14379,0.1431,0.056484,0.062421,0.065675,0.10811,0.14636,0.11248,0.055318,0.047837,0.028474,-0.050609,-0.14047,-0.16321,-0.083798,0.075535,0.19835,0.17773,0.11777,0.091384,0.0093375,-0.073272,-0.024089,0.075535,0.15868,0.1375,0.034871,0.007285,-0.014738,-0.0418,-0.075021,-0.12065,-0.11325,-0.074596,-0.026556,0.11306,0.14744,0.093646,0.12002,0.073246,0.076201,0.028175,0.0070073,0.050878,0.095857,0.12064,0.0065241,-0.10489,-0.11532,-0.1488,-0.21253,-0.12649,0.018425,-0.0058541,0.014859,0.011864,0.046186,0.083636,0.092177,0.11754,0.085224,0.10622,0.084187,-0.039675,-0.11626,-0.1689,-1.6412,-1.3478,0.48692,2.0508,-1.527,-0.54841,-0.12113,-1.495,0.19801,2.0135,0.23478,-0.33754,-0.04802,-0.01733,-0.19873,0.64628,0.21848,-0.098683,-0.28066,-0.1589,-0.30669,0.16751,-0.33437,-0.37486,-0.19732,-0.049914,0.021806,0.016264,0.015694,-0.20052,0.020755,-0.090337,-0.075613,-0.56642,0.43504,0.46804,-0.548,-0.97903,0.12596,0.90681,0.62389,-0.5937,-0.29907,-0.012749,0.13,-0.19565,-0.57762,-0.40088,-0.20791,0.16492,-0.072163,-0.39914,-0.3664,0.36721,-0.1684,-0.17233,0.12812,0.30128,0.27686,0.10314,0.0975,0.26273,0.19002,0.073375,0.84212,-1.1446,-1.4882,0.63508,-0.72709,-0.22727,0.57291,-0.046434,0.44619,-0.44481,0.51645,0.57031,0.17829,-0.20103,-0.28448,-0.11399,-0.23524,-0.003717,0.070977,-0.0021434,-0.24234,0.070209,0.27678,0.053947,0.2145,0.13055,-0.11592,-0.15774,0.059259,-2.1659,0.71089,-0.84327,0.097344,1.7761,0.61787,-0.67281,-0.60718,-0.73989,-0.57639,-0.21557,-0.35327,0.20601,0.077391,-0.13808,0.31169,0.50524,0.48079,0.0070818,0.46502,0.099066,0.23961,-0.053781,-0.049594,0.1458,0.12322,-0.038087,0.0433,-0.218,-0.21716,0.60763,-0.035188,-0.25233,1.1147,0.39744,0.93413,-0.53446,-0.72499,0.047041,-0.016381,-0.111,-0.64799,0.037873,-0.34498,0.047866,0.49638,-0.14488,-0.064007,0.041537,0.045524,-0.37881,-0.42428,0.29446,-0.016981,0.2883,-0.1092,0.019011,-0.19097,0.026905,0.12563,-2.5178,0.72712,0.58833,-1.242,-0.67545,-0.66241,0.76353,-0.76932,0.34326,0.55715,0.67926,-0.41481,-0.35897,-0.31758,-1.0006,-0.038169,-0.084718,0.10768,-0.089195,-0.26382,0.013612,-0.37445,0.18353,-0.14151,0.12224,0.082699,0.14898,-0.18979,0.094326,0.045805
0.4931,0.11663,0.33919,0.4067,0.29907,0.12878,0.028827,-0.002985,0.027373,0.061593,0.044334,0.025002,0.011814,-0.0043401,0.044313,0.090328,0.06311,0.060309,0.073313,-0.10681,-0.13459,0.1893,0.21455,-0.077179,-0.16131,-0.021527,0.072715,0.10031,0.041619,-0.12055,-0.26322,-0.18602,-0.069777,-0.1473,-0.13773,-0.07774,-0.024495,-0.017427,-0.058051,-0.020282,0.029665,0.018156,0.0049897,-0.012422,0.053784,0.10192,0.098367,0.1264,0.10834,0.0088628,-0.057334,-0.072268,-0.091026,0.045497,0.086964,0.04344,-0.0067179,-0.036531,-0.023819,-0.0090679,0.0072899,0.018502,-0.002653,-0.0245,-0.01485,0.0045455,0.0090936,0.00056972,0.029274,0.096971,0.054693,-0.0073343,0.0095832,0.024761,0.02544,0.073434,0.17352,0.20425,0.159,0.095952,0.013464,-0.014969,0.023833,0.059616,0.070084,0.045508,0.027135,0.028433,0.026763,0.028755,0.037221,0.045437,0.051356,0.025599,0.0072346,0.0026962,-0.021819,-0.22084,-0.948,-1.289,1.5128,0.75766,-0.20163,-0.16749,-0.17308,-0.1075,-0.030337,-0.025262,-0.022306,-0.041406,-0.06224,-0.040906,0.0018942,0.027053,-0.0060297,-0.067414,-0.086878,-0.10218,-0.12757,-0.24059,-0.16118,0.23765,0.35234,0.18771,0.095141,0.12639,0.13256,0.12656,0.15168,0.058513,0.082652,0.56126,0.63463,0.36142,0.093175,-0.0017335,-0.06751,-0.08221,-0.043975,-0.0030162,-0.0060292,-0.023207,-0.022626,-0.010084,-0.047401,-0.061211,-0.002011,0.054651,0.020068,-0.12707,-0.15662,0.18797,0.25397,0.097726,-0.017116,-0.033994,-0.018148,-0.033481,-0.029734,-0.013454,0.021604,0.0507,0.048641,0.032794,-0.0054363,-0.078642,-0.11127,-0.12049,-0.080539,-0.031473,-0.055177,-0.057662,-0.043609,-0.027311,-0.0050083,-0.08512,-0.15756,-0.14788,-0.14881,-0.14182,-0.07618,0.031186,0.046722,-0.014478,-0.042881,-0.024558,0.0026404,0.0067153,0.018067,0.061277,0.086984,0.060024,0.013575,0.012035,0.019036,-0.0226,-0.090396,-0.074228,-0.50409,-0.79075,-0.019725,-2.2994,0.006006,0.87032,0.91765,-0.16817,-0.16006,-0.40607,0.57726,-0.17747,0.37528,-0.080217,0.35524,0.44267,0.16511,0.053818,0.5538,0.36609,0.0036755,-0.53492,-0.46481,-0.30067,0.70562,0.1984,-0.22235,0.0699,-0.34409,0.059239,-0.27255,0.1048,0.18043,-0.12187,1.9712,-0.17895,-1.02,-0.41785,0.35268,0.43928,-0.33628,-0.012448,-0.010381,0.28731,-0.32395,-0.54966,0.65449,-0.11596,0.66251,0.15938,-0.49109,-0.021014,0.71598,-0.29132,-0.10881,-0.32908,0.041304,-0.26711,0.021046,-0.072959,0.31963,-0.053988,0.66906,1.7856,-1.4619,-0.41474,0.36525,-0.13235,-0.063603,0.45646,-0.27148,0.36892,-0.51799,0.44168,-0.45655,0.19352,0.18503,0.38631,-0.039077,0.17686,0.14976,-0.16135,0.094623,-0.27033,-0.14298,-0.0052791,0.064523,0.27451,-0.33087,0.034091,-0.10882,0.020451,-1.1249,-0.011484,-2.2502,0.55809,-0.47996,0.84276,0.192,-0.27493,-0.17143,0.20582,-0.042562,0.073923,-0.5411,0.030915,-0.33239,1.0956,0.71035,0.11324,0.065551,-0.082885,-0.36985,-0.12457,-0.39536,-0.12015,-0.16181,0.28463,-0.76573,0.46025,0.19057,-0.26342,1.1583,0.11755,-1.4193,0.18948,-0.28424,0.35611,-0.24806,0.0064365,0.2909,0.53131,0.15608,-0.28617,-0.046451,0.14598,-0.062887,0.27175,0.10649,0.11571,0.60255,-0.019414,-0.41382,-0.63488,-0.15786,-0.034448,-0.046687,-0.048739,0.13812,-0.013276,-0.11285,0.045967,-1.5858,0.59781,1.9141,-0.99691,-0.0089153,-0.51684,-0.31903,-0.19522,0.16033,0.63761,0.21433,-0.52694,-0.27451,-0.15961,-0.41763,-0.06137,-0.20233,0.17055,0.40452,0.10578,0.53181,-0.38865,-0.023566,0.25577,-0.16426,0.015781,0.1915,0.28351,0.27626,0.11743
-0.01131,-0.073056,-0.26046,-0.32749,-0.2857,-0.14502,-0.083246,-0.09851,-0.10781,-0.13098,-0.14481,-0.1504,-0.15959,-0.17579,-0.084152,0.010129,-0.047965,-0.075857,-0.023445,0.070977,0.13234,0.16711,0.29267,0.38543,0.14124,-0.095945,-0.12365,-0.075245,-0.14269,-0.25015,-0.36427,-0.32754,-0.28329,-0.3427,-0.079874,0.14501,0.16051,0.13092,0.07997,0.14305,0.19817,0.16706,0.14507,0.12497,0.098815,0.06537,0.042615,-0.03895,-0.093698,-0.013233,0.056105,0.087129,0.13158,0.12736,0.071469,0.05252,0.037418,-0.024579,-0.070343,-0.066407,-0.048294,-0.03226,-0.030651,-0.11101,-0.19903,-0.20009,-0.20692,-0.19451,-0.13234,-0.049581,0.031849,0.087702,0.11887,0.14661,0.21218,0.24412,0.22098,0.29082,0.37789,0.35448,0.21809,0.045178,-0.057544,-0.073208,-0.069765,-0.073901,-0.077627,-0.073771,-0.072224,-0.07508,-0.078994,-0.082797,-0.087807,-0.038127,0.044018,0.11756,0.20062,0.24721,0.29058,0.30939,-0.076088,0.19516,0.45161,0.43393,0.37251,0.28867,0.10234,-0.024579,0.0043924,0.05146,0.068728,0.055631,0.030131,0.023066,-0.016712,-0.081026,-0.12383,-0.12478,-0.095302,-0.044148,0.0088382,0.23215,0.39772,0.33408,0.28761,0.26649,0.24451,0.18637,0.14217,0.24011,0.32028,0.53516,0.68884,0.2995,-0.017059,-0.11771,-0.17139,-0.17855,-0.16799,-0.17302,-0.15677,-0.12769,-0.089818,-0.055327,-0.09866,-0.11858,-0.071275,-0.099219,-0.1221,-0.066994,-0.002098,-0.041014,-0.13942,-0.12299,-0.038846,-0.0073616,-0.057129,-0.11489,-0.062331,0.04116,0.11945,0.14695,0.1025,0.025478,-0.096485,-0.30177,-0.45908,-0.38295,-0.21474,-0.094697,-0.013914,0.012196,-0.11024,-0.20268,-0.16155,-0.12885,-0.11048,-0.097132,-0.10339,-0.11064,-0.10975,-0.056266,-0.0025065,-0.016277,-0.018661,-0.0080641,0.0032191,-0.0051569,-0.012624,0.0041099,0.014232,-0.01611,-0.066964,-0.14334,-0.17215,-0.1261,-0.1035,-0.11832,-0.088544,-0.041879,-0.45075,-2.6487,0.59905,-0.43566,0.93537,-0.12224,0.099115,1.5958,0.14642,-0.39023,0.51692,-0.74306,-0.19813,0.22971,0.24896,-0.02634,0.16235,0.36358,-0.068255,-0.27716,0.072423,-0.10286,-0.16577,0.13065,-0.2279,0.22865,-0.014587,-0.10397,-0.010217,0.064639,2.5265,0.70926,2.14,0.48384,-1.893,0.16494,0.73054,-1.1737,-1.2084,-0.0758,-0.50189,0.97417,-0.48084,-0.70544,-0.047804,0.17958,0.057318,-0.1307,-0.29855,0.054129,-0.0049809,0.20867,0.044554,0.22407,-0.082989,-0.10089,-0.13698,-0.13777,0.059442,-0.2355,2.424,1.72,-0.055654,1.0074,-0.17308,0.0030928,0.66069,0.53329,0.62854,-0.47654,0.57927,0.35065,-0.15371,-0.16914,-0.23487,-0.35935,-0.16145,0.03945,0.080799,0.29367,-0.36452,0.075859,-0.04904,0.023015,0.12454,0.0088809,0.093574,-0.0089211,0.47485,0.092534,0.043875,1.51,-2.0119,-0.52395,-1.0522,-0.99599,-1.0131,-0.38256,-0.1743,0.33455,0.038139,-0.46816,-0.46828,0.40413,0.0062943,0.17151,0.19125,0.14076,-0.36363,0.22362,-0.087498,0.015649,0.0052628,0.089529,0.069899,0.13474,0.10229,0.065422,0.2591,0.030294,3.1594,-0.69325,-1.5849,-1.2079,-0.69164,-0.43717,0.024413,-0.89725,-0.30415,0.6303,0.18871,0.031337,-0.16054,0.7008,-0.13503,-0.14596,0.39435,0.081426,-0.33947,-0.099252,-0.34376,0.14225,-0.094814,0.14069,-0.31895,0.099978,-0.085296,0.14358,-0.24629,-0.13831,0.04689,1.6884,1.3693,0.58684,0.90157,1.004,0.35385,-0.658,1.1843,0.70643,0.022764,-0.70957,-0.0041005,-0.43914,-0.040686,0.13743,-0.22259,-0.11232,0.062271,0.068361,-0.052531,-0.24452,-0.047047,-0.042636,-0.075537,0.19149,-0.17077,0.25873,-0.039729,0.11133
0.21193,0.28297,0.24256,0.27984,0.21304,-0.023081,-0.036092,0.081987,0.089915,0.067555,0.039699,0.019019,0.027794,0.037301,0.019611,0.0021783,-0.064777,-0.20499,-0.28617,-0.2545,-0.15194,-0.047367,-0.013689,0.0065042,0.046318,-0.0022473,-0.088025,-0.21819,-0.3258,-0.18136,0.036534,0.060717,0.17182,0.13451,0.059469,0.022693,0.006516,0.0061147,0.026236,0.035409,0.02352,0.014615,0.0064835,-0.012069,0.056969,0.13724,0.17718,0.20997,0.071046,-0.10016,-0.1313,-0.13468,-0.07368,-0.012489,-0.039477,-0.041648,0.012239,0.034211,0.014632,-0.026283,-0.033281,-0.048532,-0.055057,-0.035776,-0.013048,-0.0050529,0.0015773,0.010569,-0.040155,-0.078388,0.029882,0.069966,0.072671,0.034564,-0.0046482,-0.020467,0.002838,-0.033207,-0.05074,0.053212,0.12762,0.093274,0.061056,0.080331,0.083037,0.076804,0.080411,0.084545,0.037557,-0.0018498,0.0073597,0.02961,0.061518,0.0057347,-0.083211,-0.11256,-0.73295,-0.65875,0.75866,1.0753,-0.2072,-0.26173,-0.20949,-0.27005,-0.33992,-0.29803,-0.13596,0.011948,-0.027906,-0.041362,-0.04434,-0.043908,-0.035084,-0.024721,-0.029501,-0.028097,-0.087407,-0.30283,-0.46989,-0.37102,-0.14393,0.023452,0.1147,0.2166,0.24825,0.20268,0.17193,0.14621,0.12732,-0.0028931,-0.20754,0.18889,0.22382,0.088969,0.07144,0.088111,0.1039,0.10287,0.072701,0.048349,0.066748,0.084695,0.070512,0.014601,-0.054173,0.01315,0.16993,0.21579,0.18102,0.17077,0.16623,0.053605,-0.098793,0.031529,0.22575,0.25365,0.13906,0.001576,-0.047022,-0.080726,-0.08105,-0.088264,-0.093091,-0.077219,-0.00055634,0.035098,-0.0091399,0.018694,-0.013442,-0.0066335,0.058684,0.065971,0.081205,0.05036,0.029159,0.0633,0.097156,-0.0057018,-0.11245,-0.13197,-0.15872,-0.071494,0.028529,-0.024296,-0.048746,-0.017117,0.013434,-0.017368,-0.0049468,0.03736,0.072156,0.090844,0.086304,0.15463,0.1648,0.092151,-1.202,-1.1792,0.3642,0.4667,1.245,-2.1692,-0.53948,0.2516,-0.40245,0.40155,1.2293,-0.22531,-0.15653,-0.032879,-0.12702,0.014434,0.20036,0.43823,0.34994,0.0067998,0.25176,0.39787,0.36165,-0.057982,-0.35793,0.075123,-0.073915,0.0072105,-0.24759,0.22474,-0.13679,0.068564,0.025811,0.11209,-0.0017805,0.28616,1.1405,-0.28018,-0.91125,-0.19195,0.13006,0.43668,-0.41718,-0.56737,-0.21142,0.3239,-0.44298,-0.6947,-0.042822,-0.080586,-0.018173,0.34321,-0.34634,-0.24618,0.082174,-0.09923,0.0097756,-0.034552,0.10833,-0.12103,-0.08464,-0.023213,0.16681,0.18137,0.38124,1.1176,-0.94708,-0.97564,0.086161,-0.042936,-0.010747,0.29729,-0.4033,0.5524,-0.65936,0.38976,0.27341,-0.62842,0.11302,-0.26296,-0.087898,-0.083233,0.2087,-0.14023,0.052025,-0.015502,0.15176,-0.1055,-0.091097,0.050649,-0.16298,-0.2772,-0.21743,0.061023,-1.468,0.72692,-1.3937,0.47871,1.5158,0.28791,0.21289,-0.030036,-0.84913,0.10625,0.47169,-0.61136,-0.059759,-0.070574,-0.040066,0.43443,0.29108,0.27189,-0.026406,-0.21364,0.34865,0.090354,-0.1837,0.12075,0.12643,-0.042037,0.0093768,0.15168,0.10485,0.093277,0.84456,-0.11394,-0.83031,0.66598,-0.32185,0.23525,-0.37392,-0.19265,0.24343,0.33338,-0.016148,-0.14718,0.59356,-0.14926,0.26886,0.28962,-0.29944,0.19037,0.013483,0.19754,-0.57567,-0.0014631,-0.012126,-0.41287,0.091227,-0.033702,-0.070572,-0.34806,-0.0888,0.079138,-0.84129,0.91917,0.89609,-1.1744,-0.12797,-0.80234,0.50534,0.13068,0.032384,1.1954,0.76761,-0.70917,-0.052714,0.63771,0.2803,-0.71477,-0.51819,0.10627,-0.31988,-0.4788,0.12777,-0.18202,0.36308,0.030517,-0.2872,0.007737,-0.055874,0.1752,-0.05909,-0.016402
0.5632,0.045793,-0.014929,0.051595,0.064928,0.0168,0.060232,0.15594,0.16177,0.11121,0.058482,0.093758,0.15604,0.15333,0.16228,0.14483,0.1204,0.106,0.10754,-0.095255,-0.31734,-0.31683,-0.20595,-0.097641,0.033688,0.13344,0.14259,0.10963,0.02801,-0.054701,-0.0096816,0.075712,0.14152,0.039011,-0.02783,-0.0023313,-0.00063855,-0.010763,-0.039319,0.0064192,0.046892,0.026775,-9.0153e-05,-0.030115,-0.0039558,0.040896,0.11405,0.16941,0.15249,0.16518,0.16406,0.093369,0.049408,0.029703,-0.0094466,0.012061,0.050483,0.063913,0.033988,-0.0035132,-0.0077617,-0.015655,-0.01807,-0.0084872,0.071345,0.09137,0.047584,0.070997,0.14791,0.12003,0.057304,-0.036704,-0.22869,-0.2904,-0.26784,-0.16014,-0.073385,-0.091619,-0.13225,-0.079191,0.021142,0.094647,0.12248,0.14409,0.12457,0.10879,0.1059,0.1039,0.11424,0.11023,0.11423,0.12853,0.064259,0.0494,0.055119,-0.087728,-0.96863,-1.057,0.0069471,0.47319,1.6939,1.0667,-0.152,-0.18633,-0.2422,-0.27887,-0.17797,-0.08065,-0.12597,-0.10313,-0.060289,-0.0095845,0.019898,0.026315,0.051665,0.021421,0.024037,0.037523,0.035557,-0.0061812,-0.15017,-0.091301,0.12719,0.1923,0.18831,0.16199,0.13787,0.13116,0.14402,0.062209,-0.03484,0.27178,0.27358,0.14434,0.058054,-0.0079865,-0.0018924,-0.0040033,0.020322,0.0025474,-0.046535,-0.086297,-0.12132,-0.13479,-0.0978,0.027694,0.12757,0.11083,0.066239,0.095902,0.15935,0.083356,-0.021405,-0.023249,0.014212,0.0014632,-0.0081367,0.021821,-0.0044723,-0.080742,-0.10179,-0.096837,-0.091534,-0.095088,-0.098438,-0.10623,-0.10331,-0.053512,0.074147,0.11971,0.15567,0.067122,-0.0063345,0.014044,0.022656,0.031768,-0.054942,-0.11235,-0.081475,-0.10096,-0.14673,-0.067828,0.033868,-0.028611,0.0074791,0.064562,0.072827,0.1081,0.094754,0.12596,0.1607,0.12773,0.25306,0.3311,0.24265,0.052296,-1.3762,-1.4395,0.09775,0.40514,1.8391,-2.0508,-0.26207,0.33678,-0.92815,0.60457,1.6454,0.041436,-0.37125,-0.035675,0.35674,-0.5896,0.25519,0.31222,-0.11894,-0.093491,0.21844,0.10744,0.18686,-0.11491,-0.082178,-0.039552,0.31144,0.024177,-0.061792,-0.1396,0.038009,-0.21993,-0.13973,-0.13386,-0.50141,0.015562,0.9665,-0.36114,-1.0389,0.14374,0.2791,0.3794,-0.86841,0.13119,0.13877,0.26714,-0.26966,-0.71644,-0.078571,-0.01129,0.1424,0.19701,-0.46344,-0.11684,0.41983,-0.38257,0.22431,-0.30171,0.11487,0.075772,-0.0075728,0.14628,0.38086,0.059552,0.39544,0.92293,-0.97656,-1.0052,0.44942,-0.50066,-0.11661,0.14607,-0.21546,-0.077978,-0.56192,0.25312,0.26956,0.18274,-0.019334,-0.12511,-0.087759,-0.24282,0.36637,-0.038264,0.43711,-0.16386,0.17142,-0.16658,0.091438,0.17736,-0.35273,-0.22158,-0.06164,0.15373,-2.5054,0.10044,-1.4441,1.0053,0.45764,0.44435,-0.37639,-0.62649,-0.17684,-0.28496,0.14453,-0.12428,-0.16639,-0.20099,-0.21306,0.6793,0.57439,0.1752,-0.22829,0.10282,0.090657,-0.12104,-0.36888,0.051512,-0.031207,-0.143,-0.37,0.40008,0.14168,-0.006064,0.72201,0.21547,-0.92645,0.94042,-0.18062,0.4126,-0.78774,-0.40486,0.31401,0.20887,0.14899,-0.55148,-0.1171,-0.14991,0.10694,0.43868,-0.24051,-0.32119,0.31796,-0.040808,-0.50385,-0.47567,0.027299,-0.34798,0.092376,0.11557,-0.25978,-0.2176,-0.16249,0.066635,-2.606,0.312,1.0799,0.48769,-0.53221,-0.53265,-0.02002,-0.452,1.0259,0.13456,0.0022904,-0.37935,-0.6573,0.1197,-0.68895,0.24388,-0.045878,0.29499,-0.17282,-0.032605,0.68506,0.094203,0.13431,-0.11691,0.094622,-0.24163,-0.0068836,-0.16133,0.45145,0.11924
0.16358,0.21499,0.39047,0.13457,-0.17963,-0.16379,0.045068,0.18635,0.13848,0.06949,0.07045,0.083751,0.13293,0.16566,0.1337,0.019245,-0.12477,-0.22258,-0.24571,-0.21104,-0.33159,-0.4563,-0.33554,0.10367,0.42182,0.3346,0.1719,0.10284,0.055793,0.10689,0.31435,0.25269,0.065755,0.042183,0.1052,0.1562,0.14204,0.074319,0.11325,0.16465,0.18196,0.20043,0.1782,0.16258,0.13836,0.02486,-0.060783,-0.0070632,0.045356,0.037042,-0.038341,-0.12465,-0.094353,-0.0043407,0.00085541,-0.051774,-0.066504,-0.054591,-0.069528,-0.074692,-0.073756,-0.053443,-0.010783,0.020264,0.025199,0.023845,0.037505,0.035793,0.038243,0.082941,0.035252,-0.25759,-0.36849,-0.20013,-0.026317,0.12295,0.30947,0.34172,0.12553,-0.040632,-0.075002,-0.052306,0.019339,0.08418,0.091557,0.077532,0.087318,0.094619,0.081696,0.084142,0.103,0.111,-0.043272,-0.14602,-0.17784,-0.25228,-0.25788,-0.21183,-0.01474,0.12745,0.68962,0.1557,-0.13168,-0.17603,-0.13094,-0.092105,-0.20267,-0.37072,-0.39958,-0.21902,0.049414,0.18662,0.28018,0.30243,0.22427,0.038863,-0.15604,-0.25962,-0.27853,-0.24465,-0.21658,-0.21579,-0.052022,0.22285,0.24036,0.18206,0.19292,0.22534,0.20539,0.1632,0.041349,0.2412,0.24688,-0.01878,-0.29885,-0.39913,-0.3711,-0.31078,-0.20437,-0.15043,-0.16955,-0.088402,0.087377,0.21956,0.24343,0.23649,0.25444,0.32355,0.39902,0.41545,0.27686,-0.073289,-0.4311,-0.58337,-0.56612,-0.47238,-0.31543,-0.20221,-0.16834,-0.13505,-0.081418,-0.0011937,0.10742,0.21698,0.25484,0.16352,0.028138,-0.079498,-0.07147,0.0036714,0.015099,-0.077168,-0.16116,-0.20432,-0.21576,-0.18017,-0.13855,-0.12984,-0.12003,0.014595,0.13667,0.095155,0.0065681,-0.077219,-0.10005,-0.011953,0.08607,0.085773,0.13936,0.19528,0.19062,0.14609,0.17759,0.12822,0.0516,0.052749,0.038121,0.031317,0.17733,0.32825,-0.07245,-0.27982,0.082715,0.043108,0.16581,-0.4512,0.5131,0.32667,-0.19977,0.19989,0.12184,-0.25814,0.4191,0.49834,0.055988,0.17021,0.53917,0.26403,0.1871,-0.012505,0.14223,-0.053012,-0.18719,0.053002,-0.33451,-0.23029,0.059634,0.032049,0.10495,0.091172,1.139,-2.1,0.2906,-0.50174,-1.982,-0.01575,0.78929,-0.050815,-0.19263,0.11905,-0.095181,0.052872,-0.5127,-0.36243,-0.50934,0.6235,0.21061,0.090655,0.013583,0.087706,-0.012522,0.53175,0.098679,-0.29765,0.20653,0.044758,-0.066298,0.1178,0.075874,-0.22537,2.4577,-0.73693,-0.68646,0.077118,0.66707,0.70557,0.036702,0.42441,0.42015,0.10403,-0.076734,-0.26972,0.12728,-0.079348,0.35231,-0.15536,-0.37482,-0.12793,0.076273,-0.32947,-0.44117,-0.037828,0.17762,0.026461,0.10747,0.2462,0.12738,-0.21325,0.23641,-0.086733,-0.19208,-0.50492,-0.12504,-0.5029,0.086109,-0.30962,0.16267,-0.12159,-0.50969,-0.33076,0.09879,-0.18087,-0.22648,0.02041,-0.31908,0.045099,-0.063094,-0.31125,0.18351,-0.092332,0.042194,0.21138,-0.12694,-0.26061,-0.073474,0.27689,0.11995,-0.083309,-0.13259,0.35947,2.7799,1.7491,0.073958,-0.52694,-0.11846,-0.1485,-0.58194,-0.22664,0.15842,-0.19402,-0.20222,-0.47243,0.61243,-0.035525,-0.222,-0.25899,-0.14318,-0.047269,-0.21941,0.084785,-0.10389,0.054936,0.19776,-0.1223,-0.28812,0.045058,0.18463,0.27704,-0.237,-0.31074,-0.13684,-0.47638,-0.044849,0.020866,0.35484,0.096409,0.78086,-0.52132,0.24053,0.30601,-0.051943,-0.3206,-0.22372,0.070027,-0.26882,-0.010769,-0.31159,0.17773,-0.65343,0.45934,-0.31057,0.14094,0.0095805,0.053133,-0.10831,0.010002,-0.12498,-0.28823,0.14365,0.09715
-0.13693,0.049063,0.19184,-0.0028288,-0.18935,-0.10245,0.06427,0.089009,0.072451,0.06834,0.051499,0.07086,0.096327,0.092612,0.049827,-0.027391,-0.12118,-0.1884,-0.19882,-0.15684,-0.20789,-0.28767,-0.21127,-0.033633,0.16087,0.2844,0.22504,0.17278,0.12601,0.12199,0.28338,0.42468,0.49184,0.2233,-0.013386,0.046792,0.040007,-0.02722,0.031022,0.077118,0.024199,-0.0047748,-0.019605,0.020335,-0.0059536,-0.07936,-0.042238,0.036348,0.084789,0.045738,-0.00939,-0.085742,-0.090197,0.0050109,0.018126,-0.026813,-0.025047,-0.01059,-0.036234,-0.0398,-0.029191,-0.022251,0.06023,0.16219,0.18521,0.17216,0.10617,-0.0042956,0.048968,0.14035,-0.098938,-0.50421,-0.64666,-0.5134,-0.29767,-0.077553,0.2184,0.54931,0.66907,0.42991,0.14647,0.049391,0.058912,0.057061,0.049205,0.058556,0.073353,0.035176,0.0072588,0.023314,0.0352,0.049409,-0.030736,-0.10072,-0.10133,-0.17728,-0.22624,-0.14885,0.050724,0.17138,0.30844,-0.1396,-0.32356,-0.17768,-0.0038022,-0.057254,-0.19858,-0.26864,-0.15959,0.031463,0.13676,0.21624,0.24618,0.21742,0.13115,0.0089905,-0.10045,-0.15996,-0.16511,-0.12859,-0.032495,-0.0039468,-0.0063969,0.081487,0.21443,0.25604,0.25232,0.27671,0.30096,0.24752,0.15711,0.34986,0.21324,-0.13991,-0.41432,-0.5745,-0.55986,-0.48076,-0.36197,-0.23146,-0.12405,-0.036622,0.018502,0.033758,0.060731,0.14565,0.28805,0.42899,0.49167,0.40306,0.13761,-0.22819,-0.52577,-0.65637,-0.64029,-0.56903,-0.43624,-0.29545,-0.16927,-0.054272,0.027075,0.050391,-0.052316,-0.013777,0.30024,0.36595,0.038011,-0.21159,-0.0906,0.027224,-0.082451,-0.058736,0.0065296,-0.076829,-0.15648,-0.16677,-0.13069,-0.072826,-0.05776,-0.10648,-0.01667,0.089448,0.038784,0.005481,0.046194,0.087154,0.06807,0.10597,0.15064,0.15512,0.13748,0.10265,0.16758,0.17979,0.10121,0.030881,-0.017391,0.035372,0.22586,0.36478,-0.49621,-0.12765,0.24959,0.1495,0.13225,-0.34245,0.57619,0.593,-0.1838,0.54563,0.39259,-0.11241,0.28892,0.63957,0.017104,0.044771,0.26928,-0.28435,-0.035214,-0.20854,-0.22221,-0.0068518,-0.3258,0.26754,-0.18167,-0.23507,-0.086414,0.14416,0.17999,-0.074012,2.5882,-0.6799,-0.30592,1.4861,-1.5822,0.34796,-0.39904,-0.31275,-1.173,-0.53442,0.36004,-0.007027,-0.52703,-0.050028,-0.43796,-0.10403,-0.67261,-0.55983,-0.42481,-0.65765,-0.082361,-0.036242,0.042158,-0.16503,0.35053,-0.21691,-0.067094,0.22306,0.29904,-0.32375,2.6054,-0.8075,-0.99044,0.13487,0.3123,0.15047,-0.062662,0.065221,0.69227,-0.21371,-0.43729,-0.021212,0.91462,-0.014578,-0.31567,0.10221,0.18243,-0.15163,-0.013174,0.025374,-0.73006,0.41368,-0.34483,0.19155,0.23593,0.03524,0.078799,-0.14539,-0.022375,-0.13614,0.032225,-0.55856,-0.095122,-0.56312,-0.010017,-0.39777,-0.29389,-0.036403,-0.39212,-0.37943,0.11955,0.29362,-0.0094302,-0.040632,-0.5232,-0.11746,0.2503,-0.096342,0.059802,0.01662,0.23758,0.03199,-0.16206,-0.36421,0.2164,0.042611,0.28274,-0.36548,-0.030663,0.1076,3.4397,0.95705,0.36028,-0.64367,0.73365,-0.31754,-0.14655,-0.22823,0.10787,-0.098322,-0.51844,-0.18081,0.24893,-0.70753,-0.34282,0.39463,0.38011,0.65274,-0.39959,-0.17158,-0.31025,0.038172,-0.14411,0.19878,-0.56149,-0.07802,0.077494,-0.10785,-0.14502,-0.31697,0.091591,-0.56971,-0.070142,-0.040083,0.37689,0.29968,0.55155,-0.59054,0.50182,0.32866,-0.12262,-0.28383,0.14687,0.21102,-0.72852,-0.13321,-0.37374,0.19683,-0.48151,0.074568,-0.2755,0.29486,-0.081615,-0.14816,0.007117,0.18543,-0.094727,-0.011272,-0.25627,0.41184
0.18629,0.16072,0.16874,0.037515,-0.00040912,0.077336,0.11519,0.16948,0.23734,0.22297,0.19706,0.18894,0.13391,0.11423,0.12996,0.073746,-0.040628,-0.1475,-0.27692,-0.35065,-0.34631,-0.33669,-0.24607,0.023504,0.24065,0.23227,0.16171,0.21936,0.26264,0.17858,0.14831,0.1407,0.078831,0.061537,0.13945,0.19428,0.17982,0.10642,0.085321,0.072793,0.022489,-0.0010845,-0.01161,-0.021012,-0.040976,-0.056809,-0.032775,0.014813,0.039104,0.0061482,-0.0165,-0.013194,0.060798,0.15977,0.17353,0.12136,0.035267,-0.048882,-0.098716,-0.097408,-0.072817,-0.025658,0.012711,0.019212,0.011758,0.0136,0.043764,0.065519,0.090486,0.1223,0.098637,0.00056706,-0.23502,-0.38326,-0.39153,-0.37418,-0.26891,-0.038343,0.16191,0.21525,0.15897,0.14377,0.20256,0.2274,0.20597,0.16738,0.15659,0.15018,0.14848,0.1584,0.02394,-0.054909,-0.015088,-0.018961,-0.068983,-0.12308,-0.17811,-0.20709,0.03144,0.25111,1.0451,-0.24316,-0.45929,-0.21475,-0.18043,-0.19826,-0.27795,-0.15772,0.042225,0.012556,0.029667,0.016724,0.10652,0.22706,0.22953,0.13792,0.010782,-0.091626,-0.083971,-0.049668,-0.073914,-0.073973,0.024498,0.18018,0.2088,0.16119,0.12753,0.11846,0.12194,0.1695,0.22923,0.43605,0.3987,0.0095753,-0.3907,-0.51,-0.47333,-0.38294,-0.26226,-0.13916,-0.039535,0.037862,0.10347,0.16393,0.19391,0.23195,0.30779,0.36562,0.37015,0.29305,0.116,-0.19702,-0.53388,-0.73013,-0.73274,-0.58606,-0.36294,-0.20108,-0.082842,0.051514,0.15838,0.20874,0.25063,0.30943,0.29989,0.17037,-0.026126,-0.13358,-0.089952,-0.049293,-0.055975,-0.052992,-0.094128,-0.13501,-0.1232,-0.089858,-0.06995,-0.2036,-0.33317,-0.33418,-0.1927,-0.017361,-0.042228,-0.12124,-0.15524,-0.086081,-0.00035683,0.025522,0.094099,0.11492,0.26867,0.38638,0.35009,0.22631,0.16526,0.15046,0.11128,0.10463,0.28682,0.46205,-0.16733,-0.14437,0.34953,-0.0044227,0.025055,-0.504,0.58505,-0.1272,-0.2805,0.2308,0.6989,-0.054451,0.30448,0.55774,-0.13972,0.21402,0.060205,0.45817,-0.19148,-0.047264,-0.010514,-0.22013,0.13751,-0.1392,0.2598,-0.045981,-0.30792,0.20818,0.025427,0.0087002,1.0211,-2.0753,0.42702,-0.11858,-1.9758,-0.35936,1.0381,0.43675,0.15544,0.25158,0.3121,0.11999,-0.56949,-0.21809,-0.15538,0.18829,-0.21596,-0.44322,-0.34255,-0.30106,0.26125,0.063636,-0.16669,0.1175,0.068209,0.25094,0.013446,0.01782,-0.079438,-0.23101,2.2584,-0.67979,-1.6766,0.16227,0.36621,-0.11523,-0.47094,-0.10004,0.12827,0.20847,-0.081048,-0.21258,0.33713,-0.020552,-0.14325,0.55244,-0.079671,0.0055037,-0.23077,0.41454,0.067332,0.049844,0.29833,0.27461,-0.063102,0.26145,0.010422,-0.12743,0.030182,-0.072508,-0.32041,-1.0026,-0.36875,-0.49065,0.11992,-0.10452,0.35514,-0.18568,0.0384,-0.0036987,0.07568,-0.13214,0.12396,-0.11304,-0.0031104,0.099132,0.075375,-0.098649,0.063512,0.44232,-0.24189,0.21989,-0.012898,0.002659,0.66693,-0.026453,-0.25303,0.0050665,-0.13366,-0.091746,2.455,2.0034,0.032735,-0.29567,0.13609,0.10889,-0.75601,0.20045,-0.14513,-0.2419,-0.39136,-0.16252,0.11801,-0.095698,-0.060401,0.69902,0.60112,0.053197,0.15171,0.09459,-0.060547,-0.24171,0.50056,-0.072906,0.14495,0.055277,-0.00020955,-0.34528,0.09887,-0.13013,-0.31575,-0.9997,0.43224,-0.10234,0.41737,-0.11379,0.77193,-0.66321,-0.2959,-0.14841,0.1846,-0.34833,0.21742,0.18475,-0.11803,0.07256,-0.21648,0.044624,-0.043985,0.15789,-0.11788,-0.43247,0.4183,-0.36669,0.095079,0.19212,-0.079817,-0.32164,-0.033562,0.17721
0.14625,0.11662,0.19182,-0.023205,-0.23573,-0.22549,-0.13853,-0.0091522,0.095433,0.05209,0.028032,0.065486,0.057232,0.077878,0.10777,0.094125,0.023259,-0.051348,-0.072809,-0.029166,-0.036669,-0.076696,-0.14624,-0.21077,0.0086395,0.29004,0.32409,0.29506,0.31933,0.24498,0.19591,0.13489,0.056687,0.041866,0.1217,0.18269,0.17264,0.10241,0.030261,-0.02861,-0.081868,-0.069036,-0.063298,-0.1081,-0.16189,-0.19149,-0.10089,0.015254,0.050122,0.032734,-0.01305,-0.03431,0.036943,0.13785,0.15605,0.10709,0.016644,-0.061197,-0.085341,-0.076947,-0.069262,-0.066182,-0.06665,-0.055988,-0.036867,-0.016784,-0.0034035,0.0031635,0.051556,0.12313,-0.098643,-0.32428,-0.32324,-0.24903,-0.1611,0.066959,0.30708,0.35929,0.25038,0.09329,0.035343,0.079538,0.13008,0.14674,0.11794,0.096858,0.098715,0.057035,0.035934,0.062021,0.086825,0.10766,0.076312,0.0069301,-0.028569,-0.042761,-0.10312,-0.071095,0.21813,0.4136,0.81767,0.088991,-0.24849,-0.15003,0.0015407,0.0078747,-0.030959,-0.16365,-0.3429,-0.36548,-0.21868,-0.072462,0.0030065,0.10999,0.17059,0.14055,0.028444,-0.072407,-0.09113,-0.05621,0.12199,0.24927,0.18759,0.093059,0.22519,0.31763,0.2869,0.26482,0.24525,0.24841,0.12448,0.13323,0.18356,-0.12736,-0.44342,-0.52813,-0.46557,-0.37047,-0.25344,-0.14818,-0.063472,-0.071566,-0.14401,-0.19089,-0.18765,-0.092584,0.049421,0.15833,0.19851,0.14248,0.0082671,-0.18658,-0.41386,-0.60504,-0.6602,-0.55736,-0.30821,-0.08258,-0.0040061,-0.013033,-0.033239,-0.035832,0.0020559,0.063416,0.067936,-0.011407,-0.10729,-0.13334,-0.034294,0.047318,-0.095565,-0.15622,-0.15621,-0.1674,-0.15778,-0.12949,-0.095747,-0.09831,-0.10984,-0.095621,0.016251,0.091957,0.013875,-0.043322,-0.0027323,0.061326,0.063075,0.12517,0.18602,0.20748,0.21516,0.19069,0.16024,0.17257,0.16539,0.11734,0.11604,0.18403,0.36382,0.50357,-0.4346,-0.92407,0.16233,0.081041,0.25178,-0.026949,0.15138,0.14496,-0.19337,0.54048,0.75967,0.021163,0.10672,0.3262,0.30498,0.03783,0.34559,-0.21976,-0.059202,-0.22144,-0.0058956,-0.046975,0.012985,-0.11367,0.01724,0.01971,-0.18291,-0.36112,0.026011,-0.25327,2.6399,-0.26906,0.48147,1.237,-1.4521,-0.18238,0.45679,-0.16596,0.24215,-0.028048,-0.047186,-0.24615,-0.0054413,-0.28935,-0.55275,0.12324,0.35292,0.083969,-0.15025,-0.2285,0.23856,0.27479,0.13528,0.12494,-0.16712,0.073762,-0.021958,0.0026557,0.063449,0.012792,2.4546,-0.30778,-0.67116,0.45364,-0.30463,0.23238,-0.10073,-0.62691,0.72435,-0.064035,-0.30819,0.18119,0.16139,0.0067401,0.1773,-0.37408,-0.32417,-0.0236,-0.058098,-0.11971,-0.47279,-0.23755,-0.013517,0.43299,-0.030345,0.24641,-0.038813,0.094249,0.12891,0.022766,-0.068328,-0.18931,-0.6217,-0.37196,-0.23428,-0.027151,0.11806,0.42588,-0.17057,-0.11778,0.33653,0.20323,-0.10991,0.075924,-0.2908,0.22285,0.071031,0.10778,0.16753,-0.06455,-0.029463,-0.23503,0.31182,-0.23397,0.16821,0.31373,-0.19836,0.0020234,-0.13348,0.015149,2.7065,1.1122,-0.49176,-0.23896,0.48938,0.12691,0.77199,0.1493,-0.098291,-0.3281,-0.14942,-0.31385,-0.38163,0.32014,-0.085183,-0.27166,-0.035821,-0.15038,-0.084579,0.17865,-0.18146,-0.0038346,0.3702,0.082698,0.17452,-0.035799,-0.087946,0.14802,-0.115,0.11797,-0.17713,-0.1365,0.39531,-0.01282,0.52094,0.31121,0.156,-0.37793,-0.16922,0.11227,0.065111,-0.028071,0.056844,0.063868,-0.48244,0.10321,-0.096326,0.30735,-0.46611,-0.0078954,-0.18646,-0.10832,0.080486,0.12778,0.28124,0.012327,0.22621,0.033734,0.1017,-0.10219
0.10851,0.26297,0.12778,-0.087227,-0.063943,0.087993,0.22474,0.23757,0.2034,0.14916,0.083322,0.064554,0.097156,0.13757,0.15829,0.028788,-0.1706,-0.28575,-0.32299,-0.27882,-0.24148,-0.2798,-0.28621,-0.12066,0.14102,0.29693,0.27123,0.20376,0.16379,0.1396,0.19076,0.37361,0.464,0.20943,-0.0082618,0.053439,0.051202,-0.013011,-0.002305,0.002029,-0.061748,0.036355,0.13615,0.15918,0.16505,0.14064,0.16825,0.24205,0.28321,0.24053,0.095675,-0.13256,-0.22511,-0.12973,-0.11655,-0.1628,-0.094242,-0.03573,-0.076298,-0.085799,-0.062769,-0.024541,0.0081755,0.022916,0.023006,0.028107,-0.0026804,-0.039417,0.034426,0.075113,-0.034032,-0.18781,-0.3257,-0.41099,-0.37803,-0.17778,0.0029785,0.070833,0.072521,0.05045,0.006183,-0.057943,0.024479,0.1771,0.21681,0.18014,0.13602,0.13928,0.14315,0.15847,0.17549,0.068153,-0.00014696,0.018774,-0.048056,-0.1439,-0.2032,-0.17931,0.072625,0.27608,-0.25923,-0.37594,-0.31012,-0.2411,-0.26713,-0.34672,-0.25714,-0.049985,-0.068983,-0.051996,0.041269,0.14853,0.21346,0.25805,0.2478,0.23167,0.16437,0.062544,0.02985,0.063918,0.082028,0.024614,0.01825,0.11189,0.16794,0.25111,0.31356,0.30038,0.21936,0.1513,0.21367,0.34259,0.16121,-0.22425,-0.54515,-0.71505,-0.72183,-0.65377,-0.53187,-0.39699,-0.27809,-0.32128,-0.32813,-0.12928,0.087307,0.20534,0.30393,0.40258,0.44365,0.34649,0.099547,-0.2554,-0.5751,-0.73805,-0.71834,-0.62908,-0.49828,-0.40269,-0.34812,-0.24111,-0.070898,0.12497,0.26228,0.30507,0.2419,0.075742,-0.085873,-0.11585,0.017715,-0.0055861,-0.067927,-0.023535,0.035058,0.083664,0.090458,-0.034335,-0.12386,-0.11327,-0.106,-0.10424,-0.049181,0.011877,-0.0079695,-0.079924,-0.15527,-0.16754,-0.055485,0.057926,0.084808,0.14015,0.13852,0.30888,0.42047,0.31946,0.21076,0.13639,0.096787,0.13219,0.32424,0.49225,-0.24431,0.1561,0.23442,0.23697,0.094079,-0.46057,0.51964,0.44012,-0.47665,0.20218,0.58769,-0.30547,0.32787,0.35642,-0.28269,0.1868,0.28752,0.41027,0.28966,0.23898,-0.13519,0.027481,0.015055,-0.057629,-0.18627,-0.21666,-0.079555,0.3106,-0.038993,-0.017904,2.5536,-1.1102,-0.6144,1.2739,-1.7996,0.11643,-0.15452,-0.18907,-0.66003,-0.10767,0.35428,-0.14398,-0.33541,-0.2248,0.032568,0.24518,-0.61375,0.20264,-0.37646,-0.0089495,0.45176,0.38114,-0.054538,-0.24758,0.16487,0.023121,-0.19387,0.2454,0.37474,-0.036502,2.622,-1.4111,-0.62059,0.41266,0.29948,0.94551,-0.12837,-0.36602,0.29547,-0.52639,-0.15143,-0.052742,0.66907,-0.37004,0.37691,0.18919,0.081396,-0.16898,0.15594,-0.042415,-0.19455,0.021523,0.043603,-0.26342,0.063951,0.37729,0.14671,-0.01617,0.069337,0.039545,-0.09796,-0.74991,0.268,-0.44029,0.0016642,-0.51284,0.0011195,-0.0051657,0.1455,0.034273,0.15315,-0.079923,0.0093808,-0.37558,0.098648,0.26498,0.25786,-0.24657,0.1344,-0.074243,0.42336,0.19188,-0.27817,0.1026,0.17061,-0.17253,-0.1184,-0.2027,0.13108,0.04139,2.5876,2.2926,0.0049292,-0.080866,0.33131,-0.26302,-1.1794,-0.02737,-0.37101,-1.0545,-0.26088,-0.25622,0.23895,-0.26762,-0.27665,0.013482,-0.31064,-0.36707,-0.042027,0.14318,0.27515,-0.031573,0.10818,-0.27986,-0.11426,-0.038589,-0.087151,0.1107,0.43416,-0.2513,-0.067031,-0.8255,-0.30405,-0.1456,0.41125,0.11796,0.69206,-0.67456,-0.010436,-0.18385,-0.18463,-0.50696,0.46304,0.14879,0.078462,0.15072,-0.53222,0.30941,-0.24658,-0.0059865,-0.10818,0.015639,-0.12469,-0.045163,-0.45483,0.12199,0.027549,-0.032681,0.22467,0.03083
0.33271,0.33016,0.17914,0.032177,-0.12398,-0.076706,0.10342,0.11948,0.020823,-0.021945,-0.078684,-0.11971,-0.08327,-0.091551,-0.15331,-0.15107,-0.14509,-0.21122,-0.20685,-0.12227,0.049878,0.1977,0.22403,0.29816,0.28643,0.11185,-0.046415,-0.016212,-0.024482,-0.060004,-0.12116,-0.16769,-0.1241,0.051832,0.26737,0.3333,0.33211,0.26575,0.16666,0.074566,0.01842,-0.0037002,-0.011287,-0.019032,-0.043986,0.037107,0.16019,0.2242,0.27214,0.24074,0.094986,-0.07751,-0.082573,0.013683,0.026128,-0.022621,-0.050989,-0.06175,-0.085779,-0.084342,-0.092055,-0.098765,-0.082193,-0.10091,-0.12947,-0.12547,-0.11771,-0.087761,-0.069927,0.025084,-0.12886,-0.30389,-0.13676,0.11187,0.080351,0.017443,0.15897,0.40135,0.50099,0.38248,0.16592,0.017637,-0.00017116,0.016633,0.034047,0.026797,0.0027913,0.0088297,0.036802,0.067024,0.077711,0.015097,-0.027299,-0.048495,-0.054972,0.054082,0.2349,0.30197,0.31223,0.33746,-0.4598,-0.35638,-0.19383,-0.17147,-0.16452,-0.14315,-0.22857,-0.30775,-0.27767,-0.17014,0.01638,0.19998,0.31674,0.27931,0.14405,-0.034576,-0.17316,-0.21803,-0.19284,-0.094579,0.022163,0.076346,0.058252,0.28358,0.41137,0.331,0.28898,0.28991,0.31064,0.24173,0.13564,0.44461,0.59599,0.14319,-0.31977,-0.52138,-0.55352,-0.47467,-0.31418,-0.14446,-0.039416,0.012103,0.039368,0.053342,0.08298,0.17337,0.30075,0.40213,0.46591,0.40596,0.14989,-0.25841,-0.62311,-0.77416,-0.74796,-0.64117,-0.4737,-0.29913,-0.15197,-0.019286,0.076565,0.14329,0.18206,0.14955,0.034515,-0.16195,-0.30099,-0.20822,-0.00062833,0.17857,-0.027361,-0.17248,-0.20189,-0.21448,-0.26152,-0.28973,-0.20356,-0.12558,-0.12725,-0.13733,-0.03718,0.076986,0.038064,-0.016492,-0.052741,-0.042306,0.076411,0.20733,0.25438,0.26532,0.22103,0.1397,0.094765,0.11895,0.14981,0.19698,0.3113,0.35601,0.41037,0.49592,-0.16616,-0.36519,0.94456,-0.22042,0.41609,-0.16396,-0.068126,0.16889,-0.17684,0.23575,0.22855,-0.51042,0.013481,0.082917,0.24724,-0.025381,-0.033209,-0.010812,0.25327,-0.019693,0.085492,-0.24231,-0.078971,0.12421,0.0047038,0.030939,-0.049961,-0.00017368,0.24644,-0.13913,2.5804,-0.56176,0.63043,1.9025,-1.8491,-0.31119,0.26036,-0.25312,0.048712,-0.32453,-0.41131,0.26888,-0.22953,-0.69496,-0.34738,-0.11437,-0.11126,0.075842,-0.22608,-0.11673,-0.16187,0.17086,0.19385,-0.047568,-0.28409,0.25387,-0.40576,0.21839,0.2168,-0.085097,2.6169,-0.48224,-1.2104,0.98895,-0.30017,1.2929,-0.082702,0.5981,0.75796,-0.0205,0.017025,-0.2384,0.2482,-0.17945,-0.23493,-0.36161,0.088228,-0.28349,0.31781,0.12437,-0.16735,0.032939,0.051156,0.18699,0.02462,-0.069113,-0.16927,-0.21201,0.2357,-0.10066,0.34691,-0.77047,-0.74835,-0.53458,-0.48181,-0.5997,0.5486,0.27133,-0.19214,0.33833,0.54338,-0.30977,-0.64397,0.16969,0.18851,0.17635,-0.20146,0.065012,-0.26997,0.13012,0.13855,-0.33924,0.15915,-0.067599,0.32385,-0.028377,0.013649,-0.13382,0.11436,0.0072086,2.4977,2.1675,-0.78773,-0.8829,0.076921,0.08411,0.73254,-0.15835,0.14336,0.053106,0.29488,0.036294,-0.017786,0.11963,0.24511,0.083456,0.22267,0.060212,-0.29256,-0.15092,-0.14395,-0.023226,0.14481,-0.075524,-0.14669,-0.014323,-0.027741,-0.042721,0.10713,-0.012063,0.29285,-0.85565,0.71996,0.27083,0.63831,0.52961,0.4534,-0.21531,0.083864,0.49502,-0.26013,-0.57242,-0.15068,-0.046214,-0.098266,0.19425,0.031306,-0.21315,-0.33318,-0.10086,-0.075368,0.26073,-0.11364,-0.27447,0.076297,0.070804,-0.071089,0.14478,-0.24748,-0.2119
0.094277,0.15683,0.0039731,-0.25684,-0.36049,-0.20564,0.00022157,0.042814,0.039813,0.047144,0.06391,0.11047,0.13988,0.13438,0.053234,-0.03261,-0.0993,-0.18179,-0.20755,-0.16733,-0.11001,-0.091629,-0.12717,-0.19517,-0.26075,-0.26879,-0.16978,0.034158,0.17012,0.25567,0.34524,0.42267,0.51305,0.36438,0.2632,0.29409,0.23838,0.14378,0.079188,0.037826,-0.0075463,-0.042728,0.15324,0.15095,0.056587,0.060711,-0.13461,-0.09292,0.00070489,0.019184,-0.044819,-0.064183,0.029117,0.11298,0.1151,0.058507,-0.052821,-0.13326,-0.14468,-0.11528,-0.089548,-0.067712,-0.032105,0.12388,0.20875,0.15089,0.14501,0.23593,0.22088,0.060136,0.0521,-0.27649,-0.61423,-0.75248,-0.66854,-0.37249,0.090737,0.45159,0.38396,0.059392,-0.11242,-0.067845,0.070369,0.17235,0.19506,0.15891,0.05418,0.0222,0.084762,0.13606,0.14166,-0.0081483,-0.14421,-0.18724,-0.2356,-0.26771,-0.25877,-0.15576,0.09471,0.25565,0.29434,-0.12057,-0.16562,-0.040416,0.016877,-0.068887,-0.23659,-0.32183,-0.1704,0.15032,0.30859,0.38203,0.37104,0.30605,0.22357,0.085778,-0.055444,-0.12572,-0.14391,-0.10125,-0.037551,-0.015473,-0.047403,-0.12154,-0.18645,-0.19289,-0.14814,0.013533,0.12259,0.076294,-0.11,-0.18052,-0.22412,-0.38967,-0.47045,-0.41974,-0.26254,-0.12083,-0.11364,-0.20716,-0.25081,-0.23655,0.06169,0.69062,0.95902,0.57938,0.14537,0.19996,0.32998,0.36464,0.24491,-0.015273,-0.30235,-0.43826,-0.415,-0.31172,-0.19028,-0.10588,-0.039137,-0.080649,-0.10608,-0.014034,0.10187,0.30391,0.47351,0.5011,0.44099,0.34909,0.22033,0.073981,0.071354,-0.051407,-0.042682,0.052264,0.012313,-0.090805,-0.13613,-0.10807,-0.11602,-0.10442,-0.085653,-0.093907,-0.088516,-0.12022,-0.17318,-0.17007,-0.0054664,0.25523,0.4119,0.44781,0.38184,0.28063,0.18133,0.04664,-0.12085,-0.25388,-0.2696,-0.14448,0.10426,0.26463,-0.17762,0.42154,-1.0431,0.25859,-0.52133,0.067695,0.7562,0.77842,0.10179,0.27194,0.45843,-0.0042932,-0.35422,0.94225,-0.12635,0.44147,0.24066,0.55954,-0.22067,-0.36782,0.12543,0.11599,0.18084,0.43285,-0.47803,-0.57817,0.5601,-0.037963,0.32194,-0.13784,1.2994,-1.7234,-0.72665,-1.351,-1.1563,-0.11053,0.77288,-0.18378,-0.70703,0.18329,0.02976,0.20409,-0.1666,0.23574,-0.090235,-0.38832,0.26024,-0.035277,-0.296,0.0027199,0.0693,0.46964,0.17465,-0.454,-0.14143,0.29379,-0.22449,0.060075,-0.13843,-0.27478,2.7519,-1.0777,-0.78481,-1.4019,0.44346,-0.11703,0.13408,0.60949,0.46765,-0.56013,-0.45397,0.24733,-0.60464,0.45506,-0.479,0.49728,-0.080324,0.13655,-0.025526,-0.46,-0.19725,-0.24525,0.15735,0.098326,0.53611,0.081141,0.27119,-0.42498,0.18211,0.1868,-0.050696,-0.38003,0.85641,0.63786,0.35225,0.049212,-0.57202,-0.27556,-0.40615,-0.062888,-0.35344,0.0046436,0.28425,0.52783,-0.40105,-0.17323,0.28768,-0.39721,-0.28753,-0.43699,-0.13358,0.11456,-0.16373,0.061792,0.23568,0.0040489,0.010641,-0.10196,0.23385,0.25454,2.754,1.7178,1.0676,0.73195,-0.72405,0.32266,-0.81211,-0.62411,0.25104,0.30376,-0.45169,0.24295,-0.47666,-0.055744,-0.22562,-0.15073,-0.018046,0.35019,-0.26779,-0.081174,-0.42202,-0.57075,0.56822,-0.091607,-0.58031,0.42988,-0.17626,0.47793,-0.099631,-0.12892,-0.098069,-0.47821,-1.0291,0.15641,-0.52458,-0.28491,0.12739,-1.014,0.39879,0.30038,0.34211,0.16942,0.19756,-0.23543,-0.46149,-0.36014,0.054591,0.18194,0.1649,0.4209,0.15908,0.24267,0.32211,0.18786,0.025509,-0.38683,-0.092875,-0.13087,-0.38519,0.2386
0.16003,0.1607,0.36292,0.21159,0.0053302,-0.0057208,0.12075,0.14582,0.099383,0.086669,0.076669,0.062247,0.073615,0.08506,0.067834,-0.041574,-0.15606,-0.20601,-0.22284,-0.18563,-0.13949,-0.11829,-0.081236,0.2034,0.39718,0.23373,-0.04136,-0.013585,-0.036371,-0.014048,0.31966,0.27155,0.090241,-0.013867,-0.024423,0.033767,0.022606,-0.047009,-0.041674,-0.034469,-0.084582,-0.060081,-0.030601,-0.05362,-0.099228,-0.13633,-0.0087417,0.16605,0.2371,0.21676,0.13648,-0.014483,-0.075034,0.017018,0.023612,-0.028979,-0.056896,-0.063311,-0.083908,-0.081899,-0.051523,-0.017891,0.002529,0.014093,0.016125,0.017814,0.0088195,-0.01823,-0.0083964,0.036386,-0.0031263,-0.094457,-0.13064,-0.02033,0.069862,0.11247,0.21863,0.33832,0.35751,0.25168,0.10775,0.024111,0.032536,0.053078,0.062689,0.035045,0.010372,0.016964,0.031561,0.044049,-0.050923,-0.15533,-0.19571,-0.1997,-0.14969,-0.12568,-0.13776,-0.055733,0.24304,0.44429,0.89852,0.17489,-0.18514,-0.16214,-0.10765,-0.10597,-0.22804,-0.31545,-0.25517,-0.11485,-0.019481,0.053673,0.12347,0.15751,0.12221,0.038715,-0.095504,-0.20327,-0.2081,-0.17088,-0.12408,-0.093793,0.0018349,0.29056,0.39578,0.33945,0.44016,0.56169,0.37211,0.1607,0.08649,0.36235,0.38509,0.04921,-0.31193,-0.4749,-0.46441,-0.3871,-0.25162,-0.11213,-0.012832,0.02143,0.0078,-0.011112,-0.023148,0.024057,0.098788,0.22689,0.36926,0.34989,0.14413,-0.211,-0.54241,-0.68083,-0.64301,-0.53247,-0.3739,-0.22927,-0.12217,-0.025216,0.053432,0.1296,0.19365,0.20405,0.12236,-0.094727,-0.30586,-0.33276,-0.20196,-0.095135,-0.17352,-0.2309,-0.20157,-0.19363,-0.17381,-0.14346,-0.11849,-0.11123,-0.12155,-0.12069,-0.0085519,0.098196,0.050266,0.0022907,-0.02152,0.018742,0.091929,0.1225,0.13062,0.1336,0.20421,0.1833,0.031804,-0.060012,-0.0079799,0.02688,-0.021596,0.061592,0.30434,0.45092,0.031716,-0.78587,0.72007,-0.2769,0.40016,-0.15107,0.18837,0.20048,-0.54394,0.056076,0.035742,-0.31618,0.33226,0.25417,0.29779,-0.074882,-0.0382,0.22727,0.12095,-0.33744,0.18132,-0.18794,-0.26478,-0.029197,-0.15487,-0.093678,-0.31451,0.12816,0.063242,0.024667,0.89258,-2.1896,1.2254,-0.13545,-2.2081,-0.054453,0.56229,-0.47939,-0.13112,-0.067048,-0.14714,0.28277,-0.56866,-0.47056,-0.38197,0.16222,-0.10442,0.03242,-0.41514,-0.34815,0.030469,0.020563,-0.19721,0.20712,-0.076543,-0.0012374,0.018135,0.1019,0.13737,-0.05098,2.352,-2.807e-05,-1.3025,0.70814,0.035103,0.5193,0.12564,0.35203,0.61058,0.20273,-0.36157,-0.31467,0.20308,-0.24341,-0.23224,-0.21413,-0.067453,0.032051,-0.16019,0.22731,-0.13603,0.068942,-0.10926,0.34328,0.053339,0.020655,0.40078,-0.029729,0.097305,-0.16121,-0.22725,-0.63871,-0.97007,-0.82062,-0.10679,-0.50057,0.14321,0.37429,-0.69838,-0.45511,0.092256,-0.23686,-0.42818,-0.082913,-0.34344,-0.037725,0.091064,0.16532,0.070542,0.16762,-0.0044641,0.15989,0.28535,-0.26348,0.16312,0.074062,-0.18057,-0.055755,-0.095547,0.097355,2.5036,1.5492,-0.84202,-0.86168,0.10748,0.053193,0.67189,-0.14361,-0.00059165,0.078178,0.17091,-0.19067,-0.11603,-0.042002,-0.10578,0.16372,0.009888,0.17584,-0.14243,0.025109,0.0011161,0.25346,0.061423,0.071861,0.11681,-0.20812,-0.0093843,0.0086933,-0.22382,-0.083722,0.060401,-0.61576,1.1528,0.17522,0.26777,0.4606,0.38607,-0.073437,0.079079,0.57245,-0.16347,-0.51542,-0.15284,0.079562,-0.30223,-0.023363,-0.018369,-0.39467,-0.1682,-0.17455,0.25892,0.12395,0.21005,-0.25539,0.028912,0.15196,-0.057863,-0.15743,-0.099366,-0.072315
0.22159,-0.00042774,0.026633,-0.10489,-0.095745,0.042812,0.14346,0.15131,0.13638,0.10605,0.08148,0.11177,0.16039,0.16694,0.11622,-0.088925,-0.30168,-0.38591,-0.37826,-0.28122,-0.18333,-0.10961,-0.043437,-0.014594,0.0061627,0.10394,0.15872,0.095589,0.14446,0.29884,0.39793,0.49369,0.54002,0.26579,-0.00091498,0.060771,0.057925,-0.0068777,0.048729,0.091279,0.032935,-0.0019648,-0.016856,0.1267,0.23467,0.2087,0.10352,0.025515,0.079974,0.05279,-0.035464,-0.10816,-0.059358,0.033913,0.044265,-0.0047778,-0.031857,-0.040767,-0.065001,-0.06479,-0.022868,0.015583,0.0096194,-0.014711,-0.035861,-0.029228,-0.0052748,-0.012755,-0.036408,0.015295,0.078174,-0.19996,-0.58611,-0.61985,-0.36057,-0.096952,0.13505,0.27558,0.2113,0.064724,0.028896,0.099946,0.16611,0.17723,0.14465,0.10179,0.089878,0.091384,0.048256,0.041229,0.094084,0.13731,0.1559,0.059018,-0.054567,-0.08689,-0.15813,-0.202,-0.019196,0.13818,1.0841,0.21158,-0.28143,-0.2644,-0.24212,-0.27279,-0.18762,0.011405,0.0152,0.056518,0.18506,0.31542,0.34963,0.31356,0.20601,0.098401,-0.00098299,-0.07635,-0.083021,-0.047458,0.06934,0.20281,0.25677,0.22185,0.1666,0.16429,0.1549,0.14227,0.15597,0.1153,0.024301,0.020039,-0.11673,-0.33172,-0.49591,-0.65248,-0.6334,-0.55263,-0.43371,-0.32582,-0.26164,-0.20172,-0.12233,-0.011607,0.10862,0.18619,0.25546,0.36469,0.45189,0.41356,0.1922,-0.21615,-0.59873,-0.75787,-0.74224,-0.64286,-0.49602,-0.36245,-0.25301,-0.13493,0.025066,0.25567,0.49282,0.62924,0.60234,0.41835,0.15339,-0.097376,-0.17242,-0.11792,-0.065674,-0.098523,-0.039977,-0.041218,-0.16438,-0.18695,-0.15353,-0.14066,-0.13735,-0.1208,-0.080092,-0.02012,-0.030997,-0.095448,-0.1134,-0.059845,-0.0030067,-0.010217,0.070257,0.19612,0.26431,0.26154,0.19701,0.19117,0.16994,0.097932,0.092418,0.11872,0.27342,0.4251,-0.27724,0.37094,-0.10042,0.23071,0.08503,-0.014494,0.26373,0.64519,-0.23124,0.44529,0.84353,-0.11602,-0.031781,0.41338,-0.18669,-0.15546,0.29198,0.1835,-0.039339,-0.02831,-0.31257,-0.064736,-0.21415,0.094324,-0.08712,-0.46928,-0.27003,0.17671,-0.16247,-0.26883,2.5729,-1.0914,-0.78523,1.0895,-1.5284,-0.12997,-0.10669,-0.43122,-0.46246,-0.19977,-0.08277,-0.15892,-0.47411,0.017725,-0.16889,-0.16296,-0.17234,-0.13116,-0.65159,0.36027,0.15516,0.33305,0.0028624,-0.13819,-0.15716,0.09798,-0.26062,0.16976,-0.0028851,-0.13115,2.5628,-1.2492,-1.5138,-0.41906,-0.039575,0.024294,0.37329,-0.15046,0.27072,-0.12279,-0.21118,-0.59327,0.35215,0.0396,-0.0045462,0.41906,0.2769,0.062205,0.099731,-0.24621,-0.41669,-0.1786,-0.1154,0.026401,0.040244,-0.0097595,0.19332,-0.22552,-0.11949,0.23057,0.085154,-0.87045,0.35428,-0.0070114,-0.031217,-0.49584,-0.17975,0.18559,-0.094146,0.15388,0.14162,0.10353,0.14844,-0.045736,0.11386,0.20863,0.17655,-0.22765,-0.2644,0.046138,-0.092185,0.20449,-0.28626,-0.215,0.41376,-0.20328,0.074734,-0.1535,0.2355,-0.21497,2.699,2.1713,0.49996,-0.018407,0.24023,-0.23055,-0.019818,-0.22972,0.0093474,0.023362,-0.39582,0.22436,-0.37634,-0.13142,-0.58426,0.16078,0.069987,-0.054349,-0.013114,0.4344,-0.1455,0.14119,-0.15383,-0.12482,-0.47706,0.18152,-0.23311,-0.20591,-0.15909,-0.053217,0.21541,-0.93572,-0.31234,-0.0088585,0.041318,0.21618,0.22223,-0.86915,-0.22221,0.12707,-0.1949,-0.23997,0.84287,-0.11671,-0.12708,-0.14027,-0.40975,-0.05514,-0.055817,0.065317,0.19472,-0.081086,-0.027571,0.03967,-0.15838,0.19926,-0.035063,0.15918,-0.086092,0.0076386
-0.11782,-0.016185,0.017657,0.021648,0.16571,0.22167,0.21118,0.18196,0.16306,0.12906,0.077992,0.063004,0.09541,0.11884,0.1099,0.05725,-0.099837,-0.26234,-0.31898,-0.24604,-0.11755,-0.10883,-0.17852,-0.20788,-0.14891,-0.018231,0.10652,0.20873,0.28429,0.31551,0.31657,0.35861,0.36064,0.22353,0.11886,0.17311,0.15157,0.071995,0.042898,0.041739,0.0087176,-0.017042,-0.035653,0.0083491,-0.0042402,-0.065378,-0.026884,0.047036,0.09451,0.062136,0.010803,-0.0096622,0.057584,0.15234,0.16089,0.10735,0.031135,-0.02668,-0.0594,-0.073696,-0.085737,-0.09491,0.038837,0.18798,0.2043,0.18916,0.19309,0.089318,-0.018369,0.077454,0.053844,-0.01721,-0.35739,-0.68493,-0.74249,-0.53573,-0.17728,0.11861,0.19306,0.056928,-0.17778,-0.2894,-0.17171,0.026219,0.1339,0.15025,0.12573,0.084326,0.045099,0.046177,0.077446,0.10391,0.10272,-0.03903,-0.1679,-0.17593,-0.14151,-0.035983,0.1789,0.30742,0.3122,-0.089765,-0.2568,-0.20273,-0.17227,-0.2148,-0.13992,0.012014,0.0049731,0.017953,0.083002,0.17241,0.23529,0.25536,0.21218,0.12025,0.088331,0.048039,-0.023655,0.050389,0.19124,0.203,0.13619,0.086898,0.082351,0.10475,0.10215,0.078254,0.053601,0.028802,0.0099296,-0.10712,-0.32084,-0.41581,-0.39665,-0.4623,-0.38245,-0.27832,-0.16077,-0.11351,-0.14233,-0.15797,-0.13073,-0.055002,0.069336,0.22053,0.3549,0.4665,0.52854,0.49138,0.27914,-0.15582,-0.57431,-0.7274,-0.67169,-0.51887,-0.33706,-0.20536,-0.13756,-0.11464,-0.11685,-0.10463,-0.034377,0.14316,0.3233,0.33158,0.256,0.14344,0.086001,0.15562,0.12836,0.13351,0.050684,0.061386,0.10925,0.020999,-0.068179,-0.10358,-0.10895,-0.074318,0.016197,0.065408,0.0010262,-0.074278,-0.13452,-0.18825,-0.1916,-0.15968,-0.057773,0.092587,0.18612,0.19609,0.1251,0.067962,0.026383,-0.011951,-0.012124,0.042812,0.21262,0.34567,-0.32951,0.098374,-0.91319,0.082067,-0.40318,-0.021846,0.62559,0.2935,0.0089006,0.30079,0.72225,0.27038,-0.044955,0.51031,-0.25948,-0.33073,-0.058669,0.034125,0.088541,0.013433,-0.19026,-0.17419,-0.0056915,-0.022525,-0.15863,-0.34166,-0.024391,0.36358,-0.11495,-0.1505,2.619,-0.27455,-0.97784,0.68991,-1.1653,-0.052589,-0.2046,0.099867,-0.89317,-0.4558,0.13799,-0.028668,-0.68163,0.022553,-0.033455,-0.40196,0.025957,-0.10974,-0.032703,-0.13476,0.2543,0.11157,-0.12509,-0.17747,-0.29856,0.23393,-0.23198,0.48245,0.22363,-0.097352,2.6559,-1.0911,-0.37116,-1.0115,-0.36986,0.45976,0.10763,0.38098,0.092179,-0.57099,-0.22053,-0.56397,0.32285,0.22251,-0.053726,-0.076001,-0.1338,0.058215,0.091593,-0.34672,-0.10315,-0.58703,-0.65104,0.046988,0.44473,-0.22156,0.55007,0.13483,-0.50252,0.20008,0.031728,-0.2043,0.78559,0.44963,-0.0434,0.012585,0.12456,-0.096726,-0.40925,0.13559,0.067348,0.1198,0.37514,-0.087809,-0.22849,0.22438,-0.009754,-0.062759,-0.0013608,-0.057827,0.041196,-0.25239,-0.15847,-0.16103,0.06522,-0.22883,0.20069,-0.28326,0.10907,-0.38854,3.4255,0.74572,1.0813,0.3025,0.39905,0.084081,-0.43663,0.041316,-0.019795,0.068609,-0.26166,0.51386,0.1736,-0.52232,-0.25462,-0.31315,-0.054633,-0.1365,-0.16537,0.38068,-0.26238,-0.21332,-0.20805,0.44245,-0.37176,0.050618,-0.42815,0.0077338,-0.18845,0.17061,0.047895,-0.28563,-0.88066,0.066268,-0.20675,-0.51213,0.22028,-0.43516,0.59575,0.48563,-0.35371,-0.090285,0.30964,0.33983,-0.55219,0.14968,-0.37741,-0.25493,0.13777,-0.34178,0.35467,0.23037,-0.11325,-0.18584,-0.0058695,0.20605,0.24083,-0.12552,-0.10142,0.24574
0.16765,0.31753,0.34583,0.27849,0.24231,0.18958,0.2043,0.25557,0.25882,0.14054,0.059941,0.087368,0.12466,0.13685,0.10476,-0.056788,-0.22985,-0.28838,-0.29165,-0.22322,-0.1128,-0.1082,-0.15583,-0.099652,0.085029,0.21069,0.12796,-0.035132,-0.10329,-0.029742,0.075067,0.16056,0.24114,0.14658,0.12876,0.18181,0.16068,0.082018,0.10409,0.13982,0.16187,0.18451,0.16851,0.16649,0.15054,0.048631,-0.014609,0.04632,0.077822,0.039931,-0.04562,-0.12934,-0.10471,-0.024198,-0.019556,-0.062155,-0.10283,-0.12481,-0.14428,-0.13782,-0.11657,-0.090986,-0.017796,0.035406,0.01515,-0.0062179,0.00025877,0.055352,0.075936,0.019391,-0.0018706,-0.53115,-0.66425,-0.22006,0.13703,0.26426,0.36507,0.37844,0.23775,0.14187,0.14868,0.19805,0.23949,0.24542,0.20537,0.18244,0.14873,0.14542,0.18417,0.24276,0.27804,0.084631,-0.093655,-0.14493,-0.23444,-0.33134,-0.37513,-0.25696,-0.04885,0.017093,-0.32027,-0.3255,-0.23119,-0.27366,-0.35447,-0.3849,-0.24274,-0.025638,-0.080103,0.0043555,0.16717,0.27146,0.30746,0.28719,0.20579,0.13383,0.069171,0.020628,0.027773,0.045559,0.0907,0.14129,0.15946,0.16564,0.19339,0.18676,0.15514,0.023283,-0.1165,-0.14687,-0.19407,0.062982,0.071224,-0.19712,-0.43766,-0.51098,-0.42962,-0.31747,-0.15514,-0.047196,-0.10489,-0.19053,-0.14088,0.020092,0.15069,0.26296,0.3742,0.45075,0.47303,0.41357,0.23726,-0.072446,-0.37349,-0.49701,-0.47908,-0.41172,-0.30495,-0.20088,-0.10221,-0.037619,0.043755,0.14953,0.23097,0.31253,0.36296,0.30532,0.21468,0.1674,0.08667,0.038203,0.075209,-0.023505,-0.18665,-0.36352,-0.30762,-0.17109,-0.14139,-0.1429,-0.1793,-0.20476,-0.22474,-0.10088,0.043622,-0.021584,-0.027078,-0.037566,0.041397,0.15852,0.24329,0.32955,0.31757,0.47006,0.52248,0.34599,0.15329,-0.0082419,-0.094863,-0.017881,0.16006,0.26672,-0.54562,-0.089571,-0.43497,0.40131,0.12336,-0.16785,0.30538,0.058261,-0.47592,0.85148,1.0779,-0.59077,0.26642,0.59414,0.016202,-0.12353,0.25165,0.04966,0.2656,-0.080831,-0.083098,0.061149,-0.20034,-0.16242,-0.2267,-0.048465,0.068243,0.11816,-0.28549,-0.081349,1.1908,-1.9045,0.19159,-0.43254,-1.3379,-0.28932,0.62516,0.012696,-0.081003,0.80714,0.44928,-0.3602,-1.1858,-0.2942,0.065788,-0.10105,0.33292,0.30126,-0.30616,0.25645,-0.39589,0.38422,0.026262,-0.086284,-0.1057,0.002932,-0.30385,0.071103,0.3344,0.032549,2.6609,-0.72249,-1.019,-0.3774,0.60412,0.92357,0.010176,-0.076284,0.38847,-0.2435,-0.70731,-0.41607,-0.19013,0.73618,0.043904,0.16312,0.059991,-0.030782,0.30893,-0.29438,0.25887,0.21767,-0.0087139,0.015709,0.01222,0.055936,0.057684,-0.22726,-0.34421,0.4883,-0.10346,-0.73279,0.12814,-0.0032605,0.29926,0.12359,-0.091733,0.30033,0.54382,-0.36552,0.40766,0.037109,0.12841,0.066546,-0.2923,0.10471,0.12381,-0.34146,-0.0079605,-0.15283,0.0095708,-0.023303,-0.29605,-0.2737,-0.019173,-0.058453,-0.074904,-0.010688,0.15043,0.020542,3.3619,0.86482,0.77208,-0.23523,0.99065,-0.38728,0.32375,0.61773,0.45278,0.23584,-0.033595,-0.3734,-0.33084,0.079655,-0.26173,-0.35343,-0.24775,0.10518,-0.18601,0.23721,-0.3758,0.0019591,0.15584,-0.14395,-0.040566,-0.032223,-0.14666,-0.4732,-0.098538,0.26274,-0.21799,-0.64283,-0.20115,-0.25081,0.040155,-0.068825,0.10366,-0.2774,-0.039563,-0.53591,0.087429,-0.16875,0.63181,0.29491,-0.3924,-0.082319,-0.23313,0.025867,-0.32321,0.22929,0.044651,0.086151,-0.16519,0.22061,-0.15327,0.036524,-0.18224,0.43455,0.19431,0.14962
0.26506,0.42622,0.4116,0.15247,-0.083924,-0.047387,0.090962,0.078151,0.048775,0.063217,0.059895,0.075455,0.075187,0.045,-0.042499,-0.15255,-0.21596,-0.25495,-0.26585,-0.2209,-0.1635,-0.11272,-0.036081,0.09561,0.20173,0.21526,0.17402,0.086127,-0.001504,-0.015349,0.1123,0.13851,0.07789,0.1318,0.26752,0.31726,0.3043,0.23732,0.15218,0.0876,0.042902,0.010078,-0.011313,-0.025196,-0.047827,-0.061065,-0.01821,0.056262,0.097413,0.058526,-0.036479,-0.061941,0.032286,0.12135,0.14087,0.10449,0.036219,-0.040186,-0.089259,-0.092246,-0.078311,-0.0342,0.0122,0.015474,-0.017452,-0.041781,-0.0064934,0.11581,0.21914,0.084308,-0.3464,-0.57844,-0.51521,-0.32747,-0.10659,0.13309,0.41716,0.73919,0.77933,0.46992,0.17688,0.05349,0.060668,0.078754,0.046112,0.001562,-0.0074807,-0.0035491,0.0059942,-0.074092,-0.13671,-0.11422,-0.095675,-0.090795,-0.1984,-0.2648,-0.19326,-0.07864,0.056008,0.098091,-0.46714,-0.40589,-0.24836,-0.21059,-0.19751,-0.19872,-0.28663,-0.33259,-0.15895,0.10861,0.21354,0.25372,0.21598,0.12413,0.046393,-0.03105,-0.16031,-0.25857,-0.26273,-0.21629,-0.15193,-0.08624,0.045906,0.19048,0.21197,0.15982,0.12225,0.16894,0.24449,0.18998,0.11565,0.37939,0.32937,-0.040868,-0.37435,-0.43985,-0.40592,-0.33661,-0.25401,-0.19931,-0.1404,-0.022956,0.10397,0.18617,0.2146,0.27246,0.40909,0.53857,0.58156,0.50608,0.29484,-0.03227,-0.33447,-0.4849,-0.52202,-0.49439,-0.39162,-0.26962,-0.17259,-0.079815,0.0084018,0.088866,0.19823,0.3507,0.44658,0.37088,0.19037,0.013211,-0.037181,-0.16736,-0.20785,-0.096051,-0.10269,-0.16751,-0.1451,-0.11253,-0.086176,0.0050947,-0.01676,-0.11812,-0.033154,0.087207,0.033746,-0.018445,-0.011557,0.041465,0.090341,0.1144,0.10781,0.17852,0.25266,0.24448,0.19812,0.09683,-0.015556,-0.02617,0.034632,0.036715,0.18033,0.35813,-0.50174,-0.12146,0.25177,0.079282,0.017224,-0.29028,0.65224,0.42842,-0.15907,0.45389,0.2972,-0.27782,0.24078,0.67851,0.055171,0.10087,0.27069,-0.30806,-0.11347,-0.23494,-0.17405,-0.035154,-0.2842,0.17655,-0.034754,-0.19583,-0.05861,0.18311,0.097185,-0.10221,2.6514,-0.91362,-0.14212,1.4862,-1.4981,0.076757,0.12895,-0.17843,-0.65221,-0.24469,-0.1125,-0.082008,-0.52779,-0.54856,-0.43328,-0.10025,0.2491,-0.61517,-0.35018,-0.45198,0.23468,0.47934,0.040946,-0.32777,0.044666,0.053354,0.17765,0.46697,0.14315,-0.29729,2.6545,-0.57582,-1.5067,0.045718,0.10906,-0.71437,0.11071,0.35466,0.49883,-0.0079239,-0.41408,-0.18564,0.83122,0.31971,-0.39565,0.28883,0.28058,-0.040419,0.073798,0.26424,-0.23133,0.5989,-0.22363,0.14129,0.25009,-0.047764,-0.20983,-0.35664,-0.027738,-0.040369,0.01907,-0.83139,-0.20589,-0.32307,-0.15501,-0.2773,0.091503,-0.21952,-0.30589,-0.1221,0.40006,0.01881,-0.091601,0.23283,-0.36651,0.16674,0.10821,-0.13491,0.02493,0.13236,-0.042057,0.044388,-0.32919,-0.19569,0.19512,0.12055,0.37255,-0.33829,-0.1248,-0.076963,2.6074,2.1704,-0.31143,-0.20398,-0.070794,0.035081,-0.60004,-0.43488,0.12508,-0.60297,-0.32023,-0.37348,-0.039518,-0.62092,-0.43812,0.22319,0.39626,0.34663,-0.43161,-0.25712,-0.27492,0.086043,-0.016813,-0.26615,-0.44172,-0.013712,-0.20503,-0.039393,0.1429,-0.059342,0.053308,-0.83852,0.20542,0.09768,0.33103,0.21749,0.57495,-0.76859,-0.023726,-0.024567,0.013511,-0.40298,0.26461,-0.17775,-0.65313,-0.29761,-0.41058,0.098485,-0.32962,0.28357,-0.27616,0.13175,-0.058869,0.25053,0.21953,0.12329,-0.091729,-0.10369,-0.12257,0.44488
-0.14395,-0.1776,-0.27835,-0.30377,-0.30542,-0.18119,0.045707,0.18822,0.20711,0.16676,0.11072,0.067825,0.069387,0.094844,0.084578,0.040883,-0.034704,-0.21531,-0.35027,-0.3408,-0.31028,-0.28249,-0.15893,-0.0088253,0.013374,0.22668,0.40042,0.25017,0.01575,-0.072714,0.087143,0.28869,0.4056,0.41481,0.34141,0.25695,0.25232,0.19755,0.11972,0.09841,0.092518,0.065066,0.055967,0.04338,-0.0018844,-0.0093394,0.04503,0.097008,0.13552,0.12377,0.03109,-0.099705,-0.09479,-0.00033539,0.010595,-0.038109,-0.066944,-0.079273,-0.10634,-0.10924,-0.082311,-0.044978,-0.018048,-0.0091546,-0.012793,-0.04552,-0.091838,-0.090797,-0.057215,-0.056407,-0.11432,-0.16567,-0.18241,-0.11779,-0.035303,0.0099004,0.037036,0.024585,-0.0037143,-0.021941,-0.071135,-0.1175,-0.026418,0.10452,0.13384,0.10941,0.065557,0.092,0.15094,0.15607,0.16761,0.17882,0.082912,0.038033,0.071504,0.019044,-0.079689,-0.18778,-0.22877,-0.22879,-0.040498,0.069242,0.14402,0.11521,0.11031,0.10387,0.036701,-0.077331,-0.16509,-0.19395,-0.17829,-0.11446,0.019803,0.11728,0.10057,0.035371,-0.044301,-0.07094,-0.080195,-0.097499,-0.075272,-0.023528,0.14678,0.24353,0.19509,0.41288,0.57735,0.36095,0.1594,0.22094,0.075779,-0.10552,-0.016023,-0.084063,-0.24395,-0.32779,-0.35145,-0.32382,-0.25671,-0.12343,0.022884,0.085442,0.078721,0.050991,0.0032164,-0.030017,0.032363,0.12121,0.16098,0.12828,-0.0045874,-0.29337,-0.62297,-0.78148,-0.76647,-0.67004,-0.51191,-0.35037,-0.21975,-0.10676,-0.027908,0.082268,0.23664,0.33276,0.27388,-0.010656,-0.28104,-0.27294,-0.1708,-0.098566,-0.034737,0.0034576,0.014324,-0.039887,-0.075082,-0.045329,-0.01425,-0.033205,-0.067442,-0.064546,-0.051569,-0.055497,-0.047217,-0.060063,-0.11814,-0.11988,-0.07368,0.023661,0.084107,0.074118,0.0823,0.043471,0.16841,0.25277,0.20255,0.117,0.002786,-0.10555,-0.13507,-0.1049,-0.4754,-0.38513,-0.82405,-0.17424,0.84083,-0.53315,0.29399,1.0794,-0.28195,-0.095378,0.46261,-0.84235,0.072048,0.15039,0.069437,0.060259,0.050451,0.36153,0.13247,0.24185,0.55839,-0.22373,-0.27779,0.099472,-0.21852,0.42457,-0.28989,-0.20976,0.12397,0.26942,2.4828,-0.20612,-0.25822,0.097742,-2.1838,-0.079579,0.5472,-0.81445,-0.71452,0.15778,0.066885,0.67568,-0.63022,-0.52487,-0.27281,0.21637,0.001159,0.4883,-0.51542,0.184,0.070929,0.16437,0.26391,0.05629,-0.047924,-0.19424,0.049847,-0.17766,0.03343,-0.11845,2.5862,-0.69021,-0.069208,-0.091781,0.33861,0.027706,0.7591,-0.079864,0.083972,-0.14431,0.10583,-0.48976,0.30294,-0.51966,-0.04541,-0.51875,-0.082273,0.45318,0.04361,0.021044,-0.16627,-0.12089,0.13412,-0.23132,-0.39295,-0.25742,-0.47003,-0.073164,0.28989,0.1093,0.25743,0.85724,0.27716,0.082105,-0.19313,-0.9193,-0.45305,-0.041948,0.35136,0.32324,0.3894,-0.46996,-0.25523,-0.08398,0.12621,0.044636,0.022666,-0.16296,-0.14299,0.40776,-0.042632,0.29815,0.20787,0.12144,-0.21552,0.02628,-0.067437,0.076943,0.26608,0.22842,2.9956,0.48417,0.78269,-0.75696,0.031504,-0.51636,0.032336,-0.87072,0.040662,0.6306,0.12256,-0.42573,0.017784,0.31858,0.46442,0.19123,0.0074191,-0.11517,0.19466,0.25016,-0.03175,0.45684,0.29807,-0.24314,-0.38814,-0.044218,-0.073749,-0.24323,0.16095,-0.22475,0.32004,0.61699,-0.51263,0.12776,-0.057454,0.67964,0.61818,-0.51904,0.92893,0.17789,-0.062523,-0.7228,0.28128,0.13102,0.21762,0.32279,0.096985,-0.13625,-0.49287,0.083937,-0.00059847,-0.33145,-0.064235,-0.027054,-0.32171,0.1287,-0.030667,0.15202,-0.13264,0.060692
0.098193,0.090206,0.071944,0.0060375,-0.12246,-0.1631,-0.045907,0.01045,-0.012045,0.015799,0.043817,0.056972,0.0801,0.090472,0.063624,-0.017257,-0.10638,-0.13712,-0.10345,-0.034823,0.014378,0.00057223,0.0056639,0.11582,0.22386,0.26184,0.20014,0.12201,0.074655,0.13204,0.26543,0.23352,0.084908,0.063713,0.13899,0.19835,0.19246,0.12601,0.083988,0.048912,-0.010256,-0.046447,0.093647,0.22501,0.20726,0.074061,-0.024028,0.038344,0.065319,0.01675,-0.073327,-0.13907,-0.088573,0.0083823,0.022879,-0.022421,-0.049545,-0.062901,-0.091383,-0.093031,-0.11958,-0.14195,-0.11867,-0.1079,-0.1085,-0.032364,0.028164,0.00023353,0.023766,0.10954,0.1602,0.058444,-0.13155,-0.22984,-0.15088,-0.056466,0.002277,0.14904,0.34291,0.41017,0.29869,0.13424,0.065034,0.072961,0.078263,0.07025,0.056162,0.033852,0.020869,0.032721,0.057559,0.08433,-0.011446,-0.10192,-0.11263,-0.1846,-0.20014,-0.036731,0.2845,0.46261,0.57341,-0.044841,-0.26359,-0.18919,-0.072435,-0.05425,-0.21014,-0.33901,-0.17937,0.064584,0.12481,0.16166,0.19904,0.2049,0.143,0.015542,-0.07927,-0.081142,-0.029466,0.037634,0.081995,0.12067,0.14799,0.30297,0.39611,0.34727,0.38042,0.43283,0.31847,0.18698,0.19289,0.4211,0.33306,-0.06561,-0.49017,-0.65565,-0.66039,-0.58614,-0.47972,-0.37615,-0.28375,-0.19623,-0.088516,0.050572,0.13959,0.21707,0.34351,0.43844,0.44515,0.33447,0.093567,-0.25737,-0.57791,-0.72228,-0.71029,-0.63182,-0.47687,-0.29334,-0.12504,0.024158,0.1444,0.24092,0.30179,0.29459,0.20008,-0.026018,-0.26129,-0.32817,-0.20544,-0.077769,-0.03498,-0.13168,-0.19597,-0.17026,-0.16728,-0.14913,-0.12408,-0.11463,-0.12018,-0.12568,-0.13689,-0.10797,-0.03994,-0.029118,-0.061134,-0.081591,-0.091513,-0.052879,0.033583,0.11543,0.16833,0.16836,0.21198,0.19424,0.094543,0.031967,0.024863,0.11835,0.32338,0.45888,-0.219,-0.30284,0.83394,0.20729,0.45886,-0.027156,-0.082829,0.60366,-0.39858,0.027924,0.61827,-0.25482,0.1482,0.19769,0.058742,-0.048082,0.041062,0.23729,0.0957,-0.038893,-0.20994,-0.07996,0.14177,0.056549,0.10568,0.036266,-0.11225,0.055362,0.17371,-0.019447,1.1359,-2.1538,1.0382,-0.20475,-2.0535,-0.59839,1.3782,-0.60033,0.19788,-0.067552,0.068226,0.31225,-0.41167,-0.33338,0.2483,-0.074327,-0.33046,-0.0019039,-0.20264,-0.2056,-0.23374,-0.039865,-0.078117,-0.038075,0.06866,0.25332,-0.15497,0.0031768,0.24931,-0.1685,2.7011,-0.47202,-0.97136,0.92728,-0.15535,0.59839,0.34602,0.073681,0.61129,-0.49221,0.022911,0.091587,0.36353,-0.23452,-0.1138,0.1256,0.23519,-0.06363,0.25108,0.36529,0.26137,0.3139,0.012326,0.046542,0.22898,0.057678,-0.026385,-0.24024,0.0019805,0.11984,7.6494e-05,-0.81063,-0.71138,-0.58191,-0.49944,-0.62228,0.13458,0.3758,-0.18082,0.30865,0.1671,-0.23456,-0.27045,0.10545,0.084433,0.13973,0.20287,0.068959,-0.077897,0.092113,0.31768,-0.052254,-0.1042,0.17004,0.38118,-0.020935,-0.16945,0.10181,0.038348,-0.083825,2.7432,1.9929,-0.53408,-0.82779,0.053251,-0.46048,0.14221,-0.17795,-0.23365,-0.11936,-0.18766,-0.073289,0.006584,0.13583,-0.070839,0.51742,0.28141,-0.0146,-0.37878,-0.2644,-0.2042,-0.070236,0.16507,-0.18701,0.044165,0.15059,-0.1358,-0.073761,0.022298,-0.17744,0.16785,-0.79353,0.70506,0.25669,0.61167,0.73021,0.40937,-0.63318,-0.23114,0.22723,0.025916,-0.4262,0.031295,-0.30632,0.11943,0.19185,-0.061493,0.076835,0.050413,-0.15377,0.083326,0.17901,-0.052705,-0.20154,-0.06885,0.07972,-0.036621,-0.11074,-0.041475,-0.034083
0.6339,0.51866,0.23648,0.081124,-0.027274,-0.060369,0.0021468,0.025569,0.010797,0.03524,0.050949,0.048494,0.064129,0.073845,0.051685,-0.045819,-0.20891,-0.33649,-0.37634,-0.33704,-0.25903,-0.13768,0.01903,0.12095,0.13833,0.12277,0.16671,0.16481,0.12416,0.074836,-0.16638,-0.31125,-0.26752,-0.32623,-0.17163,-0.018979,-0.0090361,-0.04964,-0.1305,-0.10498,-0.075118,-0.11366,-0.11412,-0.10416,-0.11712,-0.12867,-0.14646,-0.13085,-0.079342,-0.10689,-0.19822,-0.14327,0.03463,0.13688,0.16168,0.12476,0.05169,0.2027,0.35598,0.35633,0.27798,0.19469,0.21217,0.21814,0.22391,0.2461,0.26237,0.29564,0.28085,0.088392,0.017476,0.014266,-0.1191,-0.21903,-0.16811,0.037594,0.25871,0.29753,0.15017,-0.042209,-0.099879,-0.0437,0.046865,0.12278,0.14452,0.12014,0.067559,0.022522,0.02872,0.066348,0.094462,0.098552,-0.045146,-0.1742,-0.19395,-0.23833,-0.22992,-0.0077467,0.30347,0.409,-0.67618,-0.45756,-0.19898,-0.10638,-0.048858,-0.039867,-0.11728,-0.17605,-0.11274,-0.013723,0.031071,0.075821,0.13244,0.15413,0.1046,0.040225,0.0055434,-0.056351,-0.10493,-0.07132,0.013412,0.083604,0.20909,0.26367,0.20252,0.15297,0.14182,0.14583,0.15421,0.14919,0.18934,0.54591,0.69778,0.31306,-0.1446,-0.35571,-0.41425,-0.4261,-0.35287,-0.28891,-0.20105,-0.067483,0.12981,0.28501,0.30935,0.31207,0.34458,0.4346,0.52237,0.51155,0.32148,-0.020723,-0.3585,-0.55957,-0.63272,-0.6148,-0.48825,-0.28451,-0.12308,-0.030437,0.038201,0.095739,0.14019,0.12358,0.084601,0.044437,0.058508,0.12004,0.0608,-0.14561,-0.23018,-0.24298,-0.20787,-0.17944,-0.1642,-0.13741,-0.10866,-0.1074,-0.09746,-0.057833,-0.00077694,-0.00073454,-0.041695,-0.080193,-0.13229,-0.13326,-0.077592,0.047586,0.17833,0.2464,0.25257,0.1886,0.15695,0.093088,-0.01349,-0.042701,-0.017553,0.11809,0.29746,0.38852,-0.22402,0.26242,0.71209,0.20338,-0.040029,-0.19101,0.50934,0.57958,-0.32114,-0.14078,0.2867,0.12256,0.12748,0.036527,-0.30579,-0.22343,0.43468,0.40733,0.30183,-0.042143,0.022623,-0.072166,0.23898,0.18466,-0.18043,0.14945,0.041398,0.16764,0.1042,-0.11513,1.1854,-2.0491,0.53228,-0.39491,-2.2281,-0.37468,1.0813,-0.12657,-0.43174,-0.22327,0.19582,-0.24875,-0.36144,-0.22339,0.25356,0.15593,0.075454,0.19019,0.54046,0.26504,0.28452,-0.066637,-0.090579,0.056793,0.0044686,0.49626,0.17292,0.010632,0.0058157,0.19055,2.4036,-0.080631,-1.5603,0.26707,-0.16915,-0.41581,-0.14144,0.32344,-0.66886,0.081291,0.24064,0.23148,0.25123,0.39752,0.72264,0.04321,-0.56025,-0.25383,-0.11228,0.2838,-0.18226,-0.30739,-0.0035689,0.47441,0.29368,0.24053,-0.35716,-0.18319,-0.029333,-0.30275,0.0068239,-0.90099,-0.072615,-0.49649,-0.11386,-0.63597,-0.15629,0.0045538,-0.5538,0.45295,-0.28563,-0.15199,0.02799,-0.2161,-0.013369,0.39465,-0.24671,0.017778,0.28178,-0.3562,0.34186,-0.23696,-0.10827,-0.17932,-0.02101,-0.086944,0.012979,0.074538,0.049375,0.051065,2.7547,1.8529,-0.57472,-0.36352,0.92843,0.15794,-0.34815,-0.24954,-0.57589,-0.17968,0.19839,-0.11546,0.48301,-0.0052787,-0.75997,0.16613,0.21658,-0.095275,0.13192,-0.15055,-0.44861,-0.17464,0.14918,0.13395,0.1742,-0.2976,0.24796,0.42469,0.29114,-0.054666,0.15072,-1.065,0.04879,0.10721,0.35849,0.45477,0.57179,-1.0351,-0.050902,0.49023,-0.15044,-0.43191,-0.055396,-0.001814,0.096183,0.34972,-0.79291,-0.00022861,0.043686,-0.12434,0.19135,0.33603,-0.14099,-0.14563,-0.095391,-0.098458,0.073068,-0.20824,0.11963,-0.16665
-0.0032722,0.045405,0.057603,0.021526,0.00095351,0.082257,0.16428,0.14549,0.06883,-0.095458,-0.15265,-0.10402,-0.12419,-0.24275,-0.37872,-0.31719,-0.22739,-0.29216,-0.29063,-0.22436,-0.13941,-0.090138,-0.074129,-0.046535,0.0035524,0.0044598,-0.016862,0.020225,0.11396,0.18849,0.44155,0.57592,0.62434,0.42504,0.17715,0.18503,0.15432,0.13086,0.11375,0.086605,0.063435,0.035689,0.014207,0.051595,-0.19827,-0.19771,-0.11623,-0.49407,-0.47313,-0.0019826,0.21267,0.20856,0.1898,0.15368,0.16922,0.12009,0.03588,-0.035719,-0.065388,-0.051772,-0.026487,-0.01291,0.15901,0.28663,0.29368,0.18543,0.051546,0.068826,0.1205,-0.028274,-0.33503,-0.41298,-0.43874,-0.44097,-0.36841,-0.19985,-0.089072,-0.082424,-0.089749,-0.080382,-0.091164,-0.06099,0.061229,0.15892,0.16736,0.14074,0.1313,0.1231,0.13674,0.16593,0.19682,0.20297,0.084609,-0.027873,-0.040784,-0.060855,-0.30414,-0.60361,-0.66915,-0.64813,-0.1698,-0.076833,-0.0037901,0.030228,0.070706,0.026052,-0.052011,-0.072357,0.001725,0.2409,0.46209,0.50517,0.39349,0.24487,0.062485,-0.14233,-0.27119,-0.31234,-0.29026,-0.20427,-0.11518,-0.072735,-0.061343,-0.07401,-0.059931,-0.054433,-0.069964,-0.073477,-0.083298,-0.094555,-0.25479,-0.17745,-0.12803,-0.13586,-0.1266,-0.1649,-0.12308,-0.073374,-0.05159,-0.073643,-0.12758,-0.16765,-0.13304,0.073566,1.5875,1.6684,-0.09453,-0.42045,-0.38479,-0.056198,0.27415,0.10461,-0.29183,-0.53927,-0.55459,-0.462,-0.28458,-0.076986,0.077514,0.12417,0.093602,0.066064,0.28698,0.56232,0.50708,0.16793,-0.076661,-0.045094,0.089304,-0.027431,-0.074519,-0.0023688,0.039296,0.052871,0.035319,-0.034962,-0.12023,-0.13931,-0.12264,-0.12146,-0.12068,-0.11236,-0.046385,-0.0047181,-0.041482,-0.031903,-0.036767,0.044206,0.15097,0.20831,0.24525,0.18946,0.16124,0.089291,-0.0045631,-0.058607,-0.15468,-0.40581,-0.64536,-0.67128,-0.81676,0.31302,-1.8876,0.21522,0.40799,-0.73065,0.66014,1.1988,0.50693,-0.54983,0.55409,-0.25247,-0.36305,1.2159,-0.036754,0.49574,0.33639,0.72308,0.64113,0.75089,-0.019375,-0.42302,-0.1719,0.51582,-0.30336,0.3999,0.31307,0.079938,-0.46618,-0.59756,2.5948,-0.037742,-1.3573,-0.54972,-1.6988,-0.20468,0.71441,-0.10974,-1.3873,-0.1801,0.40892,0.99213,-0.85203,-0.29116,0.265,-0.22971,-0.079848,0.32739,-0.26779,0.33189,-0.056215,0.26859,-0.11984,-0.65344,0.55061,0.20824,-0.34607,-0.21403,-0.18531,-0.58304,2.4746,-0.97697,0.065126,-1.4936,0.5533,-1.271,0.50331,0.26049,-0.16833,-0.98332,-0.24293,-0.33607,0.10903,-0.90302,0.037722,0.61671,-1.0246,0.75087,0.058317,-0.80008,0.03799,1.0591,0.44052,0.35249,0.66043,-0.25009,0.09526,0.33199,0.22783,-0.15785,0.54402,1.1337,1.1595,0.65627,-0.023193,-0.41927,-0.43101,-1.0112,0.057862,0.75691,-0.21396,-0.23878,0.26952,0.051928,-0.017571,-0.63005,0.29128,-0.57025,-0.50393,0.0004509,-0.63201,0.41988,-0.799,1.0425,-0.15156,0.39348,0.18945,0.22109,0.83599,0.78578,2.9313,-0.44428,1.003,-0.12614,0.15326,0.72089,0.38848,-1.2227,0.36189,0.60008,-0.47184,-0.50485,-1.3346,-0.23695,1.4577,-0.019071,0.69012,-0.21012,0.37546,0.77854,0.49319,0.74034,-0.48094,0.039892,0.12823,0.21838,0.075073,-0.54351,0.45488,-0.26665,0.75191,0.83425,-1.5114,0.27071,-0.42465,-0.5011,0.58614,-1.2279,1.2206,-0.14407,-0.31054,-0.38938,0.57993,0.27866,0.21587,0.099116,0.32407,-0.54948,0.54141,0.51547,-0.57853,-0.30814,0.34591,0.3719,-0.68936,-0.65908,-0.8956,-0.25611,-0.066686,0.28522
0.064589,0.041803,0.086148,-0.0023221,-0.10865,-0.11373,-0.060106,-0.03753,0.05064,0.12625,0.091759,0.058492,0.040822,0.031669,0.024368,-0.0078522,-0.077089,-0.13931,-0.15775,-0.1248,-0.15583,-0.21127,-0.196,-0.054342,0.28828,0.40667,0.31139,0.21595,0.10273,0.11019,-0.028324,-0.14692,-0.10295,-0.027042,0.12254,0.18499,0.18084,0.11417,0.09332,0.078097,0.026013,-0.0014542,-0.018205,-0.037854,-0.043387,-0.050563,0.019693,0.14576,0.21287,0.204,0.12975,0.031702,0.046662,0.14185,0.15678,0.1126,0.035358,0.0143,-0.018224,-0.059645,-0.033595,-0.0047324,0.016412,0.019089,-0.069507,-0.1668,-0.18532,-0.21695,-0.14783,-0.0292,0.045618,0.082589,0.050602,-0.05549,-0.18157,-0.23928,-0.20489,-0.12394,0.14903,0.45191,0.29667,0.017934,0.0055489,0.04249,0.046164,0.044616,0.046802,0.031971,0.022833,0.053832,0.10105,0.14436,0.15757,0.043045,-0.069497,-0.085427,-0.10982,-0.11172,0.025301,0.13182,0.7137,0.049119,-0.25125,-0.14877,-0.0055639,-0.0047889,-0.049649,-0.086482,-0.1017,-0.10551,-0.1029,-0.061936,-0.014026,0.021175,0.03924,0.015329,-0.040226,-0.082982,-0.09668,-0.073452,0.052877,0.14354,0.14624,0.17606,0.29406,0.33212,0.29607,0.28537,0.3099,0.35362,0.31157,0.40688,0.55957,0.10894,-0.362,-0.56638,-0.59696,-0.52292,-0.36098,-0.18842,-0.084918,-0.02417,0.020828,0.04884,0.0061923,-0.0086308,0.080692,0.22199,0.33254,0.32646,0.17501,-0.14407,-0.46993,-0.63513,-0.65592,-0.59382,-0.44812,-0.23935,-0.036789,0.11524,0.22245,0.28272,0.27691,0.19224,0.01603,-0.24119,-0.4302,-0.41833,-0.18869,-0.052283,-0.023097,0.0068797,0.018346,-0.082337,-0.15889,-0.11521,-0.067532,-0.039409,-0.17143,-0.27842,-0.30161,-0.17894,-0.0072245,0.0012146,-0.014869,-0.028569,-0.045688,-0.0052238,0.11356,0.23076,0.29479,0.29134,0.21859,0.16767,0.12415,0.065681,-0.00088431,-0.023533,0.12506,0.26124,-0.51374,-0.82802,0.68529,0.029403,0.53963,-0.47053,0.48097,0.59436,-0.39288,0.0082264,0.65955,0.026386,0.27892,0.35242,0.22594,0.068379,-0.061508,0.18951,-0.11719,0.085199,-0.0865,-0.10777,0.21048,-0.12617,0.39411,0.22012,-0.19502,-0.0049199,0.057724,-0.051427,2.5585,-0.35972,0.55305,1.5004,-2.0658,-0.097409,0.43859,-0.42115,-0.46219,-0.35907,0.28651,0.20057,-0.37785,-0.28753,-0.073561,0.28373,-0.39116,0.066151,-0.17598,-0.55972,0.20674,0.0048035,-0.28965,0.45164,0.097452,-0.019659,-0.11175,-0.013106,0.48953,-0.073668,2.442,-0.13782,-0.8765,0.69112,0.23477,0.37025,0.25417,-0.13762,0.24458,-0.19106,0.13887,-0.16229,0.69367,-0.48886,-0.021675,0.031045,0.20657,0.0092255,-0.27617,0.59932,0.27527,0.061029,0.14185,0.19265,-0.33041,0.083992,-0.37856,-0.07573,0.075587,-0.02203,-0.056395,-0.21732,-0.72219,-0.7184,-0.39086,-0.63921,0.11713,0.079736,-0.11814,0.53265,0.1707,-0.20521,-0.033239,-0.12839,-0.18619,0.044626,0.040475,0.13966,0.096094,0.17426,-0.061509,0.050819,0.20762,0.14981,0.31098,0.20414,-0.068367,0.13014,-0.30747,-0.13778,2.6086,1.7186,-0.77525,-0.72737,-0.27965,-0.40906,-0.72885,-0.35587,-0.50459,-0.63241,-0.3675,-0.10879,0.14439,0.15284,0.085217,0.63081,0.4865,-0.10214,-0.03933,0.079917,0.078856,0.077559,0.21299,-0.55416,0.083722,-0.29659,-0.046183,-0.36063,0.29874,-0.022757,0.28314,-0.27559,0.71849,0.20693,0.44225,0.87635,0.54506,-0.7969,-0.19323,0.012535,0.10633,-0.47648,0.062969,0.0058281,-0.083932,-0.0055542,-0.14475,-0.043314,0.27249,-0.0070588,0.099228,-0.25645,0.10527,-0.21082,-0.050044,0.40155,0.071158,-0.55623,0.027131,-0.031048
-0.34998,-0.3499,-0.20903,-0.014485,0.0023329,0.03676,0.11564,0.15888,0.14626,0.098354,0.058748,0.06912,0.09365,0.0995,0.073494,-0.085677,-0.2724,-0.36229,-0.40715,-0.39059,-0.34699,-0.3331,-0.31843,-0.24559,-0.1348,-0.026153,0.15675,0.2804,0.33101,0.18987,0.24855,0.26764,0.093839,0.1499,0.2889,0.34291,0.32641,0.24772,0.1506,0.19653,0.2569,0.2209,0.19372,0.23291,0.26088,0.11838,-0.0073045,0.067561,0.10787,0.063884,-0.035104,-0.04647,0.071973,0.16888,0.18508,0.14181,0.065703,-0.020627,-0.074028,-0.074971,-0.061451,-0.039532,-0.013666,0.0032346,-0.00018313,0.003334,-0.020527,-0.074103,-0.023501,0.0037473,-0.24987,-0.60271,-0.70668,-0.56906,-0.34955,-0.18329,0.054762,0.37937,0.50483,0.34645,0.11131,-0.004241,-0.0063862,0.044742,0.10677,0.11718,0.08984,0.043694,0.012602,0.019636,0.040542,0.066414,0.085158,0.060622,-0.0027365,-0.045793,-0.087514,-0.16405,-0.19045,-0.18229,0.33497,0.20746,0.077639,0.056801,0.083869,0.10084,0.0090443,-0.074584,-0.10479,-0.081639,0.032697,0.16336,0.20721,0.196,0.12965,0.074413,0.0055771,-0.077626,-0.12373,-0.11555,-0.068531,-0.04103,0.0021278,0.059887,0.098026,0.060064,0.16407,0.27356,0.2222,0.19804,0.18389,0.41029,0.38242,0.0047891,-0.39146,-0.53041,-0.49657,-0.38135,-0.24819,-0.17686,-0.17948,-0.20668,-0.11516,0.21325,0.42821,0.4051,0.41295,0.53093,0.57843,0.485,0.21591,-0.21499,-0.61295,-0.79122,-0.7981,-0.71307,-0.5674,-0.41155,-0.24532,-0.076704,0.054157,0.097524,0.15402,0.2848,0.33768,0.20795,-0.055253,-0.18949,-0.063397,-0.11001,-0.1922,-0.04933,0.043938,-0.040501,-0.12798,-0.13963,-0.12268,-0.10336,-0.11201,-0.13475,-0.079614,-0.037033,-0.090585,-0.11321,-0.13213,-0.17726,-0.16396,-0.082714,0.04615,0.12066,0.12794,0.12123,0.08534,0.051542,0.064583,0.059604,-0.021911,-0.12423,-0.14281,-0.1048,-0.81284,0.082243,-0.21951,0.039969,0.11379,-0.73927,0.8471,1.2372,0.17865,0.046605,0.87657,-0.60433,0.21023,0.62646,-0.28758,-0.30097,0.085173,-0.21026,0.1152,0.27842,0.022096,-0.16864,-0.09465,0.29985,-0.20661,0.30076,-0.087902,0.32584,0.11642,-0.23484,2.5328,-0.84866,-0.59127,0.85259,-1.9028,0.19646,0.36868,-0.40133,-1.8353,-0.14978,0.49455,0.43338,-0.5477,-0.36125,0.12926,-0.33268,0.014701,-0.22561,-0.030084,0.041448,-0.0094851,0.13,-0.024658,-0.23468,0.24453,0.20005,0.15551,0.55323,0.17043,-0.6315,2.8173,-1.0559,-1.012,-0.14153,0.66916,-0.46528,0.30463,0.23751,-0.012762,-0.73716,0.19736,-0.40628,0.9471,-0.022201,-0.23132,0.1219,-0.30577,0.020441,0.07305,0.13162,-0.2644,0.41866,-0.46497,-0.054203,0.043585,-0.10864,-0.33237,-0.25389,0.21542,0.012881,0.482,-0.015131,0.49351,-0.40409,-0.22296,-0.74652,-0.83229,-0.7693,0.070897,0.067666,-0.22492,-0.021212,-0.0054102,-0.22588,-0.37129,-0.040739,-0.035251,-0.25251,-0.23195,0.13539,0.1784,-0.26024,-0.37006,-0.16122,0.0072918,-0.2054,0.34214,-0.17425,-0.065762,0.27968,3.2918,1.0494,0.65442,-0.54688,1.1126,-0.2925,-0.55094,-0.96473,0.025903,0.45877,-0.066725,-0.33053,-0.065227,-0.42098,-0.070216,-0.20282,0.3124,-0.55257,-0.19562,-0.16714,-0.32013,0.083725,-0.54737,0.013468,-0.41508,0.014409,-0.12503,0.16062,0.025715,-0.14284,0.64544,-0.17977,-0.62175,0.04899,0.33456,0.18311,0.67956,-1.4872,0.9633,-0.35512,-0.0022989,-0.51767,0.33236,0.1795,-0.22476,0.1109,-0.44404,-0.070388,-0.042878,0.14239,-0.20364,0.22096,-0.40967,0.099015,-0.038072,0.35989,-0.33083,0.19796,0.0038415,0.30355
0.57558,0.5392,0.31463,0.081904,-0.11562,-0.1435,-0.071507,-0.055816,-0.077947,-0.016871,0.067342,0.071455,0.082482,0.079893,0.05132,-0.051806,-0.14578,-0.17557,-0.1792,-0.13468,-0.091217,-0.071764,-0.028262,0.13518,0.25492,0.2682,0.2081,0.078543,-0.0047343,0.04396,-0.041366,-0.15634,-0.11231,0.049852,0.25608,0.3135,0.30593,0.239,0.14519,0.053099,-0.0093165,-0.0373,-0.05427,-0.071838,-0.053987,-0.068926,-0.071207,0.0075445,0.054115,0.021852,-0.064752,-0.0767,0.03136,0.12023,0.13393,0.093972,0.023559,0.0088416,0.020447,-0.019849,-0.038309,-0.014059,-0.00054685,-0.0022298,-0.0090378,-0.0032918,0.0051351,0.0086869,0.022087,0.0077662,-0.13304,-0.15435,-0.048049,0.034575,0.040575,0.021463,0.069562,0.20125,0.29144,0.23812,0.094796,-0.013701,0.0016549,0.058814,0.09911,0.086443,0.024075,-0.0060394,0.012803,0.057003,0.1097,0.13927,0.014486,-0.10474,-0.1198,-0.15578,-0.14311,-0.02394,0.12958,0.19014,-0.72601,-0.49157,-0.21204,-0.12666,-0.069475,-0.056009,-0.10495,-0.13508,-0.14844,-0.064435,0.097265,0.15425,0.1762,0.1616,0.10089,0.027001,-0.075215,-0.15473,-0.14481,-0.099228,-0.058738,-0.045031,0.037743,0.28535,0.38298,0.3291,0.2963,0.28188,0.28753,0.17605,0.037249,0.39494,0.54785,0.11536,-0.31219,-0.47391,-0.49647,-0.45061,-0.34507,-0.2037,-0.089417,-0.028042,-0.0040094,0.0027202,0.0051008,0.088429,0.25466,0.40272,0.47453,0.43355,0.24976,-0.097929,-0.42957,-0.55923,-0.56037,-0.51139,-0.40362,-0.24859,-0.07417,0.064149,0.14479,0.19883,0.20993,0.16502,0.06874,-0.022328,-0.08272,-0.10537,-0.064734,-0.055805,-0.16208,-0.22379,-0.21777,-0.2038,-0.17963,-0.15094,-0.12577,-0.11559,-0.12147,-0.12089,-0.012782,0.096818,0.039487,-0.046933,-0.1127,-0.12024,-0.0082319,0.12218,0.18624,0.24632,0.28717,0.26043,0.23331,0.16301,0.056775,0.024652,0.042535,0.10845,0.20865,0.27196,-0.52463,-0.81341,0.49841,0.15047,0.53107,-0.37552,0.31098,0.50865,0.0045053,0.3209,0.61053,0.014139,0.11948,0.047024,0.32739,0.088308,0.26222,0.028941,0.072322,0.080921,-0.054509,0.015857,0.027138,-0.11657,0.16638,0.28085,-0.064451,-0.042052,0.17043,-0.16715,2.5575,-0.6881,0.56332,1.0452,-2.096,-0.30253,0.67108,-0.14849,0.0043073,-0.33296,-0.08126,-0.14241,-0.23273,-0.48435,-0.16555,0.1268,0.11659,0.19102,0.0027827,-0.219,0.12217,0.13925,-0.14253,0.1767,-0.10211,0.015342,-0.087962,0.0018139,0.20052,0.087151,2.4941,-0.21393,-1.2797,0.59123,-0.27551,-0.25167,0.1601,-0.18783,0.20626,0.068293,-0.131,-0.072888,0.57556,-0.19403,0.1534,-0.17681,0.0078845,-0.17227,-0.24857,0.017629,-0.08989,0.084821,0.066075,0.01941,-0.071988,0.068709,-0.24864,-0.061433,0.098896,-0.13139,-0.047793,-0.21091,-0.65531,-0.65671,-0.24496,-0.51871,0.049872,0.037103,-0.23077,0.064258,0.26803,0.066821,-0.16361,-0.17458,-0.094213,0.25561,0.033425,0.19748,0.17344,-0.053749,0.16148,0.058388,0.063396,0.17374,0.11345,0.12487,-0.054366,-0.0042748,-0.17243,0.081105,2.6032,2.0608,-0.8914,-0.49501,-0.33462,-0.24036,-0.97704,-0.3515,-0.32289,-0.74462,-0.12314,-0.24315,0.29384,0.15291,-0.091778,-0.0051525,0.27779,-0.047877,0.063437,0.091596,-0.15827,0.10093,-0.10338,-0.63589,-0.093382,-0.26491,0.23968,-0.27122,0.0081393,0.1146,0.1771,-0.23863,0.67982,0.12102,0.49156,0.63549,0.52997,-0.50892,-0.053931,0.051637,0.014526,-0.45796,-0.23877,0.016611,-0.29395,0.11311,-0.36304,0.11914,-0.24252,-0.11866,-0.016549,-0.11317,0.022684,0.03758,-0.23046,0.10976,0.012158,-0.28823,0.080359,-0.25976
0.12454,0.10957,-0.030549,-0.057783,-0.017165,-0.0020564,0.088785,0.16612,0.15845,0.1163,0.078563,-0.031172,-0.086855,-0.083844,-0.15067,-0.16005,-0.16839,-0.24567,-0.26106,-0.21638,-0.16276,-0.22245,-0.27274,-0.15004,0.014641,0.080465,0.090572,0.083548,0.040008,-0.0032604,0.08884,0.12186,0.071694,0.12343,0.2542,0.30306,0.29189,0.22638,0.13809,0.10102,0.092816,0.1446,0.1998,0.18944,0.16558,0.054023,-0.012047,0.063664,0.10162,0.051825,-0.052181,-0.06219,0.059432,0.15602,0.16756,0.11824,0.0408,-0.038028,-0.086343,-0.087771,-0.072722,-0.043362,-0.016144,-0.010602,-0.019149,-0.011507,0.024034,0.043016,0.075711,0.10824,0.054404,-0.32094,-0.64606,-0.56293,-0.18213,0.10625,0.28908,0.41366,0.33191,0.14007,0.0051642,-0.0061022,0.042256,0.093884,0.11145,0.11927,0.12453,0.11348,0.060534,0.041649,0.070253,0.090887,0.099051,0.05058,0.043155,0.11028,0.12349,0.044259,-0.18418,-0.34213,-0.56278,-0.34827,-0.11275,-0.096035,-0.11694,-0.14039,-0.10793,-0.046343,-0.073679,-0.049255,0.0053567,0.19327,0.35216,0.34242,0.20356,0.00019824,-0.16941,-0.2369,-0.24893,-0.20744,-0.14922,-0.059818,0.026134,0.094765,0.13156,0.11578,0.12636,0.15375,0.17896,0.16014,0.15254,0.45966,0.44579,0.082924,-0.29034,-0.42625,-0.42383,-0.35937,-0.25611,-0.11158,-0.004105,-0.0091754,0.020263,0.13076,0.21285,0.31205,0.49047,0.63385,0.64571,0.4978,0.19268,-0.22536,-0.58725,-0.75233,-0.76122,-0.6718,-0.51136,-0.36123,-0.22909,-0.084325,0.048964,0.13443,0.21505,0.32175,0.34725,0.20287,-0.036655,-0.13644,-0.051807,-0.0022029,-0.020733,-0.16956,-0.20326,-0.23587,-0.25175,-0.14977,-0.11207,-0.099127,-0.11591,-0.021936,0.097704,0.071239,-0.0032626,-0.081927,-0.12874,-0.098873,-0.035252,-0.021855,0.080291,0.19027,0.21601,0.18832,0.12081,0.16881,0.23566,0.23129,0.2648,0.25282,0.044005,-0.15315,-0.65433,-0.082794,0.034799,0.040374,-0.014142,-0.49985,0.43154,0.64005,0.24303,0.018535,0.92033,-0.64934,0.043518,0.11752,0.01924,-0.33065,0.1445,-0.40671,-0.0175,0.24155,0.14831,-0.18994,-0.3539,0.21514,-0.0046571,-0.092035,-0.15838,0.2911,0.12743,-0.024393,2.7246,-0.81129,-0.17868,0.79603,-1.944,-0.35854,0.97309,0.22845,-0.55966,0.11959,0.14693,0.32898,-0.65759,-0.82256,-0.014185,0.019237,0.39062,-0.43131,-0.15947,0.18109,0.034986,0.12079,0.42382,-0.10438,-0.22055,0.17886,-0.25802,0.33163,0.12788,-0.2685,2.93,-1.088,-0.84901,0.18396,0.51204,0.73029,-0.15178,0.35592,0.18307,-0.31028,0.35312,-0.31219,0.53645,0.30915,-0.069294,-0.13132,-0.51424,-0.11755,0.28535,0.017474,-0.36897,-0.11651,-0.19001,-0.095097,0.11295,-0.034888,0.13027,-0.15985,0.03972,0.13144,0.46128,-0.23222,0.27322,-0.47292,-0.22706,-0.52279,-0.28451,-0.48945,0.19987,0.011561,-0.15417,-0.059815,-0.4663,-0.25177,-0.16794,0.29582,0.11818,-0.14868,-0.25144,0.41977,0.23019,-0.23771,-0.1382,-0.24243,0.34461,-0.1253,0.38058,-0.2142,0.1239,-0.014967,3.4149,0.59525,0.67279,-0.58921,1.3796,-0.49909,-0.40517,-0.2508,0.008876,0.83286,0.086722,-0.33868,0.30467,-0.046951,0.048145,-0.41096,0.36599,-0.095332,0.041269,0.17413,-0.20462,0.063426,-0.45567,-0.049148,-0.37942,0.1947,-0.20356,-0.17336,-0.16977,-0.17336,0.29796,-0.43601,-0.29803,0.18012,0.50854,0.023591,0.56204,-0.88564,0.44445,-0.29478,-0.24747,-0.68088,0.13555,-0.12933,-0.11235,0.27774,-0.49931,-0.24813,-0.16097,0.16824,-0.15448,0.027189,-0.39908,0.14375,0.082566,0.41431,0.028437,0.31366,-0.40636,0.05197
0.61496,0.5708,0.3683,0.1214,-0.10931,-0.16142,-0.036714,0.018087,0.050317,0.096822,0.07194,0.067577,0.070147,0.062521,0.0040655,-0.049788,-0.098145,-0.17005,-0.1841,-0.14325,-0.09633,-0.16132,-0.23754,-0.15907,-0.013043,0.060306,0.19759,0.34734,0.30106,0.12949,0.24659,0.26509,0.08319,0.058133,0.12986,0.18858,0.18215,0.11626,0.10936,0.10518,0.046546,0.009152,-0.012102,-0.026595,-0.048344,-0.056284,-0.0081119,0.070806,0.11298,0.069309,0.016843,-0.064344,-0.07747,0.014516,0.026869,-0.017088,-0.041349,-0.053932,-0.084812,-0.089856,-0.06447,-0.036459,-0.017346,-0.0041239,-0.0032948,0.0063545,0.022378,0.014438,0.019695,0.028801,0.049048,0.12837,0.14813,0.092635,0.033603,0.04233,0.11318,0.18085,0.21344,0.20919,0.15322,0.069731,0.028241,0.06125,0.1114,0.13394,0.074569,0.020199,0.035037,0.061274,0.070852,0.014307,-0.087781,-0.10942,-0.081853,-0.08277,-0.066396,-0.026361,0.070454,0.15621,-0.80166,-0.54214,-0.24693,-0.23376,-0.24102,-0.22826,-0.30538,-0.35005,-0.22117,-0.013301,0.058546,0.12229,0.14603,0.13077,0.11392,0.032651,-0.082484,-0.1357,-0.13303,-0.087014,-0.035934,0.04278,0.089789,0.10398,0.12591,0.11353,0.19193,0.25148,0.25692,0.28237,0.23402,0.36789,0.25854,-0.12775,-0.52577,-0.64428,-0.59532,-0.4882,-0.39976,-0.316,-0.18673,-0.020759,0.14382,0.28287,0.36973,0.452,0.5793,0.68862,0.6998,0.55849,0.26056,-0.15774,-0.51839,-0.67025,-0.67288,-0.60853,-0.48533,-0.32938,-0.1698,-0.032879,0.040531,0.088443,0.17027,0.24875,0.25598,0.073606,-0.16914,-0.23453,-0.14605,-0.085781,-0.12377,-0.15195,-0.13407,-0.11734,-0.098371,-0.069921,-0.096417,-0.13589,-0.13812,-0.13953,-0.14103,-0.10557,-0.017448,-0.011569,-0.092583,-0.1475,-0.067826,0.11372,0.22886,0.26608,0.22949,0.16897,0.18329,0.17884,0.12457,0.13494,0.14672,0.3641,0.59109,0.6383,-0.27591,0.033919,0.46995,0.0032359,0.18454,-0.1086,0.066042,0.27346,-0.58135,-0.01184,0.50565,-0.073672,0.025699,-0.21033,-0.28717,0.3807,0.098015,0.27548,0.22835,0.14111,-0.16783,0.15146,0.25464,-0.033076,-0.0069127,0.12444,-0.097733,0.040264,0.25119,-0.045578,2.668,-0.88094,-0.016174,1.6902,-1.6569,-0.37101,0.41214,-0.066246,0.31123,-0.43587,-0.090134,0.024402,-0.21852,-0.28953,0.2342,0.39426,-0.35402,0.068839,-0.035363,-0.18905,0.22983,0.13221,0.31221,-0.11132,0.17339,-0.021163,-0.10383,0.29028,-0.049186,-0.054337,2.6708,-0.93857,-1.3234,0.40203,-0.63227,0.38249,-0.026863,-0.18779,0.51315,0.026821,0.23931,-0.06905,0.46772,-0.59152,0.43702,0.17687,0.28144,0.073197,-0.033838,-0.19656,0.06746,-0.03485,-0.26142,0.15536,0.098853,-0.079861,-0.21138,-0.34687,0.04379,-0.17516,0.079853,-0.89496,-0.1927,-0.49693,-0.22243,-0.35243,0.23503,0.50618,-0.26424,0.048523,-0.24345,0.060387,-0.36088,-0.32892,0.4599,0.36593,0.28239,0.072225,0.22761,-0.077779,0.34586,0.041244,-0.091647,0.20258,0.08553,0.018421,0.081782,0.072675,-0.19347,0.18596,2.6996,2.0916,-0.16666,-0.41578,0.42303,0.028014,0.70224,0.19504,-0.50468,-0.15295,-0.32466,-0.032038,0.097719,0.38784,-0.17525,0.58971,0.24902,-0.18871,-0.31627,0.19039,-0.30478,-0.14146,0.022759,-0.37132,-0.30685,0.024947,0.1752,0.037926,0.058555,0.0064055,0.018415,-0.95386,0.098857,0.011054,0.55039,0.30728,0.4887,-0.3532,-0.285,0.39773,-0.38919,-0.18589,-0.0046975,-0.095239,0.11955,0.54256,-0.34743,0.2322,-0.22131,-0.38104,-0.1927,0.012872,0.11475,-0.13875,-0.14956,-0.14948,-0.01844,-0.18822,0.018507,0.13614
0.37255,0.42208,0.20543,-0.14988,-0.17415,0.050452,0.16242,0.13638,0.12272,0.098227,-0.028723,-0.078943,-0.01354,-0.036847,-0.16042,-0.21792,-0.228,-0.268,-0.23847,-0.15741,-0.092599,-0.12664,-0.16145,-0.066102,0.11252,0.24972,0.33691,0.35114,0.31349,0.26052,0.31434,0.44456,0.48358,0.22421,-0.024575,0.035121,0.028274,-0.03845,0.19919,0.36654,0.31607,0.25528,0.19497,0.17277,0.16495,0.068363,0.0092711,0.083197,0.11835,0.071266,-0.027591,-0.17316,-0.21695,-0.12244,-0.10927,-0.15489,-0.1523,-0.14111,-0.17008,-0.17758,-0.16753,-0.078657,0.016193,0.032201,0.014747,0.0064211,0.034836,0.059546,0.080629,0.11985,0.080993,-0.35999,-0.74986,-0.70862,-0.33565,0.0058957,0.23245,0.38469,0.38172,0.29342,0.19193,0.16058,0.1956,0.2024,0.15593,0.074459,0.064597,0.11493,0.13264,0.15491,0.16876,0.0085841,-0.11941,-0.10144,-0.17887,-0.31418,-0.33297,-0.11707,0.19043,0.28705,-0.60331,-0.44895,-0.21569,-0.16431,-0.2407,-0.34063,-0.23262,0.028508,0.029308,0.059185,0.23095,0.416,0.48475,0.3913,0.15369,-0.12457,-0.27365,-0.26304,-0.18696,-0.081545,-0.0098961,0.0094945,0.019527,0.051151,0.14156,0.17218,0.12326,0.089496,0.15126,0.25538,0.1939,0.10352,-0.0011173,-0.20531,-0.34414,-0.49362,-0.46297,-0.37742,-0.31164,-0.26807,-0.21213,-0.017122,0.23874,0.38232,0.39333,0.4094,0.49427,0.59524,0.60773,0.49111,0.22653,-0.16941,-0.52512,-0.69672,-0.69652,-0.6175,-0.49253,-0.34962,-0.23017,-0.13486,-0.033532,0.046125,0.17652,0.36967,0.45534,0.35087,0.18373,0.061223,0.024663,0.036327,0.0062244,-0.15922,-0.14857,-0.16246,-0.19148,-0.12556,-0.13524,-0.11642,-0.12997,-0.14297,-0.10629,-0.047047,-0.077607,-0.14828,-0.15382,-0.092611,0.039872,0.13004,0.14052,0.1738,0.15525,0.23973,0.29084,0.21885,0.16004,0.059145,-0.013916,0.10856,0.28993,0.39041,-0.36562,0.60985,0.042446,0.29111,-0.061643,-0.083846,0.49097,0.6294,-0.11702,0.3546,0.50573,-0.26046,0.2864,0.79955,-0.43384,0.08103,0.24048,-0.10134,0.089754,0.055265,-0.14024,-0.082268,-0.007073,0.39877,-0.078693,-0.12172,-0.018179,0.17658,0.0052764,0.13241,1.3181,-2.3151,-0.33869,-0.50978,-1.7264,-0.49214,0.89509,-0.098297,-0.44319,-0.18237,0.41978,0.21884,-0.67771,-0.19247,-0.15972,-0.18523,0.1665,-0.38208,-0.1592,0.28469,0.002913,0.40761,0.3913,-0.45202,0.17674,0.1275,-0.42629,0.17025,0.14749,-0.25024,2.6042,-1.4843,-1.6473,-0.43615,-0.023534,-0.72222,0.38966,0.092249,0.013278,-0.25337,-0.59066,-0.33328,0.36214,0.006726,0.17763,0.50596,0.10043,0.25602,0.49134,-0.2418,-0.3613,-0.19721,-0.47415,0.16003,0.16572,-0.1978,0.21957,-0.65953,-0.23018,-0.013986,0.02974,-1.1107,0.56363,-0.23962,0.19913,-0.32704,-0.39986,-0.067379,-0.23519,-0.064771,0.18741,0.12646,0.17637,0.016225,-0.17322,-0.0021708,0.13874,-0.33502,0.14735,0.18918,0.27973,-0.23401,-0.2209,-0.1876,0.19274,-0.27474,0.39311,0.12758,0.27884,-0.0089822,2.897,2.207,0.6892,-0.0062855,0.64329,-0.16733,-0.45206,-0.43436,-0.027933,-0.14155,-0.34855,0.09361,-0.070855,-0.58792,-0.53156,-0.1419,0.12633,-0.2698,-0.31769,-0.050595,-0.34071,-0.4037,0.14115,-0.070192,-0.60155,-0.10763,-0.15118,-0.35126,0.17615,-0.19952,0.014935,-1.1159,-0.62814,-0.18727,0.12138,0.15024,0.41514,-0.97582,0.18859,0.17005,-0.042905,-0.41799,0.55957,0.078727,-0.38406,-0.13372,-0.44394,0.20951,0.061698,0.24018,-0.1512,-0.023987,-0.31424,-0.016646,0.15725,0.040978,0.062266,0.21231,-0.17589,0.28351
-0.020394,0.014146,0.039982,0.13326,0.22555,0.33092,0.32226,0.23266,0.17275,0.12873,0.087196,0.052794,0.060068,0.10106,0.12453,0.089928,-0.12457,-0.32611,-0.3639,-0.3481,-0.33417,-0.26156,-0.23224,-0.31981,-0.35411,-0.23372,0.41504,0.56092,0.17472,0.081994,0.15481,0.21492,0.28905,0.20972,0.20374,0.2303,0.18534,0.079927,-0.011058,-0.050291,-0.056084,0.11378,0.22742,0.22544,0.13703,-0.12969,-0.27032,-0.31979,-0.37212,-0.40364,-0.29746,-0.20603,-0.1397,-0.065847,0.19719,0.36199,0.26462,0.032467,-0.11542,-0.07606,-0.038838,-0.015525,0.1163,0.22626,0.19079,0.18322,0.23279,0.15979,0.065566,0.16718,-0.13242,-0.49801,-0.5602,-0.48508,-0.40091,-0.29767,-0.20797,-0.11236,-0.075869,-0.11805,-0.11993,-0.036286,0.031097,0.094178,0.15886,0.17543,0.16195,0.1574,0.097154,0.10163,0.15572,0.17416,0.15883,0.013362,-0.1176,-0.14685,-0.18884,-0.080366,0.24364,0.41557,-0.49731,-0.3304,-0.18265,-0.18342,-0.20095,-0.26709,-0.35514,-0.26123,-0.085085,-0.072415,-0.048307,0.029594,0.13251,0.19902,0.20557,0.13725,0.068042,0.010407,-0.026433,-0.019294,-0.014424,-0.088357,-0.22477,-0.33526,-0.38219,-0.30873,-0.12987,-0.064219,-0.1073,-0.24007,-0.23712,0.17314,0.26896,0.049844,-0.17194,-0.25091,-0.19294,-0.067106,0.044489,0.10271,0.1126,-0.084815,-0.21933,-0.078427,0.84796,1.0748,0.31465,0.19653,0.11642,0.042955,0.058313,0.075359,-0.086165,-0.18088,-0.32009,-0.41052,-0.1908,0.093254,0.1628,0.15921,0.13699,0.11359,0.14903,0.34552,0.52801,0.43451,0.22361,0.083044,0.066513,0.15098,-0.063371,-0.10526,-0.092784,-0.14212,-0.1643,-0.15827,-0.13298,-0.11405,-0.10723,-0.095195,-0.054773,-0.073301,-0.15962,-0.1089,-0.027535,-0.08139,-0.069107,-0.049769,0.13536,0.35288,0.39884,0.34622,0.23516,0.15936,0.047291,-0.058456,0.027477,0.18301,0.33243,0.41862,-0.44972,-0.024782,-1.1201,0.1809,-0.7132,-0.51096,1.2502,-0.047751,0.23159,-0.066917,1.0483,-0.0013329,-0.1565,0.48196,-0.18032,0.60043,0.48312,0.2903,-0.14454,0.37224,0.40189,-0.0027946,0.12666,0.054346,-0.044665,-0.095434,0.044376,-0.043355,-0.27779,-0.58608,2.8132,-0.17695,-0.86558,0.42008,-1.1525,-0.024776,0.4948,1.0659,-0.80283,0.27283,0.41242,-0.21673,-0.53446,0.059819,0.01478,-0.024691,-0.01676,-0.32607,0.14917,0.0011101,0.40446,-0.15479,0.20769,0.48246,-0.57205,-0.11385,-0.28487,0.4702,0.28368,0.33131,2.4589,-0.81581,-0.16554,-1.2141,0.11431,-0.26842,-0.96363,0.0073431,-0.079889,-1.1297,0.44501,-0.30744,0.55879,0.10889,0.21275,0.61715,-0.14753,0.33491,0.28773,-0.53234,0.12668,0.40193,-0.041284,0.53755,-0.08121,0.042877,-0.21706,0.85762,-0.31628,0.10248,-0.22742,-0.016221,0.86233,0.38234,0.34633,0.46597,-0.016012,-0.78284,0.1157,-0.18868,-0.76242,0.065282,0.064594,-0.052629,0.18124,0.18186,0.47178,-0.38803,0.22174,-0.36542,-0.48427,-0.4715,0.0044854,0.12473,0.59564,0.14121,0.12838,0.23321,0.22737,0.39315,2.7212,1.4542,0.63898,0.94905,0.19221,1.0063,-1.0809,-0.076902,-0.47646,-0.32933,0.13425,0.55232,-0.70583,-0.18569,-0.14993,0.24392,0.47841,-0.39308,0.13572,0.22151,-0.082641,-0.20507,0.091356,0.19818,-0.0011718,-0.19874,-0.63711,-0.028625,-0.072614,-0.29608,-0.38434,-0.1295,-0.83347,0.017656,-0.11988,-1.1836,0.29304,-1.0065,0.24885,-0.40153,0.039013,-0.039082,0.11288,0.059426,-0.15071,0.52042,-0.57753,0.046323,0.43073,-0.12602,0.038902,-0.34066,0.25442,0.054644,0.38294,-0.22718,-0.31568,0.50564,0.33446,-0.18376
0.39941,0.28659,-0.071182,-0.29151,-0.2691,-0.11183,0.13127,0.27722,0.2232,0.13648,0.076339,0.074851,0.12586,0.15703,0.13654,0.059238,-0.1317,-0.28617,-0.31773,-0.29229,-0.22018,-0.13972,-0.13326,-0.22985,-0.26261,-0.10686,0.14835,0.2914,0.35131,0.43545,0.44964,0.52665,0.60063,0.3985,0.28414,0.34801,0.34317,0.27564,0.18071,0.093213,0.028709,-0.011548,-0.031087,-0.034952,-0.047512,-0.063474,-0.030681,0.044614,0.093963,0.059356,-0.038157,-0.12273,-0.080683,0.015875,0.025976,-0.026915,-0.10816,-0.16804,-0.19581,-0.20444,-0.19271,-0.03643,0.16183,0.21399,0.18329,0.15886,0.18909,0.10499,-0.052929,0.011862,-0.1536,-0.37392,-0.47261,-0.46499,-0.42129,-0.33263,-0.18469,-0.043698,0.012372,-0.00746,-0.031943,0.011063,0.076691,0.15659,0.21537,0.19849,0.15862,0.14588,0.091895,0.088462,0.15062,0.1952,0.20743,0.05844,-0.098179,-0.13176,-0.18755,-0.25078,-0.11859,0.016969,-0.59165,-0.38678,-0.10137,-0.077488,-0.18148,-0.27018,-0.24585,-0.14142,-0.14027,-0.075272,0.00080955,0.1207,0.2473,0.27909,0.22223,0.1027,0.054363,0.049848,0.020745,0.038451,0.11424,0.12901,0.061143,0.01896,0.020601,0.061981,0.088593,0.073201,0.062402,-0.012609,-0.057273,0.20101,0.14564,-0.19853,-0.47992,-0.60501,-0.59447,-0.50313,-0.35559,-0.18001,-0.0067394,0.14963,0.26043,0.29022,0.24672,0.22132,0.30157,0.43901,0.5242,0.46703,0.19847,-0.23906,-0.6065,-0.73011,-0.66743,-0.53341,-0.37764,-0.24968,-0.19167,-0.14912,-0.063334,0.073295,0.2913,0.48861,0.5444,0.45677,0.25733,0.02259,-0.087976,0.0078064,-0.12738,-0.17294,-0.11416,-0.10892,-0.11109,-0.1024,-0.092423,-0.08836,-0.090041,-0.085435,-0.040542,-0.043795,-0.13666,-0.11383,-0.038262,-0.052897,-0.0087692,0.012525,0.13281,0.29697,0.35822,0.33755,0.25303,0.18591,0.11705,0.042417,0.050795,0.065431,0.1931,0.33856,-0.38414,0.50725,-0.47002,0.37397,-0.18904,-0.29057,0.63888,0.7042,0.14054,0.22245,1.091,-0.25698,-0.29742,0.35524,-0.36208,0.20433,0.041357,0.7617,-0.12562,-0.18387,-0.27679,-0.10801,0.28052,0.061127,-0.1775,-0.048723,-0.12488,0.21021,0.16103,0.12086,2.4876,-0.011722,-1.2541,1.4774,-0.61533,-0.14896,0.77523,-0.20675,-1.3786,-0.25272,-0.017536,0.022213,-0.42184,0.20567,0.11304,-0.25443,-0.15909,0.065362,-0.51315,0.070638,0.16247,0.018559,-0.0078148,-0.14813,-0.048555,0.089398,0.18227,0.3495,-0.09624,-0.030248,2.7564,-1.4555,-0.60505,-0.68544,-0.27656,-0.54078,0.11117,-0.44926,-0.020449,-0.7123,0.29435,-0.13289,0.54305,-0.54714,-0.3942,0.15436,0.83866,-0.002908,-0.062332,0.025687,-0.28114,-0.35619,-0.066503,-0.18615,-0.052889,0.011022,-0.2044,0.0047062,-0.10617,-0.15693,0.21491,-0.57955,0.77734,0.092654,-0.038343,-0.14377,-0.22968,-0.34086,0.17958,0.52426,0.012633,0.14331,0.36376,0.23237,0.31794,-0.027664,0.23007,-0.20812,0.05221,-0.09001,0.10915,0.24314,0.3179,-0.017937,0.45211,-0.23082,-0.12075,0.050164,0.11373,-0.24514,3.4427,1.1932,1.2619,0.024049,0.66134,0.03922,-0.71205,-0.16019,0.10328,0.20701,-0.73202,0.43699,-0.3291,0.10781,-0.092788,0.65767,0.080863,0.34325,-0.058803,0.30772,-0.27612,0.060683,0.10424,0.19294,0.0011569,-0.095241,0.15644,-0.29214,-0.21253,-0.12523,0.25102,-0.87688,-0.87118,-0.17675,0.081201,-0.0057592,0.26031,-0.9682,0.59818,0.00041851,0.1452,0.0076558,0.21233,0.030985,0.0115,0.19946,-0.22805,0.15633,0.030291,-0.18538,0.33554,-0.075317,0.36295,-0.39734,-0.39931,0.013254,0.21172,0.074641,-0.29321,0.064975
0.25147,0.17019,-0.098121,-0.23052,-0.17929,0.020081,0.21691,0.26739,0.2106,0.11277,0.052966,0.062967,0.11693,0.1665,0.18325,0.13254,-0.083928,-0.278,-0.30961,-0.28548,-0.27223,-0.22874,-0.17637,-0.17589,-0.17069,-0.15602,-0.11304,-0.014902,0.11296,0.2628,0.46596,0.44207,0.46223,0.3202,0.13251,0.18453,0.1579,0.067683,0.0081439,-0.017249,-0.037306,-0.046665,-0.065779,0.071909,0.1853,0.16762,0.081571,0.017724,0.076083,0.042437,-0.057565,-0.076615,0.011607,0.060758,0.044149,-0.0081617,-0.074028,-0.13614,-0.16103,-0.13436,-0.090658,-0.079253,-0.0825,-0.073069,0.0877,0.086919,0.16951,0.19186,-0.035404,0.020681,0.02335,-0.2209,-0.42186,-0.38975,-0.18805,0.020177,0.16244,0.22975,0.19256,0.082296,0.04467,0.11875,0.17853,0.18388,0.15466,0.11341,0.12032,0.13936,0.16637,0.18534,0.021881,-0.10878,-0.11378,-0.15536,-0.21516,-0.266,-0.27545,-0.26859,-0.22184,-0.18317,-0.60763,-0.35015,-0.04132,0.02443,-0.016117,-0.023586,-0.070483,-0.16923,-0.15655,-0.045033,0.070657,0.14109,0.20648,0.2542,0.23915,0.14951,0.075154,0.025959,-0.00079422,0.015583,0.015736,-0.010072,-0.017386,-0.033965,-0.058079,-0.008323,0.047118,0.062053,0.061196,0.003551,-0.30036,-0.38531,-0.3487,-0.35249,-0.41411,-0.51676,-0.43947,-0.30532,-0.10828,0.025188,0.0013793,-0.087502,-0.15961,-0.085082,0.1703,0.34989,0.36257,0.44748,0.57732,0.54138,0.29494,-0.065376,-0.30637,-0.35203,-0.30438,-0.2201,-0.087523,0.04819,0.14455,0.20278,0.21108,0.18679,0.20503,0.24094,0.56745,0.82831,0.55057,-0.0026515,-0.20366,-0.078879,-0.026353,-0.11555,-0.17147,-0.17398,-0.20776,-0.18866,-0.15181,-0.14064,-0.13797,-0.12443,-0.082054,-0.025892,-0.037021,-0.094647,-0.098203,0.043528,0.20274,0.24709,0.28138,0.23979,0.31722,0.36009,0.26492,0.057229,-0.15117,-0.25712,-0.28451,-0.17238,-0.056005,-0.021388,-0.27902,-0.24234,-1.4129,0.2325,-0.22075,-0.031069,0.69339,1.2329,-0.50796,0.69597,1.1023,-0.17209,0.14565,0.52909,-0.016061,-0.092597,-0.023444,0.36194,0.12659,-0.23182,-0.21172,-0.055993,-0.0041977,0.12867,-0.17923,-0.16592,-0.32589,-0.012789,-0.035971,-0.13158,2.4285,-0.26909,-1.0258,0.011624,-1.127,0.046144,0.2147,-0.85572,-0.60878,0.1819,0.17677,-0.32232,-0.28095,0.12562,-0.28202,-0.28029,-0.083151,0.10808,-0.40956,-0.026955,0.083486,0.14002,-0.15236,0.12411,-0.043744,0.20315,-0.28093,0.41511,-0.08391,-0.28959,2.5322,-0.83381,-0.43896,-1.3233,0.46951,-0.61812,0.66093,-0.44666,0.63155,-0.65353,-0.61858,-0.3122,0.046238,0.19732,-0.062937,0.23104,0.47906,0.00079516,0.0028359,0.038032,0.075778,0.10452,-0.28887,0.2397,0.26832,0.15157,0.41001,0.026901,0.31362,0.11385,-0.18912,0.34363,0.80062,0.63953,-0.020875,-0.45519,-0.84325,0.23018,0.29462,0.22883,0.10516,0.11695,0.49409,0.10169,0.2647,-0.040832,0.19527,0.048387,-0.23453,-0.027105,-0.035672,0.074949,-0.24263,-0.44514,0.39151,-0.1889,-0.089578,-0.16515,0.016312,-0.21405,3.3441,0.19352,1.447,0.39484,0.025394,-0.78843,-0.62029,-0.46477,0.26445,-0.15275,-0.62653,-0.057021,-0.4593,-0.01097,-0.20474,0.05707,-0.17689,0.036011,-0.36176,0.098619,-0.29671,-0.10452,0.27925,0.3443,-0.17522,0.28125,-0.2364,0.15476,-0.43127,-0.099295,-0.15967,0.16999,-1.1096,-0.11326,-0.54914,0.4191,0.0080023,-0.47085,0.77733,0.14054,0.33313,0.25715,0.6875,0.080885,-0.027203,0.14363,-0.21996,0.0099518,0.022005,-0.04196,0.25458,0.1965,0.1541,-0.34285,0.031923,0.12433,-0.0023485,0.084589,-0.11684,0.48983
0.44065,0.38651,0.10559,-0.1357,-0.16601,-0.062849,0.053144,0.11203,0.11164,0.095719,-0.0093157,-0.059104,-0.0371,-0.082524,-0.1522,-0.13861,-0.11558,-0.16391,-0.14429,-0.057617,0.023109,0.0065415,-0.097063,-0.20033,-0.24872,-0.19763,-0.033956,0.21618,0.3458,0.37907,0.40956,0.44884,0.44404,0.25527,0.12495,0.17852,0.16989,0.10882,0.07925,0.054101,-0.0013329,-0.033938,0.08313,0.16999,0.10214,0.095079,0.011597,-0.095943,-0.044377,-0.079695,-0.18096,-0.13555,0.033829,0.12426,0.13403,0.081967,-0.0025749,-0.073004,-0.10109,-0.077313,-0.032659,-0.00010408,0.022771,0.13779,0.1188,0.24425,0.23274,0.023922,0.059237,0.081192,-0.18631,-0.42335,-0.4886,-0.36848,-0.15816,0.04474,0.21187,0.26128,0.15752,0.0074633,-0.015947,0.094728,0.19345,0.22392,0.19652,0.11788,0.027951,0.00073126,0.020444,0.045324,0.06114,-0.06663,-0.19383,-0.19159,-0.23356,-0.26919,-0.22931,-0.21281,-0.12978,-0.046484,-0.6823,-0.4753,-0.20313,-0.096149,-0.09461,-0.14526,-0.075179,0.074598,0.085639,0.13546,0.31446,0.44438,0.42047,0.29244,0.14919,0.0078443,-0.092337,-0.12221,-0.092045,-0.0068385,0.071736,0.055513,-0.047458,-0.16344,-0.22062,-0.19514,-0.14075,0.00076534,0.087536,0.047557,-0.018606,0.044134,-0.084992,-0.28095,-0.37484,-0.46358,-0.43677,-0.38904,-0.33297,-0.27302,-0.18962,-0.1013,0.060344,0.32201,0.58183,0.6256,0.52517,0.51091,0.61629,0.61257,0.41491,0.044845,-0.30547,-0.46992,-0.47505,-0.38351,-0.21021,-0.0041191,0.15474,0.2064,0.1811,0.16298,0.21544,0.628,0.91325,0.50315,-0.03619,-0.14477,-0.027916,0.023323,-0.13808,-0.17444,-0.12397,-0.15721,-0.19503,-0.17935,-0.14996,-0.14164,-0.13509,-0.10885,-0.066802,-0.038634,-0.087988,-0.17062,-0.19563,-0.15284,-0.014154,0.12602,0.19173,0.22016,0.20446,0.20051,0.15413,0.053942,-0.019901,-0.037373,-0.070107,-0.11876,-0.03971,0.059278,-0.65978,0.34937,-0.55768,-0.015272,-0.26741,-0.11764,0.68013,0.96424,-0.21557,0.19838,0.87031,0.085266,-0.44714,0.52888,-0.30218,0.029353,0.032042,0.47945,-0.067809,-0.0115,-0.23822,-0.27808,0.41888,0.27852,-0.24067,-0.48599,0.36475,0.083614,0.024589,0.0073684,2.8072,-0.12785,-1.0876,1.0005,-0.70417,-0.24714,0.53911,-0.52347,-1.0969,-0.33748,-0.16774,0.073757,-0.37934,0.11046,-0.018572,-0.39529,-0.10302,-0.1796,-0.1376,0.19777,0.41283,-0.10362,-0.010159,-0.24166,0.29048,0.34114,0.06389,0.31258,-0.14616,-0.49248,2.9163,-0.99024,-1.1998,-0.99822,0.14848,-0.5825,0.50789,0.12714,0.14184,-0.46975,0.1357,-0.25899,0.16143,0.21537,-0.35271,0.50873,0.10257,0.0015169,0.30543,-0.32257,0.053407,-0.037255,-0.33398,0.38861,0.57623,0.032991,0.3233,0.00033576,-0.14594,-0.056843,0.34767,-0.427,0.64828,0.41204,-0.18003,-0.23007,-0.50045,-0.12946,-0.019186,0.50423,-0.1189,0.18741,0.4502,0.25038,0.18534,0.11262,0.1294,-0.2773,-0.14139,-0.078555,-0.13579,-0.27853,-0.34235,0.10531,0.17528,-0.30374,0.073512,0.10179,-0.067591,-0.20934,3.6367,0.87824,1.1701,0.15752,0.76883,-0.33962,-0.30453,-0.33544,-0.14809,0.40755,-0.4416,0.50376,-0.25821,-0.021721,-0.26378,-0.13898,0.0084188,-0.10233,-0.35183,0.0002194,-0.26757,-0.47313,0.023404,0.33684,-0.14989,0.35975,-0.20278,-0.05651,-0.31377,-0.083012,0.32064,-0.58,-0.74758,-0.0006794,-0.22576,0.13317,0.14839,-0.83045,0.71752,0.28055,0.087506,0.19529,0.36896,0.16207,0.026619,0.20193,-0.29453,-0.21297,0.43029,-0.041218,0.0061036,0.29621,0.059356,0.02223,0.059658,0.14134,0.1934,0.05685,0.10302,0.41491
-0.045088,-0.12728,-0.16907,-0.20189,-0.22733,-0.1524,0.011907,0.1006,0.063687,0.04086,0.089877,0.12106,0.14469,0.12311,0.073922,0.031318,-0.016387,-0.058257,-0.059701,-0.025233,-0.031613,-0.062861,-0.070732,-0.10196,-0.16347,-0.20268,-0.18506,-0.10689,0.0079472,0.066314,-0.040623,0.19851,0.43669,0.34549,0.26111,0.30842,0.27992,0.20264,0.27557,0.29629,0.23309,0.29114,0.28984,0.26653,0.12554,-0.099847,-0.09264,-0.021729,0.04032,0.023384,-0.0071324,-0.072504,-0.07714,0.013471,0.015347,-0.042558,-0.12203,-0.18413,-0.22563,-0.2545,-0.25416,-0.10401,0.12115,0.2176,0.19181,0.16117,0.19561,0.11821,-0.023584,0.0037633,-0.16332,-0.30468,-0.32757,-0.33795,-0.31729,-0.23099,-0.072138,0.059528,0.034822,-0.13354,-0.27487,-0.26075,-0.076065,0.098274,0.13482,0.11684,0.070435,0.087351,0.14481,0.16179,0.19444,0.22218,0.1233,0.03402,-0.0012124,-0.10056,-0.1715,-0.17942,-0.060617,0.03898,0.60222,0.11259,-0.15857,-0.15465,-0.11906,-0.099859,-0.179,-0.31306,-0.32487,-0.11447,0.20435,0.31109,0.31852,0.24273,0.15525,0.098435,0.047585,0.015799,0.017897,0.043069,0.095526,0.12716,0.11454,0.11738,0.097449,0.061166,0.064129,0.088788,-0.035188,-0.21049,-0.060425,-0.10533,-0.20801,-0.35457,-0.48336,-0.50863,-0.39215,-0.28088,-0.38524,-0.5588,-0.43078,0.10652,0.54667,0.65569,0.42705,0.10824,0.14265,0.26582,0.35794,0.31832,0.10912,-0.23879,-0.54693,-0.67037,-0.62129,-0.50799,-0.41142,-0.35184,-0.33356,-0.31424,-0.2279,-0.13466,0.031549,0.28927,0.48488,0.45571,0.28112,0.10783,0.012857,0.065416,0.0010552,-0.0024927,0.025213,0.038744,0.048106,0.058319,0.02166,-0.061076,-0.086435,-0.022776,0.041663,0.011366,-0.032819,-0.068443,-0.13399,-0.149,-0.11164,-0.000623,0.092678,0.12428,0.17678,0.16127,0.30002,0.34728,0.22459,0.14062,0.076168,0.038725,0.16924,0.30489,-0.58042,0.51778,-1.1629,0.42805,-0.082745,-0.079538,0.081155,0.44248,0.018929,-0.1032,0.58657,-0.54769,-0.26295,-0.057137,0.01996,-0.2128,0.7121,0.70705,0.10473,0.088221,-0.46511,-0.17006,0.078217,0.16314,-0.17821,-0.095704,0.35781,0.12427,0.12695,0.086966,2.6722,-0.25649,-1.0821,0.45033,-0.85479,-0.25345,0.57189,0.29585,-0.20417,0.032963,-0.49465,0.039194,-0.09472,-0.28778,0.35449,-0.14101,0.014503,0.29786,-0.68419,0.16577,-0.10212,0.33969,0.028756,-0.38773,0.1835,0.10103,-0.13893,0.056454,-0.36072,0.048809,2.7115,-1.241,-0.51866,-1.1573,0.036365,0.12333,-0.21307,-0.22267,0.13168,-0.25606,0.40959,-0.042597,-0.43755,-0.19163,0.037331,-0.13415,0.24339,0.010787,-0.01385,-0.13548,-0.59148,0.23585,0.12635,-0.69902,0.5486,0.16486,0.16863,-0.51521,0.10354,-0.13678,0.16851,-0.19489,0.91327,0.53588,0.16954,0.11129,-0.22279,-0.022621,0.14212,0.049239,-0.35341,-0.17241,-0.3051,0.19948,0.29775,0.3638,0.027475,-0.11583,-0.55239,-0.39737,0.16907,0.4236,-0.47998,0.288,0.11721,0.043218,0.076174,-0.13697,0.38713,0.12651,3.4514,0.83691,1.3276,0.40703,0.35374,0.21438,-0.070139,0.11307,0.098432,0.47483,0.099601,0.082791,-0.0044879,0.61284,-0.29706,0.089731,-0.11749,0.56884,0.033647,0.26783,-0.45949,0.072409,-0.079901,-0.23651,-0.375,0.51064,0.45771,-0.021029,-0.10347,-0.06009,0.28486,-0.44159,-0.89704,-0.053146,-0.49328,-0.34772,0.059099,-0.68875,0.076461,-0.17382,0.11277,-0.026087,0.068839,-0.35181,0.37014,-0.092119,-0.22199,-0.058535,-0.11561,0.20435,0.29242,0.09625,0.20515,0.31847,-0.64118,-0.17789,-0.10833,-0.25536,-0.36979,0.02705
0.36991,0.40223,0.26228,0.053875,-0.11118,-0.096179,0.097589,0.21926,0.17923,0.1121,0.065086,0.056495,0.00074991,-0.049516,-0.084795,-0.1836,-0.21892,-0.2267,-0.2596,-0.21864,-0.14741,-0.092015,-0.058852,0.0069652,0.081593,0.12178,0.18402,0.23795,0.25569,0.2349,0.32083,0.2699,0.081885,-0.0181,-0.023124,0.036138,0.028243,-0.039187,0.013181,0.057517,0.0091781,-0.019373,-0.037357,0.0087395,-0.0029657,-0.061204,-0.016366,0.061954,0.10534,0.063674,0.0084675,-0.013109,0.046975,0.1351,0.14405,0.099402,0.031604,0.027159,0.04694,0.050014,0.027546,0.0072689,0.029451,0.037037,0.031134,0.033739,0.049223,0.06542,0.11116,0.15877,0.11119,-0.03221,-0.33743,-0.60688,-0.48299,-0.014249,0.2452,0.26688,0.2525,0.21433,0.18362,0.14223,0.12609,0.12122,0.13504,0.15626,0.14951,0.13997,0.14617,0.012688,-0.069317,-0.037088,-0.063458,-0.091042,-0.13003,-0.15517,-0.13589,-0.088294,0.055338,0.14707,-0.51104,-0.40046,-0.22393,-0.22275,-0.2504,-0.27293,-0.23184,-0.12546,-0.13067,-0.073952,-0.0023592,0.064324,0.22441,0.2874,0.19979,0.098673,-0.062263,-0.22781,-0.26845,-0.23019,-0.14255,-0.063931,0.032632,0.083373,0.13535,0.167,0.13737,0.15405,0.18922,0.21838,0.23354,0.45397,0.39601,0.044614,-0.33427,-0.50321,-0.50634,-0.43612,-0.30425,-0.18736,-0.14101,-0.11368,-0.067303,0.059347,0.22339,0.37158,0.52148,0.65577,0.70349,0.59444,0.3,-0.12373,-0.46884,-0.59466,-0.57051,-0.48491,-0.36943,-0.27259,-0.18284,-0.086902,0.025059,0.15145,0.25926,0.31477,0.27374,0.11168,-0.064643,-0.12264,-0.057913,-0.016728,-0.035224,-0.041528,-0.18605,-0.25391,-0.25916,-0.22651,-0.12412,-0.12665,-0.13987,-0.14704,-0.039381,0.06714,0.015202,-0.039744,-0.020519,0.015134,0.024897,0.080618,0.094228,0.24261,0.37902,0.36457,0.24167,0.087028,0.052709,0.086392,0.10948,0.15925,0.29459,0.41261,-0.35517,-0.080616,0.51885,-0.049935,-0.073746,-0.38869,0.80419,0.34647,-0.32145,0.088482,0.56553,-0.33444,0.16281,0.46103,-0.3615,0.079474,0.26394,0.020815,-0.010035,0.068762,-0.2692,-0.14026,0.14971,0.071177,0.060103,-0.19372,0.05054,0.06469,0.10222,0.10002,2.6234,-0.61886,-0.14086,1.6061,-1.7261,-0.33736,0.72046,0.11338,-0.35945,-0.14822,-0.019909,0.1083,-0.19911,-0.60461,-0.19386,-0.047297,0.094735,-0.44222,0.071441,-0.25043,0.36864,0.2295,-0.15798,0.024514,0.062679,0.22459,-0.029462,0.29077,0.092835,-0.073257,2.481,-0.76326,-1.6979,0.24104,-0.13759,-0.6863,-0.069462,-0.080107,-0.013405,-0.13638,-0.065106,-0.25857,0.6727,-0.014924,0.16456,0.23034,-0.16212,-0.14009,0.18452,0.17685,-0.25263,-0.1192,-0.3039,0.33187,0.051467,0.29424,0.033122,-0.19236,-0.15433,0.066454,0.042886,-0.8018,-0.15725,-0.49206,-0.086283,-0.30129,0.057971,-0.22358,-0.095363,-0.080965,-0.095955,0.016049,-0.023617,-0.24742,-0.18529,0.1498,0.02376,-0.037223,0.24235,0.00077811,0.10845,-0.093021,-0.1807,-0.17413,0.45387,-0.18354,0.020934,0.18055,-0.11027,-0.099229,2.8345,1.8712,-0.22204,-0.33068,0.65733,0.045861,-0.43391,-0.083994,-0.1559,-0.1448,-0.048255,-0.10161,-0.046401,-0.25777,-0.63869,-0.23855,0.31293,-0.17174,-0.33349,0.17692,-0.21922,-0.24011,0.053171,-0.04764,-0.025584,-0.0058849,-0.13938,-0.2328,-0.067231,0.12804,0.086805,-0.88741,0.11355,0.004871,0.44657,0.11636,0.47148,-0.67108,0.24993,-0.034729,0.031141,-0.45511,0.077157,0.16296,-0.35997,0.14908,-0.62725,0.10339,0.082953,0.044044,-0.16159,0.095354,0.008163,-0.032687,0.25299,0.12413,0.06318,-0.10869,-0.054515,-0.039706
-0.23268,-0.22376,-0.27316,-0.35599,-0.29774,-0.1304,0.1136,0.27396,0.25062,0.1651,0.088938,0.082509,0.14951,0.20431,0.20455,0.13747,-0.067435,-0.23211,-0.24973,-0.23038,-0.21325,-0.16216,-0.14349,-0.20096,-0.22956,-0.19403,-0.076336,0.11427,0.20435,0.22063,0.28856,0.34093,0.49548,0.58758,0.41161,0.11188,0.087198,0.027737,-0.035028,0.047958,0.1251,0.12068,0.1348,0.1427,0.10394,0.095708,0.032333,-0.00053707,0.072574,0.050062,-0.043001,-0.050757,0.071533,0.16528,0.1746,0.11851,0.026315,-0.06094,-0.097986,-0.085402,-0.061269,-0.036444,-0.015119,-0.0059132,-0.010212,0.11915,0.20345,0.23146,0.23581,0.067467,0.06374,-0.26493,-0.55108,-0.58467,-0.47579,-0.3111,-0.12767,-0.018701,-0.021696,-0.07571,-0.093425,-0.031876,0.03927,0.14539,0.25114,0.26859,0.23325,0.19763,0.096029,0.053759,0.11883,0.17618,0.19317,0.065192,-0.072338,-0.11101,-0.28155,-0.48429,-0.41651,-0.29916,0.28876,0.098846,0.0089641,0.040683,-0.05498,-0.19678,-0.2046,-0.15991,-0.19543,-0.13941,-0.029524,0.13789,0.28994,0.33612,0.29173,0.17901,0.11769,0.10223,0.089737,0.10534,0.11913,0.037677,-0.086182,-0.15536,-0.19365,-0.17745,-0.13626,0.00077965,0.10527,0.09048,-0.084524,-0.31515,-0.30436,-0.30646,-0.36775,-0.28505,-0.25771,-0.20212,-0.14991,-0.12578,-0.18612,-0.31151,-0.24635,0.11982,0.4731,0.46071,0.31492,0.38155,0.53135,0.51638,0.28834,-0.13729,-0.53421,-0.69242,-0.66075,-0.52078,-0.29717,-0.10445,-0.010069,0.050833,0.11062,0.17282,0.23637,0.27625,0.25664,0.30791,0.43492,0.51164,0.36278,0.08396,0.07506,-0.04451,-0.067242,-0.053265,-0.097517,-0.12105,-0.074089,-0.011126,0.0068145,0.029548,0.028048,-0.034321,-0.12758,-0.12386,-0.095578,-0.15889,-0.15311,-0.13478,-0.018062,0.16622,0.27981,0.30261,0.23745,0.19178,0.13917,0.056884,-0.071298,-0.23242,-0.12271,0.064049,-0.4654,0.33727,-1.5185,0.49531,-0.29739,-0.27329,0.84369,1.0161,-0.12572,0.44365,0.93353,-0.3175,0.097395,0.37702,-0.043843,0.062665,0.15238,0.58704,0.14684,-0.0060707,0.0041896,0.13249,0.39105,0.077104,-0.029224,-0.22104,0.062122,0.14613,-0.17262,-0.3198,1.682,-1.3495,-1.0368,-0.93185,-1.1287,0.12889,0.43979,-0.32743,-0.87431,0.60589,0.19111,0.1334,-0.44155,0.090563,0.058826,0.019794,-0.35629,-0.039016,0.059521,0.10682,-0.14267,-0.045056,0.23761,0.0075601,-0.12225,0.053648,-0.18478,0.2758,0.22396,-0.52387,2.6068,-1.2677,-0.2998,-1.5547,0.91815,-0.29937,0.15601,-0.2225,0.26135,-0.82599,-0.44118,-0.18382,-0.14593,0.10433,0.21867,-0.054821,0.16274,0.042585,-0.044401,0.011613,0.17616,0.1479,-0.19986,-0.036733,0.16544,0.076583,0.2151,-0.25892,0.2057,-0.15295,-0.070798,0.1199,1.2719,0.604,0.42996,-0.093713,-0.63255,-0.2954,0.32992,0.21565,0.012624,-0.07938,0.29945,0.27813,0.15703,0.021463,-0.12062,-0.26851,-0.035992,-0.16317,-0.070371,-0.072786,0.06383,0.1112,0.23971,-0.29041,-0.13717,0.08367,0.021401,0.15445,3.3594,0.88125,1.6578,0.60007,0.22722,-0.091996,-0.83819,-0.48644,0.20182,-0.013404,-0.00037372,0.20357,-0.48969,0.15964,-0.18017,0.1537,0.059901,-0.22305,-0.33164,-0.013024,-0.35339,-0.30358,0.28813,0.14488,-0.18919,0.021406,-0.17531,-0.089287,-0.073835,-0.057727,-0.10443,-0.14968,-1.3826,-0.41132,-0.64079,-0.20686,0.030915,-0.71285,0.88337,0.011392,0.40851,0.19581,0.23281,0.18666,0.1118,0.053968,-0.17438,-0.028985,-0.041705,-0.032444,0.34494,-0.10806,-0.059805,-0.029832,0.090973,-0.2061,-0.26105,0.033278,0.066314,0.26496
0.11929,0.29796,0.24797,-0.039534,-0.098776,0.11617,0.2981,0.30724,0.26359,0.13026,0.077909,0.10951,0.12824,0.11106,-0.093983,-0.32811,-0.44951,-0.40758,-0.2926,-0.26683,-0.23342,-0.21938,-0.20321,-0.082514,0.055492,0.04911,0.012064,0.026825,0.090458,0.29718,0.4213,0.4653,0.52411,0.34876,0.2329,0.26346,0.2237,0.13938,0.071902,0.030577,0.00022005,0.09576,0.10784,-0.038105,0.042796,0.040971,-0.026912,0.059149,0.11738,0.087561,-0.0078988,-0.10397,-0.081772,0.0049948,0.0084703,-0.043918,-0.083474,-0.097769,-0.10739,-0.091506,-0.083383,-0.090705,-0.06901,-0.035396,0.18926,0.2618,0.27505,0.52564,0.38833,0.059181,-0.13053,-0.57109,-0.813,-0.80246,-0.58662,-0.20707,0.051769,0.10049,0.065147,-0.036933,-0.14415,-0.049401,0.19685,0.32439,0.3178,0.20254,0.043452,-0.012661,0.030849,0.094168,0.13482,0.12588,0.021896,-0.22208,-0.4111,-0.44261,-0.3075,-0.11375,0.062469,0.1815,-0.093097,-0.23524,-0.20548,-0.22293,-0.29379,-0.39042,-0.30571,-0.067754,-0.062949,0.11847,0.30994,0.35248,0.32505,0.24697,0.15768,0.018558,-0.13088,-0.22173,-0.26301,-0.25296,-0.22985,-0.20379,-0.15968,-0.071388,-0.031708,-0.058393,-0.082137,-0.087525,-0.077056,-0.08549,-0.16377,0.078108,0.17785,-0.074701,-0.30324,-0.35149,-0.27049,-0.16666,-0.11984,-0.12057,-0.14411,-0.043857,0.39196,0.79524,0.65578,0.28715,0.22449,0.41041,0.53921,0.51813,0.31678,-0.037364,-0.36933,-0.51368,-0.49245,-0.39898,-0.20602,-0.025044,0.055095,0.06941,-0.011863,-0.057181,0.00694,0.10228,0.45792,0.70604,0.56193,0.064587,0.0076373,0.19111,0.0031241,-0.019396,0.1277,0.10795,-0.025498,-0.090458,-0.11252,-0.14726,-0.13163,-0.10162,-0.073903,-0.045526,-0.098525,-0.22552,-0.2776,-0.2372,-0.041931,0.19855,0.34748,0.42066,0.41182,0.31008,0.15181,0.035551,-0.12459,-0.19115,-0.091188,0.00013908,0.16823,0.30666,-0.15454,0.38451,-0.75866,0.48828,-0.62708,-0.36699,0.94369,0.47529,0.4823,0.12042,0.64548,-0.25108,-0.02068,0.83431,-0.17235,0.11831,0.27185,0.32331,-0.18167,0.075668,0.0089482,0.091369,-0.061785,0.37234,-0.34278,-0.79758,0.13503,0.10586,0.078497,0.20775,0.89807,-1.9691,-0.72379,-1.14,-1.0962,-0.25529,1.2581,0.62179,-0.82954,0.32561,0.19494,-0.024767,-0.77976,-0.024443,-0.24255,0.097109,0.18273,-0.23997,-0.30166,0.25233,-0.022049,0.58671,0.27445,-0.33683,-0.10386,0.32412,-0.65391,-0.13573,-0.27007,-0.099601,2.5848,-1.3109,-0.89372,-1.1004,0.83552,0.20561,-0.52837,0.83528,0.26826,-0.35394,-0.44559,-0.033561,0.27674,0.99816,-0.54806,0.38038,-0.0037301,0.046378,0.033685,-0.34638,0.15646,-0.1762,0.38872,-0.16519,0.49733,0.19525,0.22961,-0.43465,-0.061482,-0.066497,-0.19694,-0.79073,0.8248,0.42001,0.21332,0.14376,-0.13239,-0.97979,-0.26448,-0.36758,-0.082354,-0.081988,0.22404,0.21819,-0.051764,-0.038948,0.26656,-0.34401,-0.24609,-0.023553,-0.17135,0.32129,-0.31673,-0.1389,0.35498,-0.048279,0.15921,-0.13214,0.52449,-0.24056,2.7319,2.0595,1.0594,0.61611,-0.16458,0.69904,-1.2831,-0.40929,0.036186,-0.021281,-0.45724,-0.20094,-0.26552,-0.39715,-0.29267,-0.096517,0.095205,0.15959,-0.21417,0.46207,-0.25995,-0.089808,0.44286,-0.13707,-0.31176,0.84534,-0.18381,0.031111,0.11505,-0.2509,-0.36419,-0.90894,-0.96172,0.012405,-0.18728,-0.69685,0.483,-1.2055,0.36715,-0.19051,0.37299,-0.31471,0.36277,-0.2057,-0.3318,-0.30284,-0.20489,0.13021,0.046749,0.32656,-0.12982,-0.24047,0.36008,0.058819,-0.17021,0.062781,0.35818,-0.090561,-0.3902,0.34805
0.04971,0.040592,-0.13417,-0.34924,-0.37808,-0.1895,0.067389,0.17186,0.15101,0.10909,0.070928,0.053711,0.070019,0.10025,0.1101,0.065577,-0.064785,-0.16188,-0.23017,-0.31116,-0.36771,-0.42151,-0.42009,-0.22699,0.12938,0.27964,0.29754,0.31003,0.32733,0.35158,0.38727,0.45018,0.5168,0.30123,0.14457,0.20063,0.18701,0.1129,0.045069,-0.0062877,-0.055976,-0.057941,-0.049728,-0.061083,-0.083041,-0.069276,-0.0040097,0.060711,0.090296,0.045624,-0.042454,-0.043065,0.074514,0.16929,0.18224,0.13505,0.060321,-0.0075394,-0.046744,-0.052016,-0.042487,-0.035813,0.06502,0.17946,0.23014,0.25868,0.14935,0.019462,0.073838,0.14854,-0.0020801,-0.25772,-0.36094,-0.3552,-0.2761,-0.1477,-0.020681,0.059078,0.084938,-0.0027782,-0.14555,-0.17967,-0.043865,0.095578,0.11628,0.10058,0.032464,-0.010842,0.00082476,0.021462,0.04048,0.059806,0.041001,-0.04623,-0.11692,-0.14039,-0.15336,-0.1528,-0.036529,0.065788,0.35303,0.033119,0.0056617,0.12861,0.14841,0.038544,-0.041383,-0.028197,-0.044754,-0.025791,0.0094187,0.06934,0.13809,0.18429,0.18083,0.10782,0.048594,0.035142,0.043822,0.0056954,-0.11658,-0.21921,-0.17228,-0.026879,0.15498,0.21733,0.18491,0.19849,0.2163,0.1092,-0.02992,0.22321,0.23933,-0.10134,-0.42984,-0.54508,-0.48852,-0.37323,-0.25672,-0.16547,-0.095486,-0.054559,-0.0011399,0.077574,0.15858,0.26634,0.38792,0.47111,0.47689,0.37413,0.13879,-0.20433,-0.52534,-0.72792,-0.82278,-0.80502,-0.64851,-0.44749,-0.2861,-0.14346,-0.021665,0.039439,-0.047477,-0.074307,0.04645,0.065988,-0.065774,-0.14082,-0.026125,0.05171,-0.0033151,0.014169,0.058672,0.057496,0.043359,0.046076,-0.070295,-0.17751,-0.17242,-0.14363,-0.10071,-0.11433,-0.083044,-0.029221,-0.070257,-0.075969,-0.0071451,0.094505,0.16611,0.2039,0.20616,0.17889,0.1588,0.14774,0.10206,0.044407,-0.010468,-0.03477,0.095556,0.22917,-0.088907,-0.0077535,0.012778,0.31568,-0.03565,-0.59952,0.57615,0.55672,0.38056,-0.040876,0.61675,0.087094,0.24568,-0.043951,0.21461,-0.04186,0.23381,-0.090272,0.14985,-0.060832,0.057931,0.086033,-0.039199,0.12012,0.053339,0.02344,-0.14674,-0.19322,0.03401,-0.13452,1.1287,-1.8919,-0.084844,-0.66146,-2.2482,-0.11994,1.2107,0.038805,-0.42792,-0.16417,0.10288,0.1663,-0.15036,-0.28165,-0.17657,0.48182,0.20705,0.18992,0.12965,0.081649,0.021364,0.24898,0.39249,0.047301,0.11627,0.36834,-0.080849,0.19695,-0.096667,-0.071623,2.522,-1.1732,-0.6802,-0.010473,0.26856,-0.42414,0.10156,0.15464,0.18242,-0.0088911,0.18628,0.13648,0.33639,-0.2768,0.16233,-0.41088,-0.13869,-0.25836,0.068186,-0.39781,-0.25755,-0.1805,-0.19875,0.25896,-0.028805,-0.15666,-0.20569,-0.095934,0.21866,-0.3753,-0.24075,-0.59388,0.13579,-0.23038,0.079773,-0.57042,0.021045,-0.45751,-0.6014,0.0020832,-0.10467,-0.29054,-0.15911,0.050312,0.16292,0.21474,-0.089913,0.036812,0.21924,0.074047,0.19383,-0.18355,0.28898,-0.24168,0.19579,0.050472,-0.35199,-0.22575,-0.022372,0.18336,2.8292,1.76,0.35589,-0.28453,0.43481,0.24937,-0.49346,-0.5928,-0.38648,-0.21415,-0.33599,-0.32111,0.35419,0.1669,0.073528,-0.061216,-0.021276,-0.10601,-0.11746,0.10066,-0.40932,-0.17109,0.22474,0.33141,-0.19252,-0.037252,0.2351,-0.18283,-0.067229,0.082451,-0.26444,-0.63639,-0.32672,0.021212,0.32074,0.04761,0.97568,-0.97438,0.085647,0.39077,0.22377,-0.52409,-0.18328,-0.26301,-0.14593,0.072414,-0.38087,0.39797,-0.38506,-0.24427,0.0033378,0.017592,0.073918,-0.0009039,0.2879,0.044993,0.16936,-0.30204,0.031724,-0.018896
0.43392,0.4205,0.46107,0.25556,0.031299,-0.048112,0.017165,0.037298,0.034441,0.020311,-0.025798,-0.054548,-0.060408,-0.065728,-0.043289,-0.033857,-0.087961,-0.12991,-0.13853,-0.10382,-0.053078,-0.019127,0.0075846,0.11857,0.21867,0.25559,0.16537,0.016264,-0.042376,0.015114,-0.11744,-0.27526,-0.23177,-0.29016,-0.019695,0.2479,0.3013,0.26303,0.18245,0.098448,0.08031,0.10066,0.095422,0.086702,0.060343,0.09701,0.19124,0.26551,0.29268,0.21626,0.055984,-0.089775,-0.075318,0.026006,0.043776,-0.0016398,-0.028201,-0.040807,-0.068796,-0.069956,-0.098062,-0.12258,-0.10048,-0.090457,-0.091055,-0.067417,-0.047328,-0.036946,0.016033,0.075388,0.095237,0.027858,-0.19614,-0.35707,-0.35479,-0.23259,-0.038042,0.17895,0.31763,0.3072,0.18088,0.064898,0.056915,0.10652,0.12819,0.11233,0.069522,0.021208,0.042546,0.095555,0.095856,-0.038405,-0.14035,-0.12942,-0.14912,-0.10943,-0.033705,0.097173,0.27301,0.32099,1.0859,0.020607,-0.32511,-0.31687,-0.20025,-0.090098,-0.16657,-0.23304,-0.20597,-0.13965,-0.088845,-0.0073275,0.060763,0.079159,0.025548,-0.039283,-0.074875,-0.091317,-0.08847,-0.080454,-0.055419,-0.026026,-0.016469,0.25642,0.41794,0.36498,0.32835,0.31392,0.33197,0.25247,0.15666,0.51906,0.67007,0.28751,-0.044797,-0.26584,-0.50719,-0.57746,-0.46281,-0.23138,-0.028288,0.033815,0.039958,0.074946,0.11342,0.21395,0.3804,0.51056,0.50541,0.30158,0.00089813,-0.33385,-0.64656,-0.80715,-0.81234,-0.74284,-0.59913,-0.42468,-0.25419,-0.092553,0.061085,0.18764,0.25738,0.2564,0.16252,-0.047282,-0.22822,-0.19636,-0.090164,-0.031749,0.0022695,0.0074974,-0.094194,-0.16595,-0.15035,-0.15028,-0.13447,-0.12035,-0.13107,-0.14068,-0.14043,-0.10342,-0.063317,-0.10161,-0.16616,-0.19549,-0.17303,-0.094622,0.023478,0.091935,0.06613,0.18855,0.26303,0.16991,0.11463,0.16784,0.22364,0.29176,0.41209,0.50239,-0.27064,-0.19001,0.97462,0.12141,0.32074,-0.19771,-0.13081,0.090619,-0.023818,0.06134,0.36421,-0.017512,0.082523,0.17833,-0.054585,-0.3562,0.14724,0.13703,0.055297,-0.036,-0.045889,-0.13793,0.01816,-0.11165,0.34678,0.046731,-0.014743,0.28444,0.13125,0.11031,1.1261,-2.5467,0.82424,0.39283,-2.1419,0.038343,0.092557,-0.18325,-0.22373,-0.56066,-0.12235,0.39101,-0.63753,0.092318,0.1271,0.14487,-0.16227,-0.26809,-0.46438,-0.063032,-0.065962,-0.058884,-0.51907,-0.026521,0.36526,-0.0014506,-0.114,0.32156,0.10147,-0.031874,2.6016,-0.6193,-1.6833,0.77636,-0.47948,0.49357,-0.093139,0.31161,0.1737,0.24363,-0.14699,0.054379,0.40398,-0.31038,-0.029046,0.31076,0.092316,-0.198,0.09112,0.19437,-0.21619,0.099869,-0.10013,-0.073833,-0.11367,-0.11768,0.22449,0.038346,0.14549,-0.12338,0.076424,-1.1966,-0.68342,-0.72551,-0.33837,-0.37941,0.68807,0.24906,-0.6348,0.14409,0.077476,-0.052559,-0.26259,0.0010296,-0.1132,0.10054,-0.26552,-0.090857,-0.13357,0.0203,0.10955,0.082394,-0.18001,0.03302,0.37856,0.11322,-0.15518,0.1213,-0.083646,-0.055611,2.6023,2.2903,-0.50999,-0.65391,0.14489,0.056755,0.38062,-0.0011784,-0.19659,0.088992,-0.3056,0.24177,0.21901,-0.18548,-0.28218,0.35132,0.24918,0.02683,-0.13769,-0.10054,0.15695,0.063234,-0.18973,-0.24211,-0.1423,0.00917,0.25509,-0.04468,0.019709,-0.059977,0.29741,-1.1214,0.82119,0.16749,0.53614,0.26456,0.36876,-0.58903,-0.46209,0.44521,-0.24472,-0.1952,-0.073445,0.030698,0.0027038,0.055367,-0.23529,-0.24028,0.18075,0.034071,0.077893,0.16784,-0.10149,-0.19381,-0.092979,0.091333,-0.023965,-0.19952,-0.14891,-0.0076779
0.53361,0.41362,0.07145,-0.066983,0.0064059,0.098598,0.21547,0.26768,0.21607,0.1391,0.077203,-0.050683,-0.091184,-0.042288,-0.097424,-0.23256,-0.36068,-0.39169,-0.35614,-0.32184,-0.22239,-0.16539,-0.21716,-0.22623,-0.14072,0.13711,0.29623,0.25,0.20781,0.29786,0.37865,0.46697,0.53651,0.30783,0.13311,0.17259,0.14129,0.058861,0.0264,0.022896,-0.0096814,-0.032659,0.088603,0.17738,0.12701,0.14063,0.10428,0.066088,0.1057,0.063995,-0.032093,-0.035273,0.087732,0.17895,0.18849,0.14101,0.066153,-0.017314,-0.079095,-0.096179,-0.089484,-0.037444,0.0069583,0.0060847,0.0026927,0.023699,0.039494,0.047758,0.12524,0.23041,-0.07857,-0.53743,-0.62176,-0.42521,-0.21348,-0.085811,0.0069915,0.12102,0.16483,0.0094408,-0.20912,-0.23104,-0.024833,0.16549,0.19023,0.15985,0.053244,-0.013839,0.01572,0.068727,0.10477,0.11478,0.0047074,-0.10077,-0.11797,-0.15169,-0.15455,-0.0032636,0.26188,0.38015,-0.71354,-0.4857,-0.19937,-0.13615,-0.17294,-0.23006,-0.21926,-0.1648,-0.17895,-0.13892,-0.071678,0.13655,0.34775,0.40917,0.28851,0.04801,-0.16017,-0.20613,-0.13882,-0.051104,-0.064245,-0.163,-0.21493,-0.2332,-0.18689,0.0095141,0.11062,0.10582,0.10993,0.064308,0.021942,0.30019,0.34573,0.029797,-0.28815,-0.38601,-0.32729,-0.22386,-0.14476,-0.13715,-0.15835,-0.15328,-0.013149,0.30305,0.55985,0.59749,0.61636,0.71574,0.78204,0.6738,0.35749,-0.14977,-0.58599,-0.74537,-0.73298,-0.64727,-0.50102,-0.36008,-0.28169,-0.21149,-0.1082,0.11149,0.38018,0.50791,0.43983,0.18264,-0.089458,-0.1366,0.027947,0.13233,-0.050877,-0.043565,-0.018846,-0.12967,-0.19712,-0.14487,-0.068549,-0.10938,-0.15304,-0.097479,-0.0043455,-0.020254,-0.072319,-0.1063,-0.16976,-0.18605,-0.083905,0.11014,0.27363,0.35432,0.34866,0.27565,0.25428,0.19321,0.085435,0.074604,0.085121,0.15251,0.30228,0.39635,-0.36071,0.64569,-0.034289,0.28557,-0.44527,-0.35799,0.71375,0.22623,0.18114,-0.18152,0.49728,-0.21999,0.27755,0.41711,-0.49587,0.072644,0.17873,0.084979,0.27196,0.10325,0.22633,-0.11956,-0.020475,0.23979,-0.21876,-0.01039,0.068962,0.15986,-0.09395,0.10038,2.8224,-0.36012,-1.1385,1.5356,-1.2377,-0.38826,0.84011,0.55864,-0.87692,-0.53742,0.18401,0.19356,-0.2918,-0.30637,-0.036572,0.0097015,0.52313,-0.13646,-0.0017009,0.24836,0.29152,0.070524,0.18321,-0.058228,0.26224,0.035585,-0.25424,0.36632,-0.0039264,0.00033088,2.7017,-1.5685,-0.89941,-0.32199,0.087536,0.1272,-0.25247,0.21056,-0.34604,-1.0253,0.029111,-0.44773,0.78227,-0.29708,0.068787,0.055761,-0.013338,-0.28242,0.11895,-0.10114,-0.055152,-0.28689,-0.67606,0.35892,-0.10635,-0.2033,-0.16089,-0.12934,-0.27073,0.22741,0.029681,-0.90697,0.74125,-0.26553,0.13618,-0.1267,-0.068632,-0.53798,-0.31991,0.15098,-0.31567,-0.17194,-0.075727,-0.098371,-0.056557,0.19278,0.093825,-0.40932,0.048455,0.0034167,0.29619,-0.38657,0.083426,-0.10353,0.112,-0.20546,0.17598,0.12692,0.076986,0.223,2.9726,2.1631,0.65147,0.252,0.80141,0.49445,-0.72105,-0.17893,-0.45464,-0.068508,-0.21493,0.027056,-0.053051,-0.17603,-0.35531,-0.1656,0.071788,-0.65101,-0.46145,0.20595,-0.2621,-0.16725,-0.10431,0.10824,-0.12896,-0.19597,-0.13201,-0.22825,-0.07571,-0.22027,-0.048997,-1.0822,-0.78377,-0.09324,0.30309,-0.54424,0.52781,-1.2066,0.097313,0.060947,-0.03917,-0.43236,0.13251,0.062447,0.029371,0.12985,-0.44409,0.22661,0.085367,0.015099,-0.082758,-0.17851,-0.39808,0.11091,0.13543,-0.1246,0.20024,0.17789,-0.11487,0.10238
0.20827,0.30201,0.23662,0.1893,0.27728,0.32516,0.25691,0.14689,0.083846,0.061925,0.045994,0.054679,0.071268,0.069038,-0.050611,-0.22976,-0.3763,-0.47217,-0.46962,-0.30718,-0.15269,-0.14341,-0.1259,0.077544,0.26775,0.2612,0.21536,0.21157,0.14021,0.050934,0.15715,0.21954,0.36618,0.24215,0.093892,0.12907,0.10445,0.036904,0.0091882,-0.00084577,-0.034754,-0.048594,0.075878,0.16162,0.094272,0.10291,0.060817,0.017123,0.080435,0.050821,-0.04687,-0.068965,0.034545,0.1139,0.10638,0.036848,-0.082056,-0.16133,-0.16873,-0.12856,-0.095083,-0.081679,-0.056281,0.13536,0.25853,0.23864,0.14742,0.027496,0.071545,0.090836,-0.28026,-0.48786,-0.37041,-0.16545,-0.042354,0.032751,0.09354,0.11391,0.038377,-0.080607,-0.12653,-0.077725,0.034894,0.1411,0.18907,0.17831,0.11236,0.039353,0.041936,0.089166,0.1292,0.15736,0.096017,0.032724,-0.0022993,-0.20378,-0.30752,-0.25335,-0.11723,0.00025937,-0.5015,-0.39743,-0.22366,-0.16304,-0.1621,-0.21949,-0.29899,-0.24788,-0.081392,0.020922,0.077822,0.13527,0.17362,0.16645,0.1455,0.019276,-0.19428,-0.29764,-0.24975,-0.21131,-0.23364,-0.24088,-0.23191,0.020204,0.16554,0.13415,0.094117,0.071467,0.081732,0.074021,-0.15761,-0.20788,-0.024076,-0.049196,-0.21541,-0.31936,-0.2863,-0.21533,-0.12547,-0.050609,-0.0018101,0.017631,0.041361,0.26962,0.57172,0.57864,0.43697,0.4639,0.61005,0.60957,0.38409,-0.043487,-0.41545,-0.54051,-0.49426,-0.35572,-0.19647,-0.081752,0.0083955,6.7559e-05,-0.030396,0.015389,0.081425,0.23587,0.40172,0.3605,0.086092,-0.085051,0.026459,0.078896,-0.079035,-0.12555,-0.16126,-0.20758,-0.20826,-0.13488,-0.054798,-0.02845,0.00096988,0.039997,0.048107,-0.0091239,-0.063207,-0.11989,-0.20127,-0.23055,-0.17558,0.004863,0.1992,0.29417,0.31724,0.27958,0.33029,0.3222,0.19733,0.11317,-0.026288,-0.048831,0.17764,0.32386,-0.43253,0.063121,-0.80564,0.16787,0.15197,-0.48711,0.42047,0.20287,0.0043691,0.32773,0.39251,0.044414,0.4183,0.53635,-0.1275,0.1059,0.32231,0.12348,0.22124,0.49022,0.12182,0.052821,-0.093623,-0.002478,-0.14816,-0.19639,0.085868,0.26594,-0.3451,-0.061347,1.3246,-1.5481,-0.35188,-0.70213,-1.6629,-0.33921,0.57826,0.43222,-0.14518,0.034813,0.21337,-0.016934,-1.1477,-0.50101,-0.0091529,0.49387,0.34878,-0.012761,0.096702,0.35046,0.0019102,0.4549,0.1572,0.0398,0.14383,-0.094412,-0.34448,-0.016878,0.1015,-0.082855,2.4871,-0.9054,-0.94446,-0.79334,0.25276,-0.66031,-0.06876,0.15574,-0.10493,-0.011557,-0.73033,-0.81462,0.27946,0.016261,0.86674,0.043712,-0.33202,0.13522,-0.095103,-0.28446,0.18144,0.32347,-0.11085,-0.11645,0.2695,0.059864,0.31922,-0.29308,-0.17971,0.090802,-0.10501,-0.22864,0.64552,0.0023857,0.32571,-0.14624,0.16152,-0.17957,-0.21836,-0.24872,0.25794,-0.0653,-0.13204,-0.23458,-0.10248,0.15479,-0.046348,-0.45519,0.15477,0.13173,-0.019208,-0.0025253,-0.35901,0.13178,0.037718,-0.11314,0.22818,0.025243,0.2531,0.11886,2.7925,1.7526,0.74679,0.1177,-0.31694,-0.051604,-0.98196,-0.13205,-0.099861,-0.56218,-0.020579,-0.28935,0.60638,-0.55591,-0.019391,-0.26995,0.12266,-0.63097,0.063968,0.31244,-0.26087,0.15873,-0.049954,-0.25271,-0.32547,0.079138,-0.32246,-0.0032416,-0.29882,-0.39864,-0.11801,-0.32602,-0.5992,-0.1559,-0.067183,-0.34678,0.68959,-0.63492,-0.14076,-0.035674,-0.30136,-0.60549,0.38815,0.17122,-0.13703,0.044834,-0.58347,-0.18223,-0.26904,0.20641,-0.14335,-0.34065,-0.1782,0.32202,-0.12348,-0.041149,-0.058271,-0.13309,0.042134,0.17401
0.43092,0.36214,0.11639,-0.040807,-0.083189,-0.040657,0.095263,0.18763,0.1664,0.1227,0.092655,0.071003,0.07006,0.079832,0.0815,0.060201,0.00771,-0.14148,-0.27456,-0.27355,-0.21716,-0.19024,-0.22255,-0.28805,-0.35085,-0.34681,-0.18402,0.078689,0.20584,0.064315,-0.27974,-0.44247,-0.3989,-0.4574,-0.28989,-0.11052,-0.04741,-0.02362,-0.052375,0.13831,0.26512,0.2395,0.21175,0.15578,0.14195,0.14922,0.17083,0.23803,0.29458,0.25341,0.1525,0.046706,0.061419,0.14996,0.15186,0.098076,0.022183,-0.053862,-0.097134,-0.092504,-0.072637,-0.055558,-0.044614,-0.036753,-0.034558,0.078009,0.18249,0.24053,0.24178,0.16067,0.10092,-0.10385,-0.43409,-0.59308,-0.49259,-0.29397,-0.074715,0.091877,0.1522,0.13375,0.041457,-0.012097,0.065355,0.15505,0.17176,0.14315,0.12058,0.13622,0.14524,0.1683,0.19103,0.13666,0.1318,0.15231,0.049192,-0.11286,-0.21472,-0.21186,-0.11284,-0.041663,-0.66731,-0.44765,-0.18338,-0.11323,-0.10511,-0.13042,-0.11429,-0.062678,-0.077795,-0.059845,-0.036692,0.045778,0.12876,0.14859,0.13914,0.099698,0.047067,0.048788,0.049071,0.048857,0.10966,0.13544,0.098201,0.021674,-0.038468,-0.035764,0.023143,0.015373,-0.02766,0.080109,0.26255,0.65426,0.80558,0.42224,0.11425,0.0044345,-0.084787,-0.14535,-0.15404,-0.26935,-0.36541,-0.29039,0.02761,0.36418,0.42448,0.33793,0.3309,0.46001,0.58454,0.52762,0.23129,-0.25359,-0.62483,-0.70175,-0.62008,-0.4983,-0.35189,-0.22184,-0.12119,-0.021749,0.069286,0.11517,0.12898,0.14258,0.12535,0.20887,0.24794,0.10265,-0.13184,-0.25669,-0.2195,-0.17382,-0.091973,-0.01558,-0.068608,-0.11459,-0.12431,-0.12623,-0.13351,-0.13255,-0.1169,-0.083887,-0.052621,-0.076856,-0.12556,-0.13309,-0.030226,0.078623,0.11051,0.16705,0.16269,0.33962,0.47188,0.36825,0.17969,0.056184,-0.0063672,-0.011983,0.090645,0.18107,-0.67697,-0.017318,-0.26308,0.39648,-0.094281,-0.28149,0.85184,0.66452,-0.29226,0.28626,1.374,0.21808,0.076977,0.53755,-0.45689,-0.24589,-0.0096245,0.20615,0.16226,0.084209,-0.38791,-0.027525,0.18806,0.029357,-0.12055,-0.0048305,-0.19657,0.16257,0.023914,-0.018697,2.7006,-0.037858,-0.69882,1.3174,-1.2771,-0.37233,0.80132,-0.17758,-0.95904,-0.31074,0.61256,-0.1374,-0.2745,0.093269,0.098473,-0.38097,0.047522,-0.029205,0.022851,0.066347,0.48009,-0.052187,-0.10219,-0.12007,0.31992,0.36624,0.29171,0.2423,-0.16061,-0.24183,2.5552,-1.0646,-1.0768,-0.35828,-0.36855,-0.72331,0.11211,-0.8163,-0.24235,-0.33506,0.24371,0.025801,0.57563,-0.32532,-0.2933,0.49401,0.5163,-0.096849,0.23936,-0.0066917,-0.088614,-0.24825,-0.40344,0.1154,0.352,-0.031436,-0.039104,0.21004,0.10257,-0.13454,0.20255,-0.21306,0.3092,-0.25422,0.086047,-0.19915,-0.36255,-0.089746,0.14505,0.231,-0.43399,0.51542,0.45507,-0.63522,-0.029833,-0.012597,0.11294,0.012784,-0.037859,-0.18933,0.34555,-0.021777,-0.066812,-0.15908,0.40511,-0.26268,-0.019811,-0.10683,-0.015623,-0.18093,3.4486,0.87045,0.84249,-0.16107,0.83573,-0.40426,-0.69841,0.069608,-0.16353,0.33321,-0.73657,0.51876,-0.32401,-0.32226,-0.24931,0.35075,0.091828,-0.1421,-0.18099,0.008352,-0.30716,-0.3167,0.066657,0.15114,-0.21804,-0.016078,0.047257,-0.092901,-0.010947,-0.046336,0.20244,-0.37371,-0.56851,-0.16804,0.2596,0.0033517,0.334,-0.99724,0.35315,-0.14809,-0.050421,0.096737,0.57031,0.62402,-0.19303,0.31088,-0.48255,0.075245,0.18273,-0.278,-0.04068,0.18378,-0.070518,-0.24217,-0.15411,0.22695,0.15936,0.16186,-0.055916,-0.03807
0.19662,0.17581,-0.040388,-0.15892,-0.16603,-0.079531,0.086486,0.12615,0.074119,0.050511,0.049153,0.08598,0.12646,0.1292,-0.018113,-0.20046,-0.29229,-0.32098,-0.2774,-0.16714,-0.039612,-0.031631,-0.14514,-0.22214,-0.1816,-0.043372,0.048834,0.056687,0.036609,-0.0261,0.28783,0.5345,0.5615,0.39353,0.26037,0.27334,0.21215,0.12335,0.065577,0.036635,0.014883,-0.0014401,-0.019722,0.14438,0.14313,0.13866,0.14792,0.026551,0.18031,0.23009,0.15226,-0.006162,-0.061737,0.03345,0.038494,-0.021064,-0.08794,-0.12722,-0.14679,-0.16192,-0.18187,-0.16312,0.053953,0.19136,0.13029,0.10847,0.17094,0.22255,0.186,0.12388,0.11232,0.026459,-0.36188,-0.79387,-0.95773,-0.8384,-0.47932,-0.10567,0.027466,-0.032414,-0.15103,-0.16922,0.015404,0.22609,0.28643,0.2621,0.17517,0.049227,0.020767,0.082902,0.13885,0.15433,0.11885,0.033149,-0.064877,-0.10329,-0.12325,-0.18054,-0.10449,-0.0057837,-0.2509,-0.23728,-0.12685,-0.056357,-0.032296,-0.084555,-0.22931,-0.31396,-0.16007,0.10093,0.22725,0.31894,0.35345,0.31056,0.2304,0.12477,0.041598,0.044408,0.10326,0.1396,0.123,0.051733,-0.084708,-0.19674,-0.18221,-0.099154,-0.089314,-0.11633,-0.11055,-0.040865,-0.030191,-0.01841,-0.20499,-0.36781,-0.36854,-0.30995,-0.17764,-0.067594,-0.023445,-0.016427,-0.023084,-0.050221,-0.06425,0.24103,0.81376,0.84722,0.21716,-0.0032351,0.2298,0.3301,0.11966,-0.26445,-0.57984,-0.69956,-0.63069,-0.49054,-0.28498,-0.12504,-0.060298,-0.13528,-0.1732,-0.069264,0.2212,0.58259,0.73752,0.61532,0.39497,0.21401,0.093956,0.021549,0.0046272,-0.0048467,0.00042683,0.16652,0.31699,0.23666,0.048928,-0.078503,-0.1129,-0.094791,-0.055018,-0.074679,-0.12031,-0.18221,-0.28042,-0.32073,-0.2772,-0.055887,0.22782,0.3752,0.40764,0.34718,0.21558,0.075514,0.023417,0.018559,-0.037924,-0.11348,-0.018666,0.11452,-0.3066,0.50838,-1.3294,0.26148,-0.69464,-0.11576,0.86375,0.45956,-0.16075,0.047453,0.52325,-0.41025,-0.018822,0.9265,-0.74457,0.040894,-0.23239,0.71507,-0.43753,-0.537,0.38037,-0.053532,-0.10929,0.27816,-0.28705,-0.40074,0.072474,0.28223,-0.15358,0.33867,2.6742,-0.39323,-1.5151,-0.019571,-0.92839,-0.11802,0.38745,0.38367,-0.84373,-0.071937,0.07162,0.38783,-0.1171,0.17699,-0.032043,-0.59675,0.11984,-0.36046,-0.70725,0.026241,0.20955,0.25116,-0.094532,-0.12396,-0.29188,0.15405,-0.30189,-0.29204,-0.3451,-0.15816,2.8183,-1.4917,-0.35521,-1.3598,0.69649,-0.20099,-0.2739,-0.077581,0.2946,-0.39573,-0.53175,0.65502,-0.1898,-0.0026326,-0.27085,0.5304,-0.44206,0.1807,-0.5141,0.39559,-0.40379,-0.10074,0.071325,-0.442,-0.15643,0.20818,1.0575,-0.33072,0.02505,0.10833,0.33868,0.040625,1.3129,0.59122,0.32474,0.15374,-0.50639,-0.48314,-0.082241,-0.14797,-0.67121,0.045005,0.20585,0.0063442,-0.49426,0.049029,0.27819,-0.49062,-0.7648,-0.072774,-0.13593,0.32921,-0.031075,0.19965,0.37385,-0.07491,0.019862,0.032316,0.43545,0.027281,3.5617,0.078908,1.7316,0.29634,0.92503,0.58391,0.041941,-0.2144,0.28115,0.69564,-0.97384,-0.71862,-0.29492,-0.079987,-0.1793,0.10038,0.49552,0.56809,0.11385,-0.0098458,0.2043,0.41005,-0.33091,0.36285,0.31639,0.5643,0.03163,-0.0040859,0.041764,0.021543,0.2879,-0.34266,-1.3927,-0.047059,-0.61862,-0.51483,0.087602,-1.0222,0.63271,-0.068429,0.33866,-0.041004,0.17709,0.0020029,-0.12025,-0.27436,0.18152,-0.070043,0.41022,0.40214,0.20618,-0.33259,0.21849,-0.19864,-0.31587,0.074431,0.16665,0.1263,-0.59603,0.23031
0.3433,0.55653,0.4771,0.2464,0.089105,0.061344,0.10017,0.14043,0.14346,0.089813,0.047653,0.032182,0.020942,-0.046407,-0.11696,-0.12051,-0.15008,-0.20716,-0.19933,-0.12619,-0.037892,0.0024338,0.053382,0.19866,0.29428,0.27185,0.21654,0.19758,0.1329,-0.020836,-0.21968,-0.24159,-0.19795,-0.0091725,0.21996,0.29871,0.30537,0.24515,0.15369,0.07748,0.032737,0.0076809,-0.0064883,-0.016441,-0.041157,-0.067407,-0.043226,0.030524,0.089085,0.06622,-0.024981,-0.044715,0.055912,0.13319,0.13487,0.084885,0.0053546,-0.096941,-0.15908,-0.14569,-0.13693,-0.12917,-0.10693,-0.097817,-0.10016,-0.11146,-0.1361,-0.1662,-0.14848,-0.0060534,0.036689,-0.080351,-0.14195,0.013387,0.14099,0.26398,0.45355,0.52494,0.42884,0.29613,0.16963,0.067758,0.040812,0.057165,0.06802,0.032429,-0.0013749,0.0074527,0.025287,0.035466,-0.10363,-0.23428,-0.24536,-0.28512,-0.29083,-0.18986,-0.025547,0.17175,0.36629,0.44404,-0.35493,-0.4573,-0.38749,-0.33071,-0.32436,-0.35398,-0.27739,-0.12215,-0.096944,-0.033633,0.045243,0.06981,0.033573,-0.00031324,-0.018131,-0.076371,-0.15195,-0.18531,-0.15818,-0.077541,0.014027,0.10782,0.16944,0.24485,0.2531,0.18841,0.22378,0.27354,0.29076,0.24644,0.2066,0.54649,0.69805,0.30102,-0.13171,-0.35129,-0.4028,-0.35708,-0.2507,-0.14441,-0.060132,0.036201,0.13209,0.19224,0.20841,0.2189,0.28227,0.40373,0.51913,0.53514,0.34797,-0.06377,-0.43246,-0.55724,-0.54185,-0.45974,-0.29769,-0.13207,-0.01288,0.099996,0.20203,0.30036,0.37121,0.35587,0.23912,-0.038498,-0.28825,-0.31538,-0.17748,0.0010716,-0.14705,-0.29002,-0.28131,-0.32667,-0.339,-0.2142,-0.078035,-0.073285,-0.11375,-0.14124,-0.098567,0.010437,0.049741,0.0026459,-0.022382,0.011098,0.095738,0.16527,0.19265,0.16873,0.17159,0.14319,0.058469,0.042899,0.0852,0.16668,0.25191,0.28848,0.27155,0.24912,-0.2074,-0.57273,1.0761,0.00015427,0.36697,-0.015752,0.015647,0.15431,-0.27903,0.25577,0.43595,-0.12212,-0.058374,0.29457,-0.031584,0.35154,0.22004,-0.061263,-0.052615,0.0017593,0.17411,-0.10984,0.10157,0.12009,0.066471,-0.019786,-0.27943,0.15677,0.033798,-0.021622,0.79056,-2.6181,1.4364,-0.038226,-1.9399,-0.30334,0.95694,-0.2593,0.076691,0.11133,0.03241,0.166,-0.61961,-0.16586,-0.03058,0.30185,0.53119,0.089131,0.036326,-0.36325,0.2848,0.15969,-0.046268,0.083596,0.1529,0.048469,0.022888,0.12403,0.055518,-0.088569,2.4603,-0.15231,-2.0785,0.88345,-0.43991,-0.063116,-0.088364,0.10644,0.58018,0.37372,-0.058719,0.061434,0.32533,0.19635,-0.14057,0.41819,-0.21199,0.12006,-0.18516,0.10667,-0.11025,0.11933,-0.088065,0.44446,-0.013992,0.086638,-0.098898,-0.15803,-0.014401,0.003871,-0.052496,-1.2359,-1.1385,-0.82643,-0.24869,-0.17426,0.11291,0.22331,-0.47868,-0.25474,0.12458,0.047234,-0.13786,0.121,0.059096,0.16659,0.24902,-0.17557,0.030927,0.31227,-0.23929,-0.005105,0.021975,-0.011255,0.2466,0.033496,0.10963,0.07855,-0.1383,-0.010628,2.5568,2.1296,-0.98109,-0.83266,0.29873,0.08759,0.55043,-0.040241,0.041449,-0.13882,-0.28866,-0.21617,-0.090911,-0.050902,-0.16044,0.095187,0.49293,0.028109,-0.17316,0.18295,-0.18811,-0.066895,0.074774,-0.32486,-0.044907,-0.25287,-0.12114,-0.070703,-0.34982,-0.034146,-0.087204,-1.0143,0.9418,0.14673,0.93992,0.32501,0.355,-0.18866,-0.20494,0.36134,-0.35671,-0.20955,-0.00085002,-0.31003,-0.38125,0.22014,-0.28315,0.10899,0.041624,0.17864,-0.14246,-0.41549,0.13235,0.016939,0.2694,0.12292,-0.13437,-0.15653,0.055763,0.14428
-0.1164,-0.15441,-0.042808,-0.016481,-0.083423,-0.088749,-0.078309,-0.049276,0.024781,0.05631,0.046541,0.042752,0.038611,0.023635,-0.0061501,-0.01875,-0.073421,-0.15936,-0.16236,-0.1528,-0.18031,-0.24265,-0.33753,-0.36989,-0.19941,0.04507,0.10941,0.14622,0.15649,0.086769,0.18044,0.26413,0.31981,0.2665,0.16556,0.15405,0.12033,0.070507,0.035222,0.016135,-0.0039474,-0.02055,-0.032642,0.055504,0.1043,0.051289,-0.096154,-0.22195,0.032456,0.24232,0.19711,0.065231,0.044692,0.13332,0.13979,0.088242,0.0092118,0.057626,0.13258,0.12072,0.11698,0.14353,0.18607,0.2132,0.21016,0.16888,0.15086,0.026156,-0.095611,-0.062084,-0.088628,-0.24175,-0.45177,-0.5023,-0.4813,-0.38396,-0.22126,-0.15628,-0.23612,-0.34227,-0.37292,-0.28561,-0.06513,0.16503,0.25763,0.25248,0.15843,0.055311,0.052565,0.083181,0.09504,0.087391,0.016395,-0.042788,-0.090149,-0.13701,-0.11907,-0.055157,0.071279,0.13917,0.58806,0.24112,-0.039128,-0.050113,-0.036476,-0.03507,-0.041686,-0.0069224,0.045019,0.087133,0.099283,0.081477,0.054615,0.026895,0.040447,0.063518,0.033885,-0.00069263,0.017536,0.096962,0.13181,0.054626,-0.052128,-0.10084,-0.10604,-0.11394,-0.11798,-0.12984,-0.13252,-0.079291,-0.12227,-0.20069,-0.25292,-0.27238,-0.18986,-0.15575,-0.096726,-0.044775,-0.031461,-0.052495,-0.066263,-0.051793,0.010695,0.19432,0.40322,0.36853,-0.0078892,-0.18911,0.013477,0.31748,0.33468,-0.036202,-0.42714,-0.56114,-0.53941,-0.44229,-0.28389,-0.1535,-0.14032,-0.18467,-0.14696,-0.02508,0.10773,0.20055,0.27543,0.33713,0.30357,0.16361,0.12808,0.19148,0.1843,0.13395,0.099827,0.12637,0.12563,0.12318,0.12252,0.049813,0.019909,0.096725,0.12418,0.049917,-0.027353,-0.11498,-0.23409,-0.27454,-0.19264,0.054282,0.25561,0.29165,0.25604,0.16804,0.081574,-0.016377,-0.074774,-0.08955,-0.11308,-0.080507,0.060859,0.17559,-0.37651,-0.61638,-1.7319,0.16875,-0.70473,-0.30435,0.96397,0.37176,0.33681,0.09347,0.45865,0.17729,0.0082076,0.29528,0.090169,-0.026414,-0.049815,0.23477,-0.091511,0.026451,0.50171,0.14643,0.30102,-0.17904,-0.030789,-0.24181,0.25167,0.29391,0.11049,-0.022832,2.6554,0.40088,-0.88145,-0.38598,-1.2259,0.35477,-0.13988,0.39645,-0.93046,-0.3071,0.049186,0.2792,-0.24262,-0.06193,0.20468,-0.083564,0.36176,0.151,-0.10672,-0.17885,0.19192,0.12859,-0.16504,0.24718,-0.22364,0.079742,0.23195,-0.17698,0.047505,0.090747,2.5722,-0.60467,0.15269,-1.4858,-0.30038,-0.69378,-0.42564,0.4272,0.24101,-0.092783,0.13688,0.1514,0.25568,0.21388,-0.24884,-0.14796,-0.46991,0.045202,-0.51933,-0.16159,0.10213,-0.29097,0.11949,-0.11425,0.44912,-0.1276,0.1421,-0.327,-0.17436,-0.11292,-0.090864,0.98111,0.81824,0.70122,-0.0083696,0.37937,0.28864,-0.65399,-0.34087,0.23564,-0.092048,0.017701,0.13739,0.29342,-0.18299,0.19179,0.10244,-0.032491,0.002857,-0.12105,-0.39965,0.17701,0.40644,0.36991,-0.17476,0.32298,-0.035608,0.17563,0.074419,-0.072135,3.2956,0.11593,1.1656,0.67895,-0.18549,0.87331,-0.6937,-0.34628,-0.19181,-0.1586,-0.15455,-0.21087,0.10335,0.090257,0.14062,-0.2601,0.3174,0.08975,0.10494,0.26206,-0.19051,-0.043174,-0.018455,-0.12131,0.011169,0.12708,0.15471,-0.035611,-0.072644,0.36806,0.12601,0.85247,-1.1843,0.2472,-0.39942,-0.82802,0.28022,-0.70247,0.61563,0.18389,-0.16244,-0.10361,-0.17186,0.025868,-0.57513,-0.0031743,-0.019108,-0.16162,0.20626,-0.30693,0.23475,-0.28467,0.17434,0.27366,-0.29606,-0.1915,0.090731,-0.26813,-0.038221,0.033625
-0.16552,-0.15872,0.20325,0.39505,0.27388,0.11104,0.062429,0.053703,0.0596,0.086381,0.07198,0.071822,0.076198,0.068529,0.045266,-0.0031329,-0.07123,-0.11129,-0.094686,-0.034069,0.0086225,0.016229,0.022688,0.13459,0.24321,0.2589,0.11649,-0.17229,-0.40707,-0.29435,-0.1365,-0.16635,-0.12184,-0.074601,0.046724,0.072525,0.040672,-0.027462,-0.044241,-0.03708,-0.060798,-0.072214,-0.057062,-0.052137,-0.091561,-0.12762,-0.10999,-0.05812,0.088368,0.18641,0.11854,0.081479,0.11641,0.054162,-0.015952,-0.0075691,-0.017543,-0.01478,0.0038275,0.022807,0.029304,0.018458,-0.01514,-0.022582,0.0045589,0.021783,0.03607,0.054167,0.04881,0.041469,0.077852,-0.13848,-0.28748,-0.28636,-0.28652,-0.21004,0.087698,0.30553,0.26009,0.14438,0.056595,0.040657,0.10609,0.15597,0.14317,0.10315,0.050423,0.044615,0.089934,0.12825,0.12645,0.020613,-0.04599,0.0037334,0.033122,-0.013773,-0.063151,-0.03789,0.067535,0.1301,0.56459,0.27068,-0.17437,-0.28899,-0.30069,-0.23293,-0.20543,-0.26057,-0.12904,0.060316,0.076497,0.083123,0.098646,0.10291,0.049934,-0.042102,-0.11146,-0.13151,-0.10099,-0.062552,-0.049435,-0.058481,-0.078113,0.10738,0.22284,0.17762,0.13458,0.091065,0.076392,0.080967,0.030106,0.36454,0.51913,0.18271,-0.16425,-0.25242,-0.21438,-0.15033,-0.087362,-0.054932,-0.029599,-0.0046921,-0.0023043,0.0030533,0.02234,0.068723,0.15391,0.23214,0.29166,0.36278,0.33036,0.078299,-0.1073,-0.10799,-0.088009,-0.081769,-0.039118,-0.0038366,0.0053191,0.0016241,-0.030471,-0.061993,-0.019975,0.080673,0.11408,0.012728,-0.10353,-0.097511,-0.01113,0.056928,0.096659,-0.054185,-0.15843,-0.15107,-0.13272,-0.10921,-0.20439,-0.29705,-0.30623,-0.15727,0.011383,-0.029406,-0.049875,-0.039311,-0.043947,-0.011855,0.037602,0.10407,0.19787,0.25323,0.21723,0.22732,0.24784,0.19711,0.14234,0.13664,0.11331,0.090925,0.19381,0.29547,-0.58635,-1.676,-0.027356,-0.2657,0.016719,-0.31471,0.64867,-0.33944,0.14695,0.42313,0.83388,-0.11229,0.12344,0.25734,0.38294,-0.18877,0.17121,-0.038715,-0.27657,0.41971,-0.19162,-0.0033893,-0.36705,-0.089612,0.30481,0.03001,0.17704,0.027969,-0.083509,0.14398,2.3329,-0.043462,0.96193,1.0894,-1.3754,0.2529,0.0096658,0.50925,-0.443,0.32796,-0.18988,-0.23108,-0.71954,-0.5893,-0.39265,0.19936,0.1825,-0.2646,-0.18534,-0.48621,0.10389,0.14648,-0.43722,-0.25355,-0.025647,0.22154,-0.12568,-0.17936,0.19893,0.014816,2.2445,0.66899,-0.61435,0.13391,0.30473,0.48353,-0.73418,-0.087088,0.14269,-0.15238,-0.19028,-0.5138,0.21543,0.30318,-0.10343,-0.064927,-0.20493,-0.28246,-0.42866,0.22408,-0.36442,0.4828,0.19361,0.08271,0.24624,0.33352,0.14603,0.073806,-0.088315,0.2703,0.011173,0.23593,-1.0984,-0.4373,0.066039,0.35801,0.23033,-0.16879,0.085877,-0.84316,0.012656,0.031366,-0.40067,-0.30906,-0.29271,0.021619,-0.093619,0.12506,0.16422,0.13992,-0.16842,0.010143,-0.19198,-0.21166,0.41149,0.21018,0.25824,0.22389,0.049607,-0.067453,3.3045,-0.36783,-0.47231,-0.21993,1.0745,-0.10987,-0.83169,0.44858,0.012471,-0.52566,0.24129,-0.17656,0.59263,-0.50123,-0.1194,-0.0017057,0.17888,0.40347,-0.10021,0.016453,-0.0086465,0.41296,-0.15756,-0.31506,0.19943,0.12087,-0.113,0.11399,-0.45063,0.07853,-0.19787,0.29096,0.90946,0.0027753,0.539,-0.46343,0.29294,0.073973,0.17526,-0.24095,-0.053926,-0.30176,-0.28696,0.19785,-0.57289,-0.047436,-0.51147,-0.3024,-0.3831,0.07572,-0.17617,-0.24039,0.076465,-0.074451,0.024626,-0.042785,0.0024886,-0.11944,-0.36763,0.49458
-0.18734,-0.31553,-0.50788,-0.34143,-0.061137,0.073932,0.080139,0.11026,0.14241,0.12573,0.087991,0.056436,0.047397,0.062759,0.067207,0.03161,-0.01355,-0.030504,-0.010731,0.013213,0.0097359,-0.046436,-0.12617,-0.14706,-0.056744,-0.1276,-0.42144,-0.55416,-0.38556,-0.05912,0.058462,0.039601,0.096589,0.11639,0.13415,0.084375,0.027173,-0.027179,-0.04983,-0.034234,0.040398,0.087161,0.077094,0.11642,0.13524,0.094532,0.090579,0.15935,0.45532,0.59972,0.26008,-0.1277,-0.13348,-0.070052,-0.087041,-0.14005,-0.11635,-0.060055,-0.065378,-0.085619,-0.10737,-0.11977,-0.026192,0.08922,0.15119,0.16684,0.10462,0.063033,0.046199,0.098045,0.1061,0.043177,-0.043222,-0.13168,-0.20619,-0.21756,-0.21655,-0.20788,-0.18711,-0.19127,-0.17988,-0.057457,0.1089,0.1919,0.20091,0.16118,0.094392,0.099469,0.16488,0.19393,0.23068,0.25013,0.11964,0.024631,0.021181,-0.070359,-0.12383,-0.067043,0.015891,0.038642,-0.24557,-0.044115,0.088207,-0.089753,-0.10073,-0.0013627,-0.045897,-0.064935,-0.08592,-0.12547,-0.11613,-0.058592,0.029867,0.12086,0.13604,0.075489,0.026516,0.019284,0.043,0.06532,0.062366,0.0032625,-0.091945,-0.16228,-0.15398,-0.042991,-0.021837,-0.037263,-0.053519,-0.18389,-0.35993,-0.15075,-0.085439,-0.18796,-0.097171,0.0046072,0.050932,0.10074,0.1273,0.11563,0.045633,-0.019135,0.022234,0.13479,0.18463,0.15028,0.12907,0.23453,0.7155,0.62797,0.053322,-0.2305,-0.35406,-0.41554,-0.3477,-0.26297,-0.15671,-0.13013,-0.18642,-0.22862,-0.23006,-0.19827,-0.20764,-0.19602,-0.074166,0.16475,0.38422,0.31076,0.069719,0.043947,0.016086,-0.01637,-0.021197,0.0075199,0.043565,0.085782,0.029952,-0.02019,-0.00085376,0.0050859,-0.0095484,-0.050578,-0.080231,-0.12665,-0.18009,-0.1824,-0.11621,0.04887,0.17921,0.20875,0.23658,0.18926,0.2811,0.31577,0.21428,0.13267,0.081941,0.10002,0.2032,0.28207,-0.38455,-1.0165,-1.6883,0.2369,-0.29523,-0.0066429,0.56789,-0.059539,-0.036176,0.094151,0.74676,-0.5508,0.23311,-0.56473,0.36176,-0.97088,0.094928,0.75491,-0.43383,0.39123,0.19748,0.20957,0.15178,0.73751,0.074915,-0.24633,0.41035,-0.019775,0.12127,-0.021886,2.3775,0.99618,-0.33732,0.045266,-0.50947,-0.029457,0.6047,0.70377,-0.3298,0.47813,-0.34582,0.27446,-0.52256,-0.59569,0.0062551,-0.099264,-0.19196,0.070601,-0.041613,0.0039999,-0.32594,-0.8612,0.17371,-0.068028,-0.066244,0.10834,0.13132,0.25215,-0.12822,-0.01018,2.3225,-0.18515,0.25192,-1.3523,0.15896,0.4634,-0.78874,-0.044734,0.046724,-0.3907,0.26619,-0.57871,-0.27487,-0.29561,0.3878,-0.63621,0.52975,-0.44915,0.31793,0.73472,-0.52568,0.34661,-0.30718,-0.20981,0.089327,0.012744,-0.052658,-0.05402,0.030692,0.0059651,-0.29015,0.99915,0.51147,0.72051,0.20923,0.51169,-0.042882,-0.1715,0.32118,-0.23289,-0.30606,-0.48748,-0.49298,-0.17469,0.3833,0.25603,-0.57925,0.76802,-0.44384,0.25474,0.0077927,-0.21001,0.15499,0.1626,0.21221,0.19286,0.14456,0.034539,0.50367,0.023127,2.6407,-1.2082,0.95567,1.021,0.81139,-0.17183,-0.82429,-0.1787,0.066161,0.55313,0.57185,-0.025435,0.34388,0.094316,0.36886,0.31227,-0.25317,-0.0074623,0.11302,-0.41414,-0.30464,0.5199,-0.2476,-0.16316,0.12138,0.2583,0.46246,0.38713,0.11071,-0.18556,-0.33599,0.73864,-0.59496,-0.00019232,-0.46715,-0.7201,-0.032574,0.15769,0.69742,-0.20037,0.20762,-0.21853,-0.58121,-0.00070763,0.40134,0.18869,-0.18863,-0.76494,-0.42888,-0.65154,0.2337,-0.26942,-0.40994,-0.024627,0.00091373,-0.050534,-0.33008,-0.33554,-0.28641,-0.28223
-0.25872,-0.19305,0.079546,0.13221,-0.053769,-0.047954,0.19007,0.19705,0.12865,0.1688,0.16226,0.13317,0.11632,0.1151,0.099925,0.070059,0.0037238,-0.066941,-0.079929,-0.035202,0.0079173,0.015859,0.012473,0.32884,0.53911,0.35639,0.10931,-0.00092179,-0.064044,-0.14845,-0.095959,0.028784,0.033574,-0.050559,-0.036763,0.024086,0.017191,-0.050782,-0.058828,-0.06558,-0.11863,-0.15178,-0.17335,-0.14735,-0.18266,-0.26685,-0.23443,-0.12075,-0.024861,0.13643,0.18273,0.11991,0.12462,0.14714,0.15844,0.11585,0.064266,-0.035237,-0.11027,-0.092482,-0.080842,-0.072964,-0.050138,-0.030068,-0.053844,-0.088482,-0.062793,0.077658,0.16587,0.10267,-0.072942,-0.24792,-0.3183,-0.20629,-0.049945,0.042241,0.14225,0.27695,0.25941,0.10159,0.079839,0.13995,0.17845,0.19371,0.18318,0.14365,0.13495,0.07598,0.050821,0.09724,0.12963,0.13977,0.010095,-0.1142,-0.094748,-0.031065,-0.076011,-0.21246,-0.24234,-0.22383,0.43187,0.09388,-0.24149,-0.25652,-0.1783,-0.17081,-0.31018,-0.3633,-0.12576,0.11396,0.069172,0.083259,0.11535,0.10952,0.076411,0.027671,-0.038367,-0.096516,-0.10278,-0.063128,-0.024186,-0.026782,-0.056071,0.18768,0.30721,0.2871,0.27338,0.26446,0.29199,0.25516,0.25553,0.4922,0.37622,0.019715,-0.3664,-0.52439,-0.50289,-0.42004,-0.34339,-0.25627,-0.18643,-0.14349,-0.08915,-0.13163,-0.23259,-0.22247,-0.072984,0.11933,0.25439,0.34516,0.35531,0.2102,-0.0045331,-0.11592,-0.13271,-0.066321,0.036307,0.062599,0.0070716,-0.016747,-0.031785,-0.017509,0.048654,0.19683,0.34694,0.34054,0.21334,0.0057707,-0.11293,-0.16816,-0.22915,-0.21266,-0.16715,-0.1809,-0.18138,-0.16466,-0.14942,-0.13676,-0.13813,-0.14707,-0.18546,-0.25134,-0.14528,0.039507,0.028701,0.07525,0.094703,0.17157,0.27353,0.31732,0.30946,0.2464,0.1878,0.08727,0.018422,0.047429,0.091631,0.058968,0.058299,0.12386,-0.73423,-1.6515,-0.028443,-0.09108,0.26757,-0.30622,0.69607,0.51106,-0.12636,1.2134,1.1782,0.16908,0.20915,0.13147,0.36303,-0.20142,0.29265,-0.026001,-0.40885,0.45409,-0.16326,0.05413,-0.30062,-0.28714,0.33407,-0.324,-0.1351,-0.082933,-0.1488,0.17575,2.2299,-0.12688,0.7618,0.96985,-1.4291,0.17148,0.22753,-0.43424,-0.53224,0.44773,0.07931,-0.98851,-0.6043,-0.39504,-0.63507,0.3675,0.10302,-0.097806,-0.26011,-0.44174,0.59056,0.22001,-0.34377,0.018648,0.064793,0.29953,-0.21885,-0.45893,-0.099992,-0.1346,2.2876,0.62915,-0.4255,0.23827,0.58293,0.26489,0.16227,-0.61511,0.50712,-0.031576,-0.2032,-0.61363,0.57791,0.43184,-0.1788,-0.13318,0.067418,-0.25882,-0.43964,0.054242,-0.42981,0.076089,0.51838,0.30302,0.59082,0.36698,0.56503,0.050995,-0.23572,0.016593,0.056141,0.43342,-1.0525,-0.56412,-0.063083,-0.10234,-0.45914,0.10359,0.31935,-0.99342,0.31034,0.51227,0.029567,-0.38504,0.019288,0.03159,-0.10341,0.18133,0.40062,0.099895,-0.42388,0.46755,-0.26967,0.015341,0.43408,0.32598,0.1219,-0.097269,-0.087763,-0.24658,3.2342,-0.34305,-0.45857,-0.31403,1.1936,-0.89961,-0.64153,-0.15608,0.32134,-0.94176,-0.21586,-0.016228,0.18322,-0.57945,-0.113,-0.17588,0.0026955,0.1971,0.26085,0.34739,-0.086996,0.14315,0.32207,0.071033,0.43015,0.25532,-0.24111,0.15666,-0.27673,-0.08654,-0.10055,0.41443,0.69222,0.024836,0.69521,0.25872,0.18509,-0.040444,0.56425,-0.23619,0.11291,0.027168,0.36117,0.39342,-0.64069,0.33008,-0.56805,-0.078339,-0.77624,0.078443,-0.23193,-0.45955,0.44475,-0.16377,-0.06693,-0.06443,0.20853,-0.16609,-0.39898,0.46244
0.052824,0.16574,0.24483,0.2313,0.11013,-0.0023626,0.033417,0.10084,0.098992,0.079009,0.063358,0.058344,0.029442,0.012981,0.0099286,-0.028712,-0.1069,-0.14728,-0.08643,-0.028644,-0.03285,-0.034664,-0.14835,-0.34526,-0.30626,0.040796,0.32097,0.29738,0.15907,0.15738,0.19632,0.22815,0.14549,0.16749,0.2304,0.11424,0.07926,0.034722,-0.0015701,-0.0053511,-0.0053469,-0.019217,-0.042436,-0.082174,-0.13874,-0.1293,-0.085846,-0.096497,-0.064062,0.048207,0.083682,0.063275,0.049837,0.045103,0.065721,0.016714,-0.056288,-0.085506,-0.023771,0.031348,0.030186,0.017868,0.0025061,-0.010554,0.0071812,-0.041635,-0.126,-0.09303,-0.020566,0.095655,-0.35208,-0.59584,-0.47335,-0.28863,-0.17358,-0.044693,0.034664,-0.0017491,-0.032292,-0.028275,-0.023011,0.012516,0.071875,0.11515,0.15496,0.18262,0.17027,0.1542,0.15608,0.11778,0.085267,0.092194,0.095645,0.031141,-0.0014224,0.012992,-0.058705,-0.094253,-0.047762,-0.032159,-0.010428,-0.15081,-0.17104,-0.1636,-0.19079,-0.21493,-0.10704,0.044277,0.043466,0.064257,0.081849,0.07617,0.088063,0.12423,0.13255,0.10242,0.10747,0.14405,0.19777,0.24767,0.24969,0.1802,0.061171,-0.10272,-0.11914,0.021418,0.041562,-0.012541,-0.037017,0.034194,0.069698,-0.057109,-0.3579,-0.57867,-0.38974,-0.11695,-0.060001,-0.019254,0.0082748,0.012763,0.0023569,-0.024144,-0.077957,-0.13739,-0.15679,-0.095513,-0.0059229,-0.044206,-0.05653,0.091386,0.21563,0.10589,-0.15891,-0.3425,-0.37354,-0.29736,-0.16263,-0.071983,-0.076797,-0.085772,-0.086535,-0.094137,-0.11883,-0.16971,-0.19913,-0.15261,-0.060493,0.083924,0.31745,0.41672,0.14369,0.026997,-0.081244,-0.1563,-0.16782,-0.096092,-0.0047716,0.034026,0.094504,0.13871,0.12672,0.077238,-0.0086857,-0.088577,-0.059392,0.0024129,0.011318,0.066326,0.07853,0.10991,0.12366,0.075483,0.013109,0.082093,0.15967,0.13796,0.1244,0.14089,0.20064,0.26743,-0.63086,-1.352,-1.4699,-0.084362,-0.25724,-0.087021,0.54999,-0.20886,-0.043011,0.68525,0.8526,0.29815,-0.036238,0.65491,0.37962,0.37276,-0.15303,-0.53913,0.44469,0.15746,0.28512,-0.094265,0.16677,-0.0076448,-0.11692,0.19154,0.11731,-0.060482,0.10219,-0.10978,2.5141,0.51274,0.068078,-0.097699,-1.1399,0.19036,-0.40648,0.35829,-0.31861,-0.06401,0.57822,-0.16259,-0.57284,0.232,-0.11581,-0.44168,0.77761,0.56296,0.11016,-0.21064,0.083888,0.15965,-0.093874,-0.060337,-0.0019327,0.10303,-0.05055,0.16424,0.1522,0.099165,2.3547,-0.16801,0.41571,-0.54154,-0.29316,0.16426,-0.74051,-0.81181,0.49922,0.39203,-0.55409,0.18288,0.35371,0.12473,-0.22707,-0.16824,-0.8087,-0.46879,-0.033405,-0.51511,0.046573,0.15255,-0.024419,0.1471,-0.18217,0.11195,-0.11423,-0.037991,-0.10011,-0.21475,-0.10929,1.0463,0.13173,0.44891,-0.068449,0.57279,0.74785,0.18049,-0.13408,0.1739,0.61968,0.58111,0.3863,0.049963,-0.26141,-0.26645,0.2481,0.16855,0.049321,0.093086,0.049869,-0.46911,-0.0050748,-0.041696,-0.20745,0.5342,0.13172,-0.042945,-0.17699,0.13955,3.0401,-0.50057,0.54523,0.22494,0.3268,0.58349,0.32376,0.43227,0.1583,-0.51705,-0.47381,-0.60662,-0.17328,-0.20601,0.41255,-0.52304,-0.0028471,-0.24229,-0.13808,-0.079676,-0.10941,-0.14428,0.021735,-0.30082,-0.043013,-0.081404,0.17842,-0.043246,-0.093774,0.068227,0.11393,1.1734,-0.3164,0.13923,-0.13755,-0.7174,0.032738,-0.12596,0.071311,0.12567,-0.4569,0.21261,0.39752,0.49288,-0.78532,-0.023063,0.3673,-0.019177,0.083724,-0.32305,-0.21997,0.075486,-0.2425,0.32203,0.029597,-0.11727,0.14646,0.2068,0.15082,-0.089342
0.10019,0.2133,0.14112,-0.085467,-0.16356,-0.071939,0.11631,0.25202,0.2408,0.18176,0.12336,0.078147,0.077366,0.13814,0.1731,0.14655,0.070774,-0.03535,-0.11234,-0.12008,-0.14005,-0.18955,-0.27078,-0.37743,-0.39922,-0.32449,-0.2005,0.01833,0.18003,0.1604,0.10323,0.14737,0.12181,0.092411,0.092568,0.058962,0.036775,0.051641,0.035077,0.0005826,-0.0071051,-0.012635,-0.036751,-0.048767,-0.071091,-0.1069,-0.0004441,0.16739,0.22435,0.19641,0.11977,0.001678,-0.022221,0.040031,0.02392,-0.033999,-0.087859,-0.10822,-0.11583,-0.12095,0.028991,0.19095,0.23023,0.24219,0.24779,0.21808,0.18926,0.14198,0.061728,0.11597,0.067884,-0.20213,-0.41731,-0.44222,-0.39059,-0.28385,-0.13933,-0.10407,-0.20782,-0.29683,-0.26864,-0.13591,0.07253,0.22352,0.23448,0.18911,0.11864,0.04581,0.023016,0.060883,0.10748,0.13671,0.13188,0.016416,-0.07937,-0.091318,-0.14716,-0.24845,-0.24252,-0.19223,-0.024183,-0.09504,-0.059881,-0.021158,-0.0033307,-0.049119,-0.098979,-0.14541,-0.20872,-0.22582,-0.22271,-0.1759,-0.007292,0.1768,0.21723,0.1623,0.076005,0.054184,0.057301,0.046985,0.093305,0.10631,0.023943,-0.094418,-0.11983,-0.052117,-0.00023637,0.020316,0.011527,0.055142,0.11497,-0.66597,-0.64554,-0.11686,-0.1873,-0.11532,-0.066886,-0.098354,-0.1213,-0.10971,-0.076166,0.033427,0.18327,0.2456,0.18785,0.10849,0.11822,0.24976,0.35275,0.34299,0.27451,0.028334,-0.25102,-0.35055,-0.31082,-0.22411,-0.17106,-0.18149,-0.18592,-0.17282,-0.09325,0.085096,0.21293,0.19361,0.18995,0.32524,0.3797,0.20374,0.01554,0.048211,0.036065,0.042573,0.093314,0.10037,0.084307,0.081253,0.090311,0.028542,0.0052224,0.055739,0.027598,-0.076736,-0.13178,-0.15489,-0.21493,-0.22423,-0.18404,-0.07039,0.097588,0.24022,0.30047,0.26951,0.16781,0.11576,0.095761,0.043141,-0.061597,-0.19129,-0.15243,-0.046434,-0.41794,-0.604,-2.2476,0.21694,-0.079002,-0.17362,0.47697,0.5025,-0.04524,0.086942,1.0786,0.09498,-0.01742,0.27981,0.13203,-0.32946,0.51969,0.2305,-0.18304,0.277,-0.13193,-0.34495,0.43093,-0.017485,-0.075241,-0.2201,0.054965,0.13666,0.29822,0.019513,2.6697,0.22642,-0.9872,-0.82021,-1.1385,0.075337,0.19465,-0.036933,-0.28047,0.29544,0.18502,0.14435,-0.44488,-0.037415,0.1349,0.00038543,0.011576,-0.020738,0.055113,0.069299,0.35603,-0.029817,-0.337,-0.07255,0.18041,0.33205,0.047803,0.17183,0.13515,0.060035,2.3688,-0.59661,-0.014919,-1.6394,-0.63154,-1.141,-0.022792,-0.51452,-0.1486,0.064101,0.27438,-0.25414,0.13459,0.35697,-0.0054294,-0.37704,-0.17059,0.48487,0.11477,0.26092,-0.09533,-0.11387,-0.24352,-0.060452,0.34201,0.46047,-0.16814,-0.1499,-0.19778,-0.06554,0.010471,1.0913,0.87638,0.80373,0.34741,0.27284,-0.13772,0.20993,-0.06335,-0.32521,-0.36383,0.14224,0.23285,-0.2445,-0.079425,-0.088741,-0.18554,-0.10461,-0.06522,-0.11341,0.080147,0.18153,-0.10028,0.073599,-0.014385,-0.052414,-0.084565,0.22929,-0.24511,-0.4166,3.1001,-0.13232,1.3525,0.90048,0.11389,0.21991,-0.35497,-0.20629,-0.30025,-0.29115,-0.052244,-0.23836,-0.28871,-0.13729,-0.46386,-0.048032,0.15811,-0.27381,-0.064775,0.25285,0.041883,-0.26962,-0.036757,-0.35207,0.33653,0.054678,0.34638,-0.1738,0.14351,-0.015205,-0.039073,1.0381,-1.182,0.025147,-0.77452,-0.44789,0.014944,-0.38802,0.29442,-0.060723,0.14337,0.10055,0.20119,0.31952,0.028247,0.12904,-0.36632,-0.06663,0.19807,-0.13763,0.19961,-0.093224,-0.078128,0.038748,-0.12085,0.095596,0.278,-0.41528,-0.0286,0.12549
0.018238,0.26128,0.43592,0.3763,0.26295,0.18079,0.10282,0.066757,0.09689,0.099735,0.068069,0.06962,0.083662,0.085039,0.027758,-0.050049,-0.09369,-0.1395,-0.14754,-0.073119,0.010465,0.017174,-0.13659,-0.22736,-0.097874,0.03354,0.039784,-0.050173,-0.12651,0.012953,0.23414,0.15833,0.10516,-0.026832,-0.0020217,0.029939,0.01114,-0.0020976,-0.013024,-0.039464,-0.04745,-0.048639,-0.040994,-0.041703,-0.082283,-0.13705,-0.15294,-0.12984,0.032245,0.1653,0.10369,0.083755,0.17149,0.12991,0.019904,-0.014217,-0.065559,-0.09544,-0.097516,-0.034035,0.029965,0.0035152,-0.024144,-0.013011,-0.011855,-0.011157,0.0034851,0.024593,-0.00016138,-0.07411,-0.11487,-0.13876,-0.16456,-0.12441,0.02518,0.12236,0.088399,0.041631,0.049934,0.092882,0.10563,0.12017,0.17201,0.19106,0.1552,0.086112,0.026161,0.018152,0.038069,0.058328,0.081328,0.031893,0.008611,0.11041,0.044973,-0.12793,-0.14878,-0.052816,0.010052,-0.0047977,0.13578,-0.22484,-0.31136,-0.30659,-0.23264,-0.15424,-0.18444,-0.23296,-0.16444,0.019782,0.089483,0.12958,0.15702,0.15547,0.13639,0.089875,-0.021741,-0.12495,-0.12809,-0.056408,0.025726,0.034374,0.022911,0.023846,0.052991,0.07527,0.062415,0.049433,0.049272,-0.0083905,-0.38299,-0.33612,-0.054929,0.040345,-0.17191,-0.20126,-0.18062,-0.075402,0.018257,0.045287,0.051674,0.052207,0.061759,0.07522,0.061459,0.049049,0.079296,0.13259,0.23228,0.4051,0.41269,0.045462,-0.26472,-0.31677,-0.29307,-0.24415,-0.14907,-0.04832,0.027175,0.041043,0.019912,0.047602,0.10332,0.14084,0.1587,0.1277,0.10767,0.060727,-0.045359,-0.087686,-0.065829,-0.028308,-0.052365,-0.0907,-0.12254,-0.13551,-0.10971,-0.08442,-0.079563,-0.048485,-0.017191,-0.01273,-0.043481,-0.11201,-0.11937,-0.073227,0.036345,0.13487,0.16112,0.16008,0.15522,0.2892,0.34494,0.22511,0.18592,0.17147,0.12534,0.12081,0.15584,0.20567,-0.44721,-0.94389,-1.0028,-0.20619,0.004359,-0.096441,0.48713,-0.33009,-0.60944,0.53067,0.68678,0.10234,0.10286,0.19809,0.25849,0.13729,-0.046829,0.10988,0.032093,0.16532,0.25082,-0.14188,-0.16107,-0.085619,-0.046364,-0.034543,0.081342,0.089718,0.049263,0.016135,2.3701,0.012348,0.20883,0.46844,-1.1128,-0.10131,-0.17423,0.39435,0.19162,0.17304,0.12837,-0.10179,-0.85664,-0.16273,-0.19592,0.066886,0.32662,0.23165,-0.13649,-0.29794,-0.023272,-0.15909,-0.25901,0.081113,0.13111,-0.051982,-0.036009,-0.11392,0.1536,-0.11519,2.2718,-0.048048,-0.37924,-0.58416,0.012541,0.78161,-0.66163,-0.42352,0.41819,0.58148,-0.20273,-0.2416,0.0031982,0.4058,-0.28153,-0.21622,-0.19455,0.021582,-0.35695,0.0076354,0.13616,0.29944,0.098378,0.09581,0.32862,0.17162,-0.00015163,0.12067,-0.10507,-0.12334,-0.051071,0.30779,-0.29762,0.26867,0.18661,0.38958,0.40299,0.52176,-0.057527,-0.62607,0.019787,0.27527,-0.12323,-0.41568,0.047896,-0.093677,0.1448,0.20084,-0.26242,0.21089,-0.3265,0.12042,-0.18748,0.10855,-0.056257,0.3111,0.22613,0.069422,0.010652,-0.1016,3.2646,-0.31916,0.43874,0.11468,0.12388,-0.49732,-0.48003,0.64119,0.1567,-0.18478,0.017434,0.1416,0.37104,-0.36718,0.40649,-0.20686,0.010011,0.15577,0.2022,0.20627,-0.14305,0.031621,0.026825,-0.21669,0.15628,-0.14767,-0.18725,-0.26861,-0.0075193,0.22407,-0.173,0.4062,0.068717,-0.0083144,0.0011476,-0.47221,0.10585,0.11589,-0.3282,-0.087538,-0.33052,-0.031866,0.18906,0.31403,-0.35715,0.15919,0.021788,-0.33509,-0.23438,-0.17667,-0.07055,-0.44531,-0.04248,0.18974,-0.043384,-0.13174,-0.15632,-0.182,0.028838,0.21086
-0.13003,-0.10667,-0.13801,0.010411,0.26455,0.30417,0.2908,0.28987,0.24045,0.16067,0.10068,0.092603,0.13279,0.17239,0.18782,0.16039,0.048098,-0.0752,-0.12067,-0.10926,-0.073904,-0.10759,-0.25757,-0.41845,-0.38741,-0.13034,0.066408,0.075642,0.049571,0.10433,0.13257,0.10939,0.16154,0.13318,0.11707,-0.019978,-0.14184,-0.14508,-0.098391,-0.053549,-0.036197,0.0068726,0.025084,-0.034155,-0.099975,-0.12123,-0.098437,-0.061909,-0.067645,-0.0072581,0.049748,0.053787,0.061271,0.051736,-0.025656,-0.10409,-0.11327,-0.11053,-0.093367,-0.072628,0.052642,0.14216,0.14177,0.15574,0.1725,0.1713,0.13189,0.18623,0.14495,-0.049127,-0.028303,-0.14792,-0.2963,-0.35218,-0.31865,-0.17832,-0.052009,-0.095507,-0.19476,-0.14483,-0.065527,-0.020535,0.0047324,0.083681,0.19856,0.22185,0.20475,0.18996,0.12727,0.090191,0.1114,0.13192,0.10263,0.081982,0.047158,-0.05964,-0.15445,-0.21376,-0.2236,-0.22576,-0.088404,-0.069342,-0.03494,-0.08761,-0.15549,-0.22583,-0.20526,-0.13564,-0.14599,-0.089718,6.3491e-05,0.1264,0.22796,0.25796,0.23463,0.16206,0.11347,0.076636,0.040565,0.043175,0.071213,0.12349,0.047651,-0.15788,-0.16601,-0.065585,-0.055851,-0.051422,-0.056259,-0.16499,-0.3461,-0.063291,0.012488,-0.16218,-0.15318,0.031981,0.13388,0.14532,0.12231,0.08716,0.050568,-0.061945,-0.16774,-0.13038,-0.021735,0.086494,0.19706,0.24776,0.20956,0.099032,-0.0023791,-0.051958,-0.063571,-0.041811,-0.076849,-0.12062,-0.077001,-0.029786,-0.0089094,-0.011789,-0.11101,-0.18447,-0.16776,-0.06634,0.054489,0.17293,0.31083,0.28712,0.12137,0.0039459,0.045543,0.029127,0.045005,0.081221,0.087237,0.083173,-0.044926,-0.11709,-0.06057,-0.061745,-0.085104,-0.14062,-0.20644,-0.12276,-0.011417,-0.070841,-0.067625,-0.060696,0.0065272,0.10171,0.13343,0.12361,0.18291,0.19663,0.14067,0.10715,0.025339,-0.050359,-0.034456,0.0007291,-0.74139,-1.2377,-1.6913,-0.1184,-0.85756,-0.3139,1.4876,-0.07855,-0.47722,0.43312,1.1977,0.12033,0.10604,0.15262,0.17095,-0.096229,0.47373,0.31088,0.16291,0.4918,0.073037,-0.016514,0.093351,0.24622,-0.067607,-0.095618,0.066917,0.19239,0.16632,-0.11827,2.5418,0.82702,-0.17661,-0.17566,-0.79105,0.27374,0.0040834,0.73529,-0.79062,0.62399,0.26402,-0.047931,-0.78702,0.1299,-0.02915,-0.10091,0.12103,0.27189,-0.24145,0.015865,0.19656,-0.1578,-0.2209,-0.21765,0.25104,0.18955,0.00039529,0.20664,0.021673,0.036724,2.1416,0.064928,0.61716,-1.3085,0.69415,0.23936,-0.97985,-0.49599,0.08737,-0.047167,-0.051729,-0.33681,0.31857,0.42579,0.031676,0.017939,-0.082055,-0.27817,-0.032891,-0.062721,-0.12765,0.2995,0.050202,0.077209,0.14466,0.28988,0.0107,0.14505,0.28222,-0.22245,-0.18866,1.2123,0.15884,0.80757,0.21334,0.90684,0.49884,-0.33884,0.44611,0.32039,0.20257,0.13169,0.41535,-0.13863,0.073427,0.16931,-0.10985,0.11392,0.097046,0.22018,-0.040792,0.093142,-0.34207,-0.41532,-0.16892,0.20871,0.11518,0.024664,-0.032241,-0.038467,3.0418,-0.77813,0.6512,0.89576,0.094624,0.24997,-1.3216,0.35881,0.053138,-0.15011,0.11729,0.29659,-0.30658,-0.19232,-0.19664,0.00065932,-0.12675,-0.15202,0.00080643,0.14885,-0.16103,0.016625,0.1491,-0.046876,-0.14203,-0.1047,0.013589,0.013827,0.10029,-0.01264,-0.22916,1.2353,-0.31417,-0.030101,-0.38398,-1.2722,-0.043643,-0.16936,0.34972,-0.55033,0.062264,0.15428,0.29968,0.45158,-0.10375,0.26822,-0.37451,-0.31947,-0.13509,-0.13004,0.16777,0.098726,-0.033687,0.063764,-0.083197,-0.12775,0.081716,0.05901,0.057518,0.31503
-0.59715,-0.34297,0.17891,0.05983,-0.047198,0.022955,0.14265,0.15236,0.12546,0.11106,0.087708,0.092742,0.10178,0.10737,0.10075,0.060703,0.00076106,-0.073401,-0.10913,-0.068225,-0.0079142,0.027923,0.038708,0.20802,0.45112,0.52618,0.27292,-0.13777,-0.30894,-0.2244,-0.075948,0.025342,0.089278,-0.033793,-0.083299,-0.016333,-0.011329,-0.073347,-0.067206,-0.064649,-0.11943,-0.16152,-0.19351,-0.10479,-0.031046,-0.039217,0.068194,0.21939,0.28339,0.24854,0.14385,0.02506,0.011462,0.059569,0.041366,0.00057282,-0.042538,-0.059014,-0.057902,-0.048807,-0.028065,-0.0052862,0.0077727,-0.072417,-0.16724,-0.16321,-0.16651,-0.15386,-0.029611,0.17258,0.20874,0.11538,0.22471,0.31651,0.2352,0.17531,0.14768,0.062949,-0.042408,-0.13845,-0.1579,-0.091016,0.022028,0.12286,0.16451,0.15913,0.11062,0.042382,0.024515,0.033688,0.040995,0.051771,0.026962,-0.026592,-0.0069747,0.073143,0.10951,0.12884,0.18689,0.21012,0.46498,0.090191,-0.30597,-0.28646,-0.18009,-0.12618,-0.24803,-0.32383,-0.19707,0.023071,0.10307,0.16055,0.17225,0.1357,0.078883,0.014378,-0.04286,-0.064727,-0.057469,-0.02179,0.032935,0.06118,0.052578,0.24675,0.35913,0.30322,0.27111,0.24311,0.28259,0.25726,0.11967,0.29407,0.28092,-0.064481,-0.32984,-0.47885,-0.44331,-0.35501,-0.30559,-0.25119,-0.21342,-0.20743,-0.1762,-0.18412,-0.15043,-0.010107,0.17996,0.38816,0.52864,0.5486,0.41264,0.037032,-0.28706,-0.34331,-0.29087,-0.2285,-0.15234,-0.09797,-0.05284,0.033243,0.13239,0.196,0.17766,0.087515,-0.051367,-0.23722,-0.36403,-0.26305,-0.16351,-0.16237,-0.17176,-0.17458,-0.17422,-0.16213,-0.11237,-0.097565,-0.12554,-0.10137,-0.064177,-0.024474,0.028046,0.021474,-0.033775,-0.089881,-0.16676,-0.20091,-0.16033,0.0086715,0.15126,0.16032,0.13088,0.088965,0.088604,0.14106,0.18573,0.20699,0.25509,0.29036,0.35381,0.42992,-0.29035,-1.3433,0.32084,-0.34639,0.50809,-0.25066,0.045044,0.30848,-0.74288,0.11446,0.88703,-0.1582,0.22019,-0.61267,0.43457,0.04678,0.31243,0.032679,0.34824,0.68622,0.14613,-0.097899,-0.090982,-0.22955,0.13317,-0.26164,0.068473,-0.015114,-0.16668,0.115,2.4709,0.05412,0.99789,1.2284,-1.6549,-0.19089,0.43121,-0.10556,0.33091,0.42332,-0.4316,-0.048898,-0.85574,-0.6396,-0.16871,0.97342,-0.3034,0.65885,0.12624,-0.11856,0.29117,-0.22462,-0.17508,-0.019219,-0.02935,0.27015,-0.24964,-0.40731,0.48218,-0.2647,2.1824,0.39563,-0.80215,0.60277,-0.42478,0.31971,-0.10999,-0.2856,0.62915,0.13039,0.40167,-1.0399,0.079599,-0.24948,0.46284,-0.49025,-0.1108,-0.23043,-0.21519,0.19825,0.5227,0.13975,0.33449,0.19593,0.23487,0.48273,0.36659,0.14549,-0.054001,0.28152,-0.043284,-0.0017505,-1.1384,-0.56109,-0.32751,-0.16997,0.21179,0.60132,0.23568,-0.35076,0.30875,-0.25255,-0.72023,-0.37105,0.71225,0.31823,-0.32399,-0.03941,0.32973,0.27421,-0.058047,-0.18876,-0.25965,-0.10006,-0.17795,0.1466,0.19011,0.22945,-0.23013,-0.0591,3.0525,-0.22054,-0.62229,-0.62408,0.84877,-0.77539,-0.061623,0.48428,-0.37163,-0.59565,0.31499,-0.078418,0.77466,0.33694,0.031135,0.1126,-0.3625,-0.44182,-0.1156,0.49799,0.10402,0.23541,0.040725,-0.35044,0.30828,0.21754,-0.41343,0.082991,-0.39852,-0.34344,-0.12941,0.087155,0.97371,0.1963,0.67995,0.31826,0.41783,0.22173,-0.20879,-0.10099,-0.28176,-0.37304,0.065475,-0.054806,0.47125,0.74331,-0.25087,-0.41264,-0.72055,-0.041838,-0.30472,-0.22435,-0.26661,0.21524,0.079546,0.058534,0.23775,-0.31978,0.22965,0.074936
-0.11348,-0.097508,-0.098235,0.0084548,0.074986,0.1284,0.17201,0.17018,0.13494,0.09671,0.068268,0.080988,0.13197,0.18047,0.19558,0.1579,0.016997,-0.12268,-0.17181,-0.17989,-0.19636,-0.19187,-0.20877,-0.25366,-0.2146,-0.091767,0.042824,0.12387,0.11608,0.078831,0.14352,0.091328,0.15589,0.36057,0.38014,0.098896,-0.035619,-0.04621,-0.035327,-0.025904,-0.023837,0.025746,0.053949,0.014293,-0.048224,-0.087801,-0.055931,-0.025139,-0.036389,-0.083556,-0.071291,-0.04189,0.03276,0.11823,0.12134,0.068757,-0.0080856,0.045341,0.12468,0.11474,0.10866,0.1123,0.12605,0.15962,0.1978,0.18114,0.025567,-0.12458,-0.065408,-0.055477,-0.056711,-0.18518,-0.36043,-0.43572,-0.42781,-0.33151,-0.17447,-0.085258,-0.16938,-0.27495,-0.29764,-0.26773,-0.18134,0.028066,0.22532,0.2359,0.17409,0.098315,0.036195,0.060845,0.13768,0.17439,0.13157,0.09073,0.069195,-0.029436,-0.085664,-0.09022,-0.035996,0.0080214,-0.040326,-0.099679,-0.17107,-0.25472,-0.28445,-0.13704,0.035261,0.0019405,0.014449,0.049019,0.12966,0.22526,0.29024,0.32281,0.2943,0.21127,0.19732,0.19879,0.16372,0.15225,0.12272,-0.015681,-0.18125,-0.23883,-0.22202,-0.15807,-0.11755,-0.012228,0.089392,0.10064,-0.065373,-0.33464,-0.45925,-0.53177,-0.29614,0.017651,0.09286,0.10675,0.1046,0.10516,0.10894,0.065667,-0.046734,-0.13124,-0.0094697,0.2285,0.34879,0.3406,0.26555,0.17278,0.088825,-0.13545,-0.40669,-0.51313,-0.48047,-0.38434,-0.23263,-0.10313,-0.09975,-0.16766,-0.15945,-0.11671,-0.10614,-0.046768,0.15744,0.33541,0.2221,0.060981,0.11816,0.10983,0.12432,0.077581,0.065304,0.10459,0.11221,0.11218,0.11625,0.091712,0.053985,0.062282,0.074583,0.041182,-0.053455,-0.14813,-0.22599,-0.29381,-0.29095,-0.2374,-0.14271,0.0011572,0.11373,0.12726,0.31078,0.37463,0.25281,0.094032,-0.029269,-0.059894,0.021649,0.11684,-0.33883,-0.54493,-2.1396,0.29223,-0.43135,-0.42253,0.87223,-0.0016026,-0.01524,0.21097,0.88273,0.35297,0.18388,0.18045,0.24227,0.024834,-0.019546,0.022995,0.52179,0.29044,0.28217,-0.14327,-0.18791,-0.17179,-0.064473,-0.012763,-0.17287,0.22158,-0.022871,-0.086863,2.2962,0.49683,-0.90139,-0.6377,-1.1202,-0.14236,0.37126,0.96281,-0.10317,-0.01089,0.5215,0.036347,-0.66507,-0.070217,0.027761,0.014613,0.34718,0.2317,-0.021907,0.037024,-0.011214,-0.16453,-0.21387,0.26237,0.21137,-0.077016,-0.12584,0.078417,0.040141,0.083482,2.2641,-0.8439,0.61145,-1.4591,0.020738,0.087747,-0.73126,-0.30194,0.049317,0.039074,-0.14308,-0.24098,0.31241,0.06948,0.082656,-0.093107,-0.50522,-0.48905,-0.040598,-0.090946,0.14659,0.19022,0.11994,-0.023235,0.055114,0.096958,-0.12256,0.20319,0.11017,-0.035606,-0.33952,0.98734,0.92579,0.72971,0.33296,0.53582,0.53447,-0.20892,0.06194,0.0045245,-0.097655,-0.080884,0.21964,-0.30812,-0.16134,0.36958,-0.17469,-0.16715,0.26581,0.13734,-0.24273,-0.21042,-0.021228,0.17389,-0.14579,-0.067419,-0.12141,-0.25029,0.065834,-0.014074,3.114,-0.24505,1.4545,0.76955,-0.024562,0.40301,-0.93587,0.28035,-0.048149,-0.23769,-0.14641,-0.23851,0.22741,-0.13374,0.090044,-0.17299,0.037931,-0.34292,0.12904,0.089021,0.014166,-0.089029,0.18129,-0.28229,-0.037424,0.04449,0.028343,0.074706,-0.053924,-0.13432,-0.22418,0.89294,-1.0947,-0.1182,-0.4898,-1.1212,0.076554,-0.11459,0.50604,0.03116,-0.28539,0.097104,0.12263,0.50646,-0.10333,0.17429,-0.1173,-0.25776,0.09859,-0.37308,0.016477,-0.036117,-0.27971,0.20094,-0.091382,0.098458,0.17134,0.052623,0.083523,0.10018
0.18967,0.27454,0.2298,0.11994,0.065817,0.040082,0.051495,0.073418,0.085047,0.079505,0.074777,0.086838,0.063463,0.012469,-0.013147,-0.029817,-0.062949,-0.10861,-0.10828,-0.053854,-0.024002,-0.052836,-0.1313,-0.15192,-0.03295,0.10633,0.13663,0.034669,-0.0099117,0.12886,0.25269,0.11225,0.13986,0.14213,0.055005,0.088564,0.047797,-0.038232,-0.070413,-0.062071,-0.072058,-0.07463,-0.07799,-0.090799,-0.12367,-0.1512,-0.01364,0.15369,0.21614,0.21235,0.1287,0.013385,0.014648,0.099048,0.10371,0.055401,-0.01532,-0.057402,-0.067455,-0.065346,-0.056449,-0.047523,-0.040183,-0.027005,-0.021992,-0.05231,-0.067745,-0.016338,0.047833,-0.019175,-0.073656,-0.032657,-0.028115,-0.016038,0.0028486,0.017493,-0.01665,-0.089789,-0.15966,-0.17202,-0.099077,0.014905,0.12392,0.18414,0.18825,0.15681,0.1228,0.11833,0.11638,0.088169,0.078153,0.11465,0.16088,0.086892,-0.040357,-0.090759,-0.06629,-0.014791,0.021875,0.03918,-0.44194,-0.34918,-0.18948,-0.20959,-0.27615,-0.28828,-0.13863,0.094001,0.080292,0.097291,0.13163,0.15045,0.15663,0.14573,0.12472,0.1033,0.07146,0.037724,0.043687,0.090479,0.11769,0.091632,0.082861,0.082979,0.083522,0.083606,0.067692,0.069091,0.089577,0.065985,-0.16604,-0.48422,-0.53475,-0.44538,-0.2823,-0.32046,-0.2329,-0.13812,-0.035403,0.017713,0.024256,0.025821,0.021057,0.032941,0.066635,0.14,0.19175,0.25643,0.3662,0.42153,0.30967,-0.02681,-0.35924,-0.48141,-0.45782,-0.37652,-0.25105,-0.15121,-0.10687,-0.06663,-0.014434,0.032147,0.046704,0.073646,0.17275,0.25073,0.23214,0.1651,0.024888,-0.070869,-0.039218,0.0019186,0.015562,-0.039832,-0.080318,-0.044273,-0.052975,-0.049506,-0.0032638,0.0049027,-0.041695,-0.078786,-0.065647,-0.077463,-0.11715,-0.1188,-0.039035,0.032213,0.013576,0.029861,0.066992,0.091162,0.093961,0.25517,0.31177,0.22256,0.18589,0.18161,0.24184,0.3154,-0.29852,-0.54877,-1.2913,-0.020036,-0.11949,0.030616,0.21477,-0.025715,-0.76261,0.49298,0.54029,0.49216,0.026801,-0.13481,0.20422,0.063944,-0.082784,0.23571,0.30064,0.25655,0.12078,-0.011948,-0.16839,-0.18653,0.05793,0.15595,-0.049504,0.28811,-0.069177,0.13939,2.4672,0.38249,-0.35571,0.42292,-1.1408,-0.044671,-0.2922,-0.053368,0.19442,-0.19294,0.18794,-0.072796,-0.70436,-0.090701,0.089789,0.18023,0.055956,0.33968,0.077756,-0.070118,-0.10974,-0.25731,-0.028443,0.15333,0.056649,0.026872,-0.0051785,-0.17842,0.045168,-0.05927,2.3729,-0.56751,0.013349,-0.74535,-0.38171,0.91707,-0.26197,-0.53147,0.48554,0.45033,-0.0026341,-0.20592,0.04987,0.058872,0.0026128,-0.079426,-0.16203,-0.4145,-0.26116,0.046893,0.31431,0.024084,0.014084,0.1134,0.12542,0.02205,0.039071,-0.043096,-0.17968,0.087607,-0.057763,0.49372,0.20664,0.35622,0.15488,0.28942,0.25581,0.8624,-0.15967,-0.55806,-0.1555,0.16789,-0.26072,-0.32765,0.12243,0.12038,-0.07196,-0.055032,0.30864,0.10167,-0.10006,-0.053101,0.12588,0.20196,-0.064584,-0.26474,-0.12347,-0.12814,0.25156,-0.19231,3.14,0.048455,0.85261,0.32589,-0.12528,-0.28258,0.038746,0.57473,-0.15234,-0.48937,-0.10206,-0.043253,0.31465,-0.012424,0.19882,0.15175,-0.071713,-0.35437,0.0401,0.13496,-0.074187,0.17356,-0.086383,0.0034941,0.12466,0.15297,-0.04094,-0.12532,-0.057113,0.00068002,-0.16815,0.48995,-0.48898,0.11189,-0.22187,-0.30621,0.081993,0.15267,-0.17521,0.26103,-0.41257,0.035679,0.42303,0.27309,-0.009614,0.37912,-0.18224,-0.22643,-0.22656,-0.40364,0.10266,-0.26242,-0.23354,-0.034301,-0.22831,0.090509,0.14757,-0.14589,0.00044611,-7.9198e-05
-0.24395,-0.18313,0.0046176,0.080951,0.13638,0.23148,0.29634,0.27405,0.23767,0.18013,0.10468,0.084525,0.11711,0.13864,0.13857,0.11105,-0.0012879,-0.10093,-0.076922,-0.031566,-0.041429,-0.082627,-0.14808,-0.2305,-0.27132,-0.17346,0.0093993,0.06177,0.027678,0.065931,0.2111,0.27655,0.40367,0.26932,0.084597,0.12164,0.096718,0.028347,-0.023012,-0.05859,-0.10131,-0.06886,-0.036104,-0.060054,-0.11196,-0.17102,-0.18365,-0.069814,0.069654,0.10644,0.080472,0.079836,0.075974,0.042523,0.044102,0.0098763,-0.037429,-0.067876,-0.030704,0.019151,0.026437,0.027772,0.037011,0.058202,0.081207,0.03949,-0.030354,-0.013189,0.044421,-0.0073173,-0.077701,-0.10428,-0.14981,-0.21885,-0.27399,-0.26812,-0.18132,-0.10151,-0.065915,-0.065651,-0.099463,-0.096754,0.016603,0.13483,0.16606,0.15574,0.14559,0.16414,0.17115,0.18223,0.18623,0.048852,-0.043901,-0.016412,-0.045595,-0.13494,-0.15697,-0.049683,0.045986,0.059072,0.37209,0.046334,-0.22572,-0.20519,-0.16186,-0.224,-0.18451,-0.069889,-0.092236,-0.07267,0.036915,0.16777,0.23071,0.24051,0.20174,0.13359,0.15055,0.16814,0.11885,0.12624,0.18846,0.19653,0.1356,0.040964,-0.018651,0.0063123,0.045325,0.054362,0.070074,0.062249,-0.13667,-0.29439,-0.25577,-0.24261,-0.26424,-0.34925,-0.30791,-0.24304,-0.17266,-0.10967,-0.0385,-0.025077,-0.038655,-0.05019,-0.067136,-0.045576,0.026437,0.050481,0.085902,0.14126,0.12255,-0.016468,-0.24499,-0.35757,-0.34702,-0.29591,-0.21599,-0.1323,-0.073149,-0.0455,-0.03227,-0.00087861,0.032737,0.058415,0.080554,0.1185,0.19122,0.22868,0.17067,-0.0032174,-0.066174,-0.04875,-0.015151,0.018345,0.054047,0.092781,0.12293,0.044275,-0.04506,-0.048431,-0.046773,-0.08105,-0.069021,-0.046981,-0.10705,-0.12995,-0.034831,0.074435,0.098152,0.12822,0.091475,0.18257,0.25574,0.1782,0.054768,0.0003005,0.010368,0.07239,0.18193,0.25579,-0.45292,-0.91745,-1.4236,-0.043499,-0.23269,-0.093222,0.78336,0.062225,-0.3969,0.47864,0.95044,0.1453,-0.052095,0.27565,0.20074,0.26682,-0.075738,0.3687,0.22071,0.073139,-0.11363,0.098808,-0.0065441,-0.17425,-0.069054,-0.11183,-0.28409,0.12705,0.15224,-0.12741,2.7762,0.32949,-0.12466,-0.16277,-1.2461,-0.20805,0.42912,0.4382,0.00323,0.16352,0.2975,-0.2309,-0.94509,-0.017007,0.073947,-0.097829,-0.022274,0.3916,-0.39455,-0.50906,0.26793,0.0087375,-0.089838,0.033676,-0.13016,0.18231,0.034324,0.081577,0.024608,0.024215,2.3106,-0.29691,0.050901,-0.91216,-0.40272,0.27967,-0.38525,-0.49665,0.26987,-0.18401,-0.0050287,-0.38122,0.10909,-0.020527,-0.55802,-0.062536,0.3887,0.023258,-0.21912,-0.2175,0.18763,-0.067955,0.038075,-0.012854,0.32944,0.27613,-0.23196,0.21247,-0.16934,0.05774,-0.081465,0.65435,0.19647,0.49876,-0.055258,0.39231,0.31994,0.27925,0.18085,-0.098185,0.036474,0.21443,0.18315,-0.22008,0.1484,-0.27079,0.34341,0.36433,0.04198,-0.099834,-0.044805,0.20331,-0.06797,-0.01029,0.13368,0.028767,-0.080962,-0.16659,-0.098799,-0.13682,3.1263,-0.036941,0.72267,0.38202,-0.26207,-0.038545,-0.66458,0.41287,0.14294,-0.32857,-0.20038,0.11047,-0.22343,0.021241,0.12286,0.41319,-0.070846,0.040981,-0.16035,0.40628,-0.22893,0.070442,-0.11956,-0.21026,-0.015655,-0.1158,-0.052487,-0.015373,-0.095309,0.032502,-0.21241,0.6577,-0.44042,0.058172,-0.22965,-0.54318,-0.043802,0.13435,0.53479,0.15708,-0.26373,0.17316,0.26225,0.32261,-0.33033,0.29259,0.079603,-0.24105,-0.15054,-0.51518,0.16547,0.0038893,0.33111,-0.14643,-0.39394,-0.12737,0.13953,-0.058616,0.054723,0.21614
0.3972,0.43084,0.33711,0.25408,0.26428,0.35538,0.32731,0.26648,0.25242,0.2173,0.1289,0.086361,0.098531,0.091308,0.061091,-0.057751,-0.16985,-0.15911,-0.14181,-0.16086,-0.19508,-0.28024,-0.37838,-0.33952,-0.11099,0.15787,0.30335,0.21669,-0.0043749,0.023239,0.20508,0.14879,0.085421,0.089515,0.17478,0.18986,0.12736,0.023464,-0.063267,-0.10717,-0.09353,-0.071444,-0.081786,-0.10182,-0.12987,-0.14725,-0.11261,-0.038258,0.0064757,-0.023613,0.012874,0.11197,0.19607,0.21454,0.18432,0.094641,-0.049523,-0.10813,-0.088357,-0.073375,-0.076054,-0.081065,-0.05808,-0.026479,-0.0478,-0.10674,-0.10482,-0.0047004,0.067262,0.10917,0.17453,-0.14191,-0.44462,-0.44048,-0.29029,-0.1466,0.011507,0.065866,0.029852,0.046924,0.0919,0.17216,0.23654,0.2257,0.17354,0.10335,0.099759,0.14765,0.16329,0.18609,0.20152,0.094036,0.037344,0.08725,0.027541,-0.075855,-0.12495,-0.11964,-0.12817,-0.16321,-0.70231,-0.4904,-0.23747,-0.16831,-0.16505,-0.22643,-0.30993,-0.21458,-0.044078,-0.05004,0.04226,0.14276,0.16372,0.13923,0.07349,0.081555,0.092955,0.053903,0.053432,0.097052,0.11532,0.030787,-0.087602,-0.062665,0.0057455,0.050905,0.062887,0.045922,0.075013,0.026083,-0.20826,-0.13109,-0.1556,-0.32547,-0.34989,-0.21121,-0.084134,-0.051722,-0.048981,0.0096254,0.033263,0.031561,0.023106,-0.015102,-0.075826,-0.042256,0.10117,0.23618,0.29327,0.2309,0.063006,-0.19807,-0.33807,-0.2792,-0.19623,-0.14113,-0.064231,-0.0071876,-0.024578,-0.090442,-0.13458,-0.12264,-0.038008,0.13456,0.33927,0.40063,0.31534,0.17687,0.063968,0.075957,0.11916,-0.032682,-0.098455,-0.11369,-0.15016,-0.14695,-0.12906,-0.10633,-0.090844,-0.098451,-0.1248,-0.094528,-0.078025,-0.14001,-0.14745,-0.11155,0.0061195,0.10877,0.12891,0.16979,0.15206,0.31028,0.42419,0.34655,0.24253,0.15059,0.10793,0.12517,0.12611,0.12667,-0.40616,-0.89467,-1.2255,0.18415,-0.16276,-0.23372,0.4867,-0.20422,-0.2175,0.71073,1.2738,0.19345,0.22329,0.38811,-0.076038,0.21662,-0.017612,0.00083152,-0.016916,0.17633,0.036767,0.14719,-0.65457,-0.087821,0.21958,-0.17178,-0.32189,0.25852,-0.047574,0.12893,2.2809,0.13351,-0.19486,0.17698,-1.261,0.029349,-0.037993,0.61559,-0.064101,0.19027,0.76451,-0.38579,-0.8038,0.054494,-0.36579,0.039059,0.094039,-0.13762,-0.42169,-0.28723,0.14328,0.040399,-0.051349,-0.023002,0.1119,0.13777,-0.22905,-0.088936,0.034595,-0.12007,2.1497,-0.38224,-0.28121,-0.67015,-0.24249,-0.44542,-0.81818,-0.99842,0.46225,0.115,-0.46063,-0.48018,0.51397,0.33141,-0.073242,0.067165,-0.26064,-0.3564,-0.21607,-0.017408,-0.089749,0.16551,0.29797,-0.054446,-0.018836,0.040933,0.15474,0.024337,0.21592,0.1144,-0.17801,0.54057,0.18108,0.22757,0.31359,0.54758,0.32262,0.27379,0.28135,-0.5121,0.053338,0.50564,0.26116,-0.56595,-0.084262,0.0033003,0.20878,-0.10777,0.15961,0.21944,-0.03009,-0.018846,-0.070285,-0.33825,0.33124,0.048564,0.18564,-0.13894,0.1025,-0.090651,3.094,-0.38668,0.82891,0.19196,0.87855,0.027772,-0.17258,0.76192,0.21565,-0.39738,-0.48567,-0.58664,0.02332,-0.4975,-0.10101,-0.07975,-0.071736,-0.067189,0.013913,0.077157,0.067244,0.26649,0.12596,0.050145,0.088126,0.17604,-0.094653,-0.15107,-0.06531,0.063682,-0.25812,0.54756,-0.36382,-0.15298,0.0091589,-0.78462,0.096305,-0.17132,-0.18856,-0.44744,-0.28613,0.1564,0.64869,0.49316,-0.57155,0.18961,-0.19425,0.03315,-0.23697,-0.13321,0.070857,-0.36453,-0.068257,-0.14096,0.1924,0.027735,0.093639,0.20767,-0.10256,0.1903
-0.082441,-0.061665,-0.11084,-0.054223,0.1065,0.14836,-0.01123,-0.11466,-0.022799,0.081004,0.080991,0.090202,0.10181,0.055758,0.047661,0.092046,0.048364,-0.061896,-0.14794,-0.19145,-0.29288,-0.40642,-0.41931,-0.21671,0.11152,0.30419,0.40858,0.39429,0.2559,0.055849,-0.090048,-0.14484,0.054052,0.4684,0.4352,0.13351,0.0028191,-0.08972,-0.082089,-0.015751,0.062864,0.14058,0.15083,0.13474,0.13199,0.11599,0.0069126,-0.12046,-0.096291,-0.087994,-0.11057,-0.082696,0.033908,0.11333,0.10422,0.04199,-0.01456,-0.044029,-0.069832,-0.088965,-0.097616,0.032298,0.16322,0.19305,0.22466,0.22374,0.17368,0.19845,0.14861,0.01038,0.045151,-0.0066036,-0.15967,-0.37802,-0.46406,-0.45638,-0.35576,-0.32243,-0.39219,-0.45063,-0.44253,-0.35993,-0.15904,0.052383,0.13884,0.16336,0.13619,0.072479,0.087757,0.16116,0.18125,0.22149,0.24434,0.17359,0.09832,0.021667,-0.089049,-0.11183,-0.045972,-0.0092952,-0.21336,-0.1573,-0.081332,-0.077155,-0.10011,-0.11284,-0.052846,0.0088416,0.016818,0.052116,0.10083,0.15135,0.16977,0.29742,0.41044,0.397,0.32534,0.23887,0.1824,0.13219,-0.033648,-0.23855,-0.21121,-0.092568,-0.056544,-0.086245,-0.1372,-0.16308,-0.1325,0.0076772,0.16037,-0.43849,-0.59483,-0.41555,-0.24642,-0.065277,0.052436,0.13117,0.12702,0.044846,-0.034754,-0.11326,-0.18915,-0.13917,0.038448,0.17115,0.17817,0.14164,0.17184,0.17891,0.097961,-0.15084,-0.43874,-0.53311,-0.46608,-0.35093,-0.28679,-0.29037,-0.27975,-0.2452,-0.1914,-0.19579,-0.19341,-0.13872,-0.029581,0.15201,0.35872,0.43419,0.32369,0.19042,0.20218,0.17104,0.10499,0.07709,0.12978,0.16857,0.18947,0.12802,0.10949,0.17296,0.17252,0.10163,0.026591,-0.062123,-0.17698,-0.2474,-0.25661,-0.17972,-0.012282,0.10423,0.11441,0.13344,0.085672,0.20523,0.27637,0.16687,0.029963,-0.01241,0.075282,0.15933,-0.13033,-0.34378,-2.2922,0.14188,-0.71855,-0.80103,1.1829,0.18611,-0.1552,0.015232,0.525,0.49175,0.44317,0.18946,0.10739,0.12389,0.55754,0.19884,0.23343,0.37583,0.5126,-0.13399,-0.14171,-0.43253,-0.12814,0.39144,-0.30756,0.36725,0.068658,0.183,2.3809,0.61157,-1.2134,-0.65169,-1.2158,0.49971,-0.47041,0.57632,-0.71949,-0.12192,0.66334,0.12908,-0.48763,-0.26286,0.52285,0.34516,0.18872,0.095911,0.17865,0.029712,0.28796,0.054534,-0.058794,0.073506,0.2351,-0.17141,0.32934,0.14095,0.048995,0.1955,2.0602,-1.0464,0.83091,-1.6001,-0.19736,-0.23356,-0.70841,-0.088856,-0.069659,0.38158,-0.0059512,0.040198,0.59904,0.17735,0.64633,-0.091679,-0.25505,-0.12702,-0.015313,0.055626,0.093784,-0.040478,-0.02293,-0.17813,-0.041294,0.058108,-0.18109,0.088708,-0.044457,0.17271,-0.35222,1.509,1.3605,0.81442,0.25507,0.24126,0.65435,-0.30499,-0.12851,0.13176,-0.16029,-0.029778,0.20395,-0.43109,-0.14762,0.55854,-0.072981,-0.11277,0.39855,0.15926,0.18858,0.3399,-0.16785,0.04414,-0.19766,0.4037,-0.051494,-0.034745,-0.22445,-0.00050817,2.8186,-0.25801,1.5994,0.75016,0.016145,0.89747,-0.39188,0.013075,-0.17072,-0.11406,-0.085272,-0.49069,0.36486,-0.029647,-0.54717,0.10703,0.072541,-0.4881,0.22939,0.12296,-0.17289,0.11581,0.31143,-0.45386,-0.15688,-0.086675,0.10256,0.16417,-0.092226,0.085039,-0.31323,1.3906,-1.6705,0.098794,-0.64264,-0.80929,0.44972,-0.78028,-0.16053,-0.27663,0.052495,-0.076573,-0.068651,0.21156,-0.062984,0.27987,-0.77528,0.21264,-0.1809,0.20513,-0.18151,-0.26918,-0.084011,0.12226,-0.10545,0.092245,0.037825,-0.34936,0.35526,-0.2853
-0.21862,-0.1427,0.0737,0.18328,0.12627,0.10397,0.10382,0.1581,0.18166,0.13456,0.090325,0.078608,0.086105,0.091594,0.081361,0.042114,-0.025666,-0.090435,-0.11217,-0.1017,-0.068977,-0.068164,-0.108,-0.076363,0.02004,0.095996,0.16357,0.13322,-0.0053629,-0.13386,-0.1375,-0.024539,0.086674,0.13172,0.19798,0.20528,0.14104,0.050403,-0.012183,-0.046623,-0.070163,-0.081059,-0.061974,-0.051867,-0.093538,-0.14338,-0.15047,-0.12174,0.0095119,0.1091,0.080803,0.075211,0.11849,0.062251,-0.031581,-0.064084,-0.10558,-0.1112,-0.088936,-0.022837,0.031297,0.038839,0.054458,0.07495,0.14947,0.12271,0.076875,0.041121,-0.13465,-0.083324,-0.12969,-0.21549,-0.22951,-0.10455,0.093692,0.16811,0.095456,0.041178,0.039152,0.0068673,-0.027001,-0.026293,0.055509,0.14991,0.17584,0.15295,0.065973,0.015857,0.02998,0.054503,0.082782,0.10873,0.03048,-0.030603,-0.051838,-0.14899,-0.19619,-0.13439,-0.028039,0.0071493,0.1293,-0.013053,-0.2092,-0.28223,-0.27939,-0.15841,-0.047057,-0.091958,-0.092276,-0.052752,0.029122,0.096675,0.13018,0.13855,0.10961,0.046179,-0.018865,-0.067474,-0.082406,-0.012464,0.074696,0.066169,0.015751,-0.0020485,0.064466,0.10261,0.074692,0.06379,-0.022938,-0.11926,-0.082231,0.055845,0.014426,-0.1966,-0.30962,-0.27952,-0.16754,-0.061732,-0.030382,-0.029908,0.0099644,0.05571,0.081331,0.076024,0.050782,0.05118,0.095114,0.14572,0.15067,0.1359,0.10062,-0.025609,-0.13008,-0.19671,-0.23018,-0.18152,-0.096648,-0.040556,-0.032838,-0.02697,0.0065425,0.040759,0.077893,0.1236,0.25994,0.46114,0.44817,0.1309,-0.12066,-0.012229,-0.071357,-0.15977,-0.17973,-0.17643,-0.155,-0.11888,-0.048418,0.023179,0.032018,0.041019,0.044796,0.01283,-0.012381,-0.041821,-0.094239,-0.097489,-0.0011301,0.12341,0.18745,0.2015,0.17559,0.12154,0.17611,0.2007,0.098339,0.010951,-0.023197,0.0083159,0.12616,0.21094,-0.6224,-0.942,-1.035,-0.1136,-0.36068,-0.16511,1.1519,0.15816,-0.60196,0.72566,0.60892,0.097548,0.085091,0.10027,0.42072,0.0128,0.30238,0.090311,-0.017207,-0.14599,0.092255,-0.16673,-0.18321,-0.25538,-0.33958,0.035619,-0.32429,0.34516,0.074298,0.082879,2.7639,0.18409,0.14844,0.16083,-1.1318,0.16771,-0.062342,0.096702,-0.31937,0.39997,-0.12058,-0.37661,-0.79517,-0.21505,-0.065698,0.10774,0.22073,-0.035479,-0.39046,-0.26598,0.26275,0.068678,0.027475,-0.054871,-0.093531,-0.090463,0.23536,0.042627,-0.082658,-0.014753,2.3972,0.20868,-0.15014,-0.8796,0.22316,0.41035,-0.3546,-0.18798,0.57969,0.0055596,-0.15089,-0.50063,0.12889,0.39278,0.049245,-0.085612,-0.11933,0.051033,-0.51734,-0.26779,-0.25358,0.0051675,0.15451,0.059258,0.21495,0.15871,0.050865,-0.089176,-0.071291,0.14711,-0.092589,0.56656,-0.27716,0.33852,0.16734,0.39354,-0.087259,0.17068,0.044953,-0.67972,-0.086197,0.24081,-0.16621,0.029854,-0.043041,0.096549,0.16872,-0.21782,-0.039465,-0.12315,-0.36103,0.33496,0.04412,-0.19186,-0.020353,0.095357,0.28729,-0.24338,0.054911,-0.11636,3.2977,-0.19425,0.28931,0.42971,0.1827,-0.22407,-0.6049,0.18167,0.22648,-0.37093,0.0049741,0.14545,-0.052993,-0.05844,-0.26483,-0.1838,0.18187,0.31697,0.22753,0.51871,-0.23465,0.0368,-0.079379,-0.012647,-0.23174,-0.30004,-0.16484,0.02852,-0.17998,0.08196,-0.17255,0.63763,0.0070285,0.0098292,-0.090635,-0.49164,0.011963,-0.12172,0.13375,-0.1658,-0.1766,0.042626,0.23337,-0.0032393,-0.43905,0.099748,-0.30725,-0.13644,-0.50221,-0.011339,0.18846,-0.41684,0.35463,0.31379,-0.15555,-0.037966,0.035652,0.043873,0.0016224,0.27308
-0.21434,-0.15128,0.16403,0.19279,0.083427,0.03173,0.13268,0.22405,0.19405,0.13919,0.095254,0.089671,0.11809,0.13273,0.11779,0.07403,-0.021217,-0.093859,-0.10171,-0.069187,-0.026755,-0.048578,-0.11538,-0.20194,-0.25707,-0.12502,0.1382,0.25545,0.21279,0.13688,0.062871,0.092201,0.13247,0.1146,0.10583,0.063576,0.041924,-0.023039,-0.09636,-0.11064,-0.10423,-0.11929,-0.10245,-0.095134,-0.13313,-0.16586,-0.035259,0.11923,0.15999,0.15341,0.10296,0.01943,0.0177,0.072917,0.050433,-0.0055705,-0.060841,-0.035018,0.01351,0.02118,0.016712,0.04299,0.071714,0.10535,0.13454,0.11663,0.040424,-0.058659,0.019646,-0.041477,-0.2585,-0.30301,-0.30469,-0.30422,-0.304,-0.22805,-0.11603,-0.036565,-0.036728,-0.096689,-0.094221,-0.0061783,0.050904,0.11592,0.18028,0.17522,0.15287,0.15296,0.11423,0.097202,0.12444,0.14828,0.10403,0.085429,0.10548,0.052406,-0.028397,0.0076705,0.13858,0.1721,0.5859,0.1411,-0.25753,-0.30104,-0.29565,-0.3139,-0.22378,-0.075414,-0.084779,-0.043577,0.01994,0.11297,0.18628,0.19074,0.14477,0.068275,0.047644,0.061024,0.12771,0.22013,0.25783,0.23771,0.12594,-0.054223,-0.10322,-0.0014041,0.052273,0.042418,-0.04702,-0.14213,-0.10182,0.099271,0.033005,-0.20175,-0.25929,-0.23916,-0.2166,-0.14973,-0.075284,-0.043033,-0.042685,-0.013299,-0.011734,-0.0090882,0.011246,0.074347,0.12091,0.16511,0.21467,0.21452,0.11277,-0.15049,-0.37901,-0.42247,-0.3485,-0.25113,-0.13878,-0.045145,-0.018085,-0.059757,-0.10114,-0.14972,-0.17473,-0.022739,0.33071,0.42557,0.1821,0.010957,0.13453,0.068273,0.028724,0.079777,0.091498,-0.035933,-0.13896,-0.12374,-0.10249,-0.079676,-0.060193,-0.036599,-0.048662,-0.12492,-0.21538,-0.12939,0.029714,0.02114,0.059323,0.062318,0.12535,0.20751,0.21844,0.18919,0.26257,0.28924,0.20866,0.12128,0.12112,0.2007,0.31735,0.40953,-0.56049,-0.99287,-1.1672,0.064487,-0.22626,-0.033418,0.475,-0.48394,0.061099,0.62026,1.134,0.077061,-0.33113,0.056631,0.1279,-0.27541,0.22871,0.1302,-0.078305,0.093448,-0.32256,-0.24779,0.0049293,-0.18953,-0.085201,0.026825,-0.18316,0.17503,0.14828,-0.22907,2.4767,0.21684,-0.024379,0.44019,-0.88096,-0.14597,0.23969,0.78677,0.03498,0.26348,0.35115,-0.40979,-0.47779,0.023425,0.099484,-0.16249,0.22866,-0.069925,-0.10992,-0.13969,0.26612,-0.078567,-0.13217,-0.083469,0.12335,0.27301,-0.061436,0.035663,-0.047609,-0.090027,2.3337,-0.22209,-0.24823,-0.76752,-0.45556,0.22721,-0.90879,-0.64932,0.23665,-0.21946,-0.075695,-0.39047,0.21447,0.39735,-0.031444,-0.082226,0.050739,-0.15073,-0.099493,-0.10557,-0.16998,-0.20448,-0.11404,0.18787,0.30131,0.24658,-0.25532,-0.13902,-0.21299,-0.0925,-0.10699,0.26435,0.043167,0.31303,0.0797,0.79473,0.54928,0.12846,0.24985,-0.26403,0.041062,0.50514,0.15418,-0.24865,0.055725,0.25729,-0.03231,0.066325,0.16208,-0.094633,-0.083097,0.0039313,-0.00029407,-0.36744,0.16976,0.057071,0.13084,0.030009,-0.050399,-0.048036,3.3752,0.12318,0.68998,0.57173,1.4628,0.42023,0.21038,0.70975,-0.23023,-0.36919,-0.0016697,0.14934,-0.29969,-0.13865,-0.18902,-0.026293,0.18658,-0.22446,0.19148,-0.08683,-0.16683,0.19548,0.0044212,0.089613,-0.15365,-0.21641,0.073612,-0.12239,-0.07531,0.11432,-0.14425,0.33366,-0.10318,0.054835,-0.090237,-0.90916,-0.090998,-0.31644,-0.345,-0.5731,-0.14577,0.27088,0.30628,0.14959,-0.44273,0.21786,-0.49178,-0.10707,-0.24146,-0.10044,0.13858,-0.038944,0.071309,0.0063647,-0.042638,0.059967,0.15362,-0.085047,0.080173,0.015579
-0.42453,-0.35414,-0.099874,0.087211,0.25514,0.23454,0.19529,0.2241,0.24593,0.20643,0.13705,0.081112,0.093721,0.12689,0.14115,0.1267,0.079368,-0.024013,-0.11791,-0.12117,-0.11296,-0.14094,-0.21838,-0.31312,-0.26574,-0.067934,0.040009,-0.019445,-0.06898,-0.02021,0.17662,0.10719,0.41365,0.39692,0.19269,0.14708,0.058191,-0.01988,-0.048787,0.013632,0.029617,-0.017172,-0.033685,-0.047785,-0.071817,-0.092053,-0.016191,0.051945,0.084892,0.12816,0.10974,0.010768,-0.013244,0.048133,0.031656,-0.024186,-0.059451,-0.066011,-0.079968,-0.091166,-0.087851,-0.016873,0.056395,0.074138,0.090171,0.046793,-0.039511,-0.039312,0.077467,0.13831,0.069647,-0.1146,-0.31951,-0.35191,-0.27058,-0.11856,-0.10491,-0.22267,-0.26235,-0.19804,-0.12193,-0.011805,0.12938,0.19874,0.19063,0.14579,0.12444,0.14872,0.1595,0.17371,0.17944,0.083559,-0.0055638,0.071647,0.16922,-0.025578,-0.2575,-0.23104,-0.0082276,0.13206,0.50491,0.21264,-0.13588,-0.1664,-0.1718,-0.20944,-0.15401,-0.10035,-0.19366,-0.22096,-0.1696,0.0060428,0.17807,0.23644,0.22413,0.16813,0.10245,0.071696,0.053393,0.05088,0.13041,0.17014,0.090025,-0.026319,-0.027689,0.001481,-0.027113,-0.032707,-0.01156,-0.015414,-0.62247,-0.66492,-0.33059,-0.18842,-0.1479,-0.11192,-0.011761,0.070392,0.10887,0.097517,0.030077,-0.058955,-0.072055,-0.032142,0.055955,0.17949,0.14335,0.052033,0.081178,0.15705,0.1585,-0.036896,-0.27678,-0.36961,-0.32818,-0.24331,-0.19448,-0.21216,-0.22331,-0.19526,-0.12097,-0.046269,0.0016721,0.030177,0.058394,0.13129,0.27912,0.41516,0.43151,0.16474,-0.011149,-0.0079186,0.068165,0.082735,0.071864,0.073832,0.014038,-0.00099785,0.034292,-0.0017211,-0.050781,-0.084144,-0.084568,-0.10193,-0.13526,-0.12382,-0.0068669,0.10331,0.12478,0.15638,0.12436,0.1475,0.22839,0.2672,0.26668,0.18011,0.027958,0.037227,0.080273,0.04921,-0.35055,-0.58535,-2.1929,0.17997,0.1051,-0.1933,0.45181,-0.16495,-0.25441,0.41665,0.787,-0.19728,0.048163,0.2512,0.23244,0.322,-0.12761,0.3756,0.056034,0.046654,-0.052164,-0.013396,-0.34301,-0.41054,-0.40265,0.15981,-0.14638,0.070724,0.018764,-0.14919,2.2302,0.24629,-0.68505,-0.1115,-0.80577,0.37766,-0.64734,0.27862,-0.41847,0.4661,0.1054,0.039986,-0.75196,-0.052025,-0.059039,0.028389,0.010334,0.37347,-0.3284,-0.28109,0.031634,-0.12719,-0.23167,0.20784,0.10376,-0.07026,0.088783,0.0041475,-0.029601,-0.077103,2.3048,-0.20431,0.14783,-1.6477,-0.23652,-0.072591,-0.39492,-0.18392,0.0084335,-0.10992,-0.35761,-0.82986,-0.19055,0.17296,-0.16265,-0.15997,0.23986,0.19779,-0.023704,-0.028655,0.25012,0.10501,0.020679,-0.043741,0.16249,-0.23131,-0.30524,-0.070715,-0.11591,0.26714,-0.24059,0.97207,0.56348,0.86797,0.42081,0.63946,0.35091,0.20134,0.2456,-0.30727,0.09881,0.083681,-0.084579,-0.29632,-0.058098,0.082194,0.059198,0.19806,-0.11741,0.076256,-0.16534,0.1975,-0.17549,0.1604,-0.25094,0.02045,-0.14111,0.010145,0.0089131,0.080439,3.0921,-0.48101,1.3174,0.70133,-0.49227,-0.16682,-0.80458,0.42995,0.42159,0.18652,0.21317,0.15371,-0.084953,-0.080667,0.29626,0.11425,-0.027942,0.19333,0.13474,0.23718,-0.18178,-0.013362,0.16534,-0.28427,-0.072186,-0.12668,0.13992,-0.22229,0.027151,0.23297,-0.3117,0.89064,-0.73637,-0.080503,-0.69863,-0.9326,0.060955,-0.25757,-0.29269,-0.51624,-0.088054,-0.041962,0.3794,0.16917,-0.09463,0.070791,-0.1092,-0.21881,-0.35356,0.020431,0.21047,-0.28595,0.037147,0.091085,-0.11586,-0.17237,-0.20457,-0.11064,0.12353,0.21815
0.13578,0.14987,0.076143,0.05441,0.078997,0.083282,0.13273,0.18194,0.17053,0.12926,0.099701,0.096537,0.10756,0.1229,0.13125,0.11096,0.004942,-0.11102,-0.18338,-0.21837,-0.26139,-0.35208,-0.35553,-0.10096,0.21353,0.29088,0.1828,0.082879,0.10636,0.1288,0.086875,0.11386,0.20562,0.19189,0.2138,0.21545,0.15303,0.068343,0.022555,0.011584,-0.001201,-0.014677,-0.026094,-0.038018,-0.073725,-0.1233,-0.12435,-0.068704,-0.015339,-0.030228,0.00041983,0.093621,0.1883,0.246,0.24276,0.14982,0.042294,0.015664,0.019212,-0.014508,-0.048491,-0.036565,-0.023309,-0.013393,-0.0063495,-0.016215,-0.029486,-0.00026929,0.10198,0.096372,-0.17441,-0.33647,-0.2937,-0.13312,0.026136,0.1018,0.11033,0.029364,-0.10257,-0.13931,-0.059512,0.025841,0.12439,0.21537,0.22997,0.18979,0.15618,0.16529,0.16731,0.17012,0.17143,0.062786,0.082671,0.21501,-0.064638,-0.34414,-0.32924,-0.25123,-0.29725,-0.36917,-0.58357,-0.37366,-0.14358,-0.19216,-0.28342,-0.31544,-0.20495,-0.029501,-0.044291,0.0121,0.08686,0.11941,0.13054,0.15229,0.1486,0.10461,0.074526,0.046716,0.051058,0.068804,-0.019949,-0.17869,-0.16881,0.068053,0.16497,0.11438,0.08061,-0.032987,-0.18092,-0.24798,-0.25031,0.041175,0.10554,-0.085728,-0.24142,-0.22175,-0.12884,-0.040042,-0.0090905,-0.032887,-0.052727,-0.035989,0.021296,0.092633,0.11465,0.10233,0.14147,0.22793,0.29338,0.25457,0.069905,-0.193,-0.32806,-0.34122,-0.30866,-0.24514,-0.15515,-0.089752,-0.076636,-0.042176,0.018702,0.076121,0.11091,0.11821,0.082141,0.038247,0.0294,0.08496,0.19113,0.080704,-0.0028907,0.065356,0.063978,0.028985,0.023711,-0.050036,-0.11463,-0.079873,-0.028933,-0.016855,-0.011204,-0.030578,-0.067259,-0.098726,-0.15239,-0.15691,-0.059214,0.027021,0.02605,0.051443,0.031222,0.22502,0.43345,0.41966,0.14723,-0.11118,-0.089887,0.085974,0.12543,0.066155,-0.28408,-1.0825,-1.1223,0.54594,-0.14066,-0.4798,0.7999,0.20789,-0.11424,0.42582,1.0062,-0.45412,0.20859,0.18993,0.31831,0.39863,0.21748,0.054085,0.42873,0.28889,0.39598,-0.13906,0.069624,-0.088455,-0.26255,-0.099324,0.14887,0.2095,-0.023223,0.069073,2.6424,0.33726,-0.21156,0.37378,-1.3375,0.2283,0.37126,0.47107,-0.43503,0.40053,0.3653,-0.15431,-0.67147,-0.35259,-0.31153,0.39599,0.30412,0.4329,-0.22405,-0.24373,0.034352,-0.051428,0.067013,0.067105,0.25789,-0.020646,0.14209,0.080887,0.098294,-0.012467,2.2104,-0.31445,-0.069433,-0.37252,-0.015448,-0.67893,-0.52228,-0.40654,0.48651,-0.219,0.059835,-0.4617,0.095311,0.24315,0.019088,-0.2658,-0.2644,-0.51277,0.069432,-0.23817,0.46484,-0.12611,0.45742,-0.28291,0.104,-0.089711,-0.1928,-0.076234,-0.013732,0.097644,-0.46253,0.65143,0.17557,-0.0030537,0.093038,0.42118,-0.094203,-0.15665,0.44724,-0.64208,0.0027236,0.094792,-0.09344,-0.24144,0.18966,-0.088109,0.22714,-0.20398,0.030723,0.061258,0.12055,-0.2142,0.0087978,0.10191,-0.25809,0.33206,-0.019364,0.060782,-0.042859,-0.02028,3.0871,-0.34645,0.79308,-0.079528,0.95953,0.16877,-0.40888,0.23234,0.13203,-0.24631,0.052085,-0.65371,0.067763,0.15153,0.14271,-0.12104,-0.10105,-0.21494,-0.1416,0.33103,0.0063637,0.048867,0.10968,-0.29415,0.087633,0.062239,0.012409,-0.12928,0.051383,-0.047561,-0.52098,0.58891,-0.40878,-0.04893,0.14986,-0.62558,0.12073,-0.31377,0.30478,-0.58677,-0.003865,-0.085185,0.28175,0.21166,-0.19045,0.35248,0.12016,0.12395,-0.28646,-0.24171,0.070315,-0.37645,-0.27985,0.45498,-0.13099,-0.19174,0.14668,0.071099,0.12063,0.15063
0.14976,0.27256,0.19942,0.062607,0.023389,-0.00023466,-0.050237,0.088487,0.19956,0.12151,0.067943,0.054868,0.052063,0.056705,0.06878,0.059874,0.022923,-0.020246,-0.1436,-0.23839,-0.26145,-0.2897,-0.2203,-0.11904,-0.11061,-0.067554,0.012352,0.125,0.087306,-0.10517,-0.039514,0.22768,0.22797,0.14775,0.18357,0.13564,0.019187,-0.086,-0.10102,-0.062149,-0.035787,-0.021738,-0.023399,-0.037029,-0.029229,-0.029265,0.12412,0.35292,0.37394,0.25063,0.16573,0.082303,0.0062331,0.06301,0.049246,0.0040007,-0.032124,-0.048607,-0.064961,-0.08683,-0.11316,-0.12758,-0.10607,-0.057598,-0.016228,-0.0053857,-0.012552,0.022453,-0.00017984,-0.042983,-0.14677,-0.30127,-0.28953,-0.22094,-0.13671,-0.040295,0.0076508,-0.089533,-0.22641,-0.29649,-0.25173,-0.082095,0.11058,0.21476,0.22643,0.19204,0.12722,0.11725,0.16283,0.18273,0.20955,0.22018,0.12133,0.0069331,-0.01598,-0.06779,-0.11621,-0.060526,0.075119,0.15258,-0.18307,-0.32071,-0.30624,-0.28283,-0.2156,-0.13275,-0.13859,-0.16536,-0.12821,-0.036272,0.052957,0.077489,0.069798,0.066032,0.068941,0.056307,0.027348,-0.001771,0.054507,0.10752,0.068745,0.030422,-0.046732,-0.1328,-0.15668,-0.15339,-0.14084,-0.029808,0.085243,0.15785,0.16483,-0.048922,-0.13804,-0.26396,-0.28859,-0.13135,0.030346,0.13973,0.17296,0.15122,0.10717,0.043228,-0.002316,-0.0023039,0.0046006,0.019143,0.042968,0.42395,0.77084,0.36918,0.040132,-0.14458,-0.38298,-0.41869,-0.35524,-0.27979,-0.20514,-0.15955,-0.17136,-0.21469,-0.23749,-0.21427,-0.15108,-0.05326,0.067333,0.14723,0.19738,0.25141,0.23883,0.22115,0.12004,0.036412,0.029758,0.014818,0.016689,0.037672,0.023271,-0.010461,0.016251,0.063399,0.038028,-0.084308,-0.1381,-0.14406,-0.20977,-0.23296,-0.19704,-0.047826,0.092663,0.13861,0.17739,0.1297,0.12374,0.27485,0.34954,0.26389,0.17693,0.17893,0.24484,0.30088,-0.16283,-0.68186,-1.6129,0.32993,-0.14153,-0.31805,0.38824,-0.43939,0.22862,0.44543,0.93912,-0.0070729,0.22175,-0.25898,0.1815,-0.54547,0.14382,-0.17372,0.24292,0.18544,0.25963,-0.0011886,-0.056319,-0.20267,-0.28498,0.11803,-0.082607,0.075153,0.23241,0.17389,2.5917,0.21512,-0.44681,0.17451,-1.2535,0.24773,-0.28613,0.77975,-0.1364,0.25532,-0.0062901,-0.12117,-0.56148,-0.23101,-0.37797,0.22504,-0.0080471,0.24002,0.14036,0.11187,-0.047129,-0.21607,0.27663,0.11011,-0.025613,-0.094684,0.12737,0.00059077,0.21415,0.29082,2.2609,-0.53755,0.011169,-0.91653,-0.092885,0.74983,-0.93489,-0.1735,0.035624,0.22567,-0.19324,-0.3591,0.093362,0.035119,0.34612,-0.23522,-0.13339,-0.76765,0.26226,0.014953,-0.091267,-0.23924,-0.082413,0.16068,-0.26606,0.11779,-0.25374,0.022883,0.087461,0.11879,-0.26376,0.47567,0.37304,0.57843,0.2755,0.53168,0.85594,-0.030825,0.031935,-0.0031416,0.44749,-0.014866,0.11308,-0.31367,0.16891,0.34081,-0.44741,0.25349,0.16052,0.16026,0.19417,-0.066126,0.26138,-0.307,-0.21789,0.059467,0.068338,0.17893,-0.046059,0.026011,3.177,-0.30954,0.98498,0.3398,0.2943,0.36335,-0.42508,0.64219,0.27363,-0.12117,0.12694,-0.14893,0.41247,0.011233,0.14548,-0.051866,-0.029901,-0.47176,-0.065069,0.083403,-0.13127,0.36438,0.14102,0.21408,0.16791,0.0013424,-0.098558,-0.097747,0.065163,0.45332,-0.32187,0.52189,-0.55992,-0.063912,-0.28686,-0.96324,0.22753,0.0005361,-0.052079,-0.044265,-0.14587,0.031318,-0.11875,0.46295,-0.13537,0.2423,-0.46633,-0.070832,-0.62808,-0.2342,0.14113,-0.064089,-0.55928,0.082314,-0.027749,0.2108,0.16885,-0.026833,-0.044136,-0.29686
0.331,0.33644,0.18223,0.10502,0.13839,0.2072,0.23195,0.2356,0.23783,0.19243,0.13628,0.094862,0.096094,0.14867,0.18761,0.16979,0.10421,-0.021979,-0.10666,-0.099785,-0.096614,-0.13654,-0.19394,-0.2444,-0.31089,-0.33657,-0.21115,0.11959,0.40303,0.4129,0.067266,-0.16719,-0.1227,-0.062803,0.07002,0.10566,0.068324,-0.020019,-0.062621,-0.072546,-0.09488,-0.099174,-0.1026,-0.12945,-0.18058,-0.22345,-0.099806,0.058753,0.11644,0.13211,0.12073,0.11718,0.13931,0.09457,0.016332,-0.004505,0.018404,0.073453,0.011708,-0.081314,-0.091618,-0.11076,-0.1128,-0.083626,-0.059723,-0.05893,-0.044949,-0.021738,-0.034929,-0.1149,-0.12706,-0.12019,-0.039086,0.058316,0.0251,-0.071592,-0.065712,0.0051428,0.023368,-0.0014756,0.0047306,0.038776,0.11712,0.19438,0.21723,0.19985,0.19217,0.11043,0.05254,0.080079,0.11477,0.1522,0.080095,-0.0040798,-0.0040093,-0.038501,-0.053778,-0.030464,-0.20475,-0.36605,-0.682,-0.45577,-0.18717,-0.12179,-0.12454,-0.1816,-0.27159,-0.23691,-0.15233,-0.16294,-0.13832,-0.096985,0.0082817,0.14289,0.18488,0.14088,0.067095,0.094642,0.1492,0.15966,0.16888,0.1299,0.070428,0.004418,-0.063257,-0.081787,-0.032744,0.0308,0.0047217,-0.0024036,0.095512,0.42429,0.57879,0.17953,-0.22408,-0.34096,-0.29079,-0.18429,-0.061008,0.030034,0.071306,0.083279,0.022526,-0.058691,-0.084837,-0.039755,-0.014867,0.030072,0.10845,0.13154,0.12534,0.048506,-0.051186,-0.052312,-0.004061,0.034292,0.033037,-0.025613,-0.053468,-0.061806,-0.083322,-0.11168,-0.10698,-0.053338,0.060148,0.067894,-0.041521,-0.053597,-0.078832,-0.089062,-0.026343,0.0079813,-0.1047,-0.19831,-0.17605,-0.14238,-0.10711,-0.087298,-0.079483,-0.074642,-0.090733,-0.1418,-0.069804,0.040221,-0.013701,-0.020401,-0.033394,0.021679,0.12336,0.1911,0.22161,0.21281,0.26222,0.23291,0.13653,0.15592,0.17712,0.1562,0.093178,0.03372,-0.60107,-1.7606,-0.35963,-0.25327,-0.46243,-0.41369,1.2779,-0.32501,-0.60244,0.59708,1.4772,-0.019283,-0.24055,-0.40323,0.12112,-0.20327,-0.073018,0.20861,0.43894,-0.019183,-0.17621,-0.41094,0.34154,-0.044128,-0.24574,-0.070115,-0.097503,0.15743,0.03558,-0.22583,2.3212,0.37561,0.941,0.5342,-1.2654,0.12815,0.31196,0.67703,-0.36294,0.68494,0.44534,-0.35552,-0.14696,0.031981,0.16493,-0.032905,-0.068448,0.38624,0.013905,-0.049181,0.50257,0.051719,-0.14351,0.17524,-0.059319,0.52256,-0.048605,0.25602,-0.23833,-0.17762,2.1734,0.64757,-0.26452,-0.021921,-0.32799,-0.2498,-0.98706,-1.0029,-0.011911,-0.5387,0.16115,-0.37066,-0.044987,-0.13534,-0.28264,-0.080066,0.20088,-0.013898,-0.1296,-0.28064,-0.10269,-0.48497,0.037241,0.40933,0.25995,0.31312,-0.1268,-0.077631,-0.027674,-0.19091,-0.056721,0.75957,-1.0557,-0.090818,0.0011673,0.77978,0.23132,-0.15415,0.69515,-0.24754,-0.30733,0.44235,0.10871,-0.37846,0.4813,0.10446,0.12152,0.072626,-0.1008,-0.23047,-0.031027,-0.16881,0.29229,-0.17368,0.077836,0.034682,-0.13264,-0.27778,-0.034686,-0.21819,3.152,-0.77663,-0.39319,0.10005,0.66515,-0.16427,-1.1267,0.71099,0.0081635,-0.19667,-0.030366,0.43587,-0.43422,0.21328,0.1617,0.18654,0.1701,-0.096093,-0.059813,0.37774,-0.30778,-0.24997,-0.034152,0.22815,0.21846,0.11632,0.35057,0.064087,-0.1465,0.0066628,-0.14078,0.87881,0.68657,0.052234,0.4617,-0.67038,-0.051299,-0.21643,0.050693,-0.76796,0.0055498,0.27469,0.17493,0.24406,-0.16281,0.45041,-0.11248,0.0036082,-0.16835,-0.35428,0.19414,-0.1205,0.28641,-0.006987,0.015537,0.11163,0.4893,-0.26775,-0.050984,-0.12282
0.14974,0.29842,0.2494,0.13926,0.12837,0.21789,0.20041,0.17163,0.17244,0.13131,0.095331,0.076654,0.074071,0.089133,0.10026,0.064059,-0.026302,-0.10683,-0.12694,-0.15428,-0.21445,-0.25136,-0.24272,-0.14716,0.10249,0.27246,0.14628,-0.1059,-0.19693,-0.033803,0.13398,0.1557,0.21351,0.16487,0.15442,0.084623,0.02217,0.0061469,-0.032628,-0.086805,-0.0045003,0.077073,0.05906,0.094978,0.065383,0.022441,0.11371,0.22053,0.2694,0.20724,0.094202,-0.0032436,-0.0062298,0.071368,0.073949,0.021507,-0.091862,-0.17867,-0.19206,-0.1553,-0.12532,-0.12859,-0.13284,-0.11413,-0.080127,-0.06175,-0.038832,-0.033723,-0.040046,-0.0020563,-0.1219,-0.19507,-0.13416,-0.063237,-0.0040199,-0.024051,-0.11964,-0.11962,-0.010912,0.066759,0.092161,0.14969,0.19922,0.19636,0.16348,0.10872,0.10565,0.14718,0.1582,0.17335,0.18026,0.051717,-0.013823,0.041328,0.005427,-0.063873,-0.050906,0.047792,-0.02087,-0.13219,-0.25425,-0.36862,-0.32307,-0.28355,-0.2947,-0.36321,-0.45156,-0.31549,-0.07659,-0.067698,-0.03803,0.014135,0.10436,0.17288,0.16928,0.10322,0.0046295,-0.06761,-0.014344,0.086553,0.080144,0.036808,0.05386,0.089711,0.12496,0.10634,0.080125,0.059291,0.064961,-0.022687,-0.23138,0.056104,0.11567,-0.09936,-0.16266,-0.14647,-0.18645,-0.20816,-0.21684,-0.17437,-0.13761,-0.083819,0.0082823,-0.050721,-0.23641,-0.20338,0.16408,0.58485,0.70511,0.46915,0.13077,-0.14864,-0.34739,-0.44862,-0.42798,-0.33838,-0.21531,-0.11175,-0.022731,-0.019963,-0.048633,-0.042651,-0.050933,0.0045957,0.12332,0.13181,0.10082,0.046476,0.023103,0.072873,0.013732,0.00053872,0.013981,0.021818,0.038878,0.015392,-0.034104,-0.045304,-0.062042,-0.086199,-0.11156,-0.077381,-0.055125,-0.12131,-0.14424,-0.12747,-0.016702,0.090796,0.11457,0.15134,0.12377,0.22821,0.32631,0.26861,0.14021,0.10873,0.13941,0.38193,0.55375,0.5305,-0.010759,-0.74321,-0.67656,0.16466,0.090489,-0.32912,0.25778,-0.47404,-0.22251,0.54689,0.94113,-0.35147,0.2236,-0.14584,0.20999,0.095689,-0.17066,0.21115,-0.060227,0.47568,0.31617,0.16823,-0.037133,-0.017416,0.18736,0.16702,0.057,0.1391,0.042036,-0.1765,2.6098,-0.171,-0.01416,0.89991,-1.2812,0.28496,-0.21644,0.48455,-0.092718,0.46298,0.016348,-0.22816,-0.66967,-0.36084,-0.44825,0.35987,-0.30014,0.19828,-0.18418,-0.25017,-0.049044,-0.26867,0.37276,-0.15325,-0.036254,-0.00077265,-0.096944,-0.0055684,0.35896,-0.11419,2.1859,-0.3767,-0.68441,-0.31437,-0.8173,-0.16774,-0.89306,-0.62708,0.55688,-0.080834,-0.21009,-0.77388,0.22577,-0.23559,0.26525,-0.38977,0.24687,-0.249,0.041826,0.37202,-0.0035005,-0.14366,-0.025887,-0.057156,-0.01871,0.071866,-0.047861,-0.32503,-0.12974,0.22188,-0.22721,-0.040598,-0.069256,0.058992,-0.098029,0.43206,0.76499,0.21495,0.41005,-0.24563,0.40554,0.070517,-0.20811,-0.34921,0.44409,0.27539,-0.048777,0.40047,0.02895,0.50448,0.10496,0.17501,0.1062,-0.093539,0.12195,0.029349,0.08106,0.078215,0.19463,0.030048,3.1046,-0.064525,0.49475,-0.12048,0.42243,-0.19758,-0.34453,0.8527,0.22448,-0.16482,0.12729,-0.12303,0.35644,-0.018408,0.31838,0.35734,0.047607,-0.1934,-0.031186,0.12947,-0.21535,0.3636,0.011632,0.0057101,-0.24373,0.11536,-0.14121,-0.33447,-0.14972,0.014937,-0.45613,-0.044158,-0.10491,0.0085296,0.20014,-0.51345,0.30414,0.36976,0.12292,-0.14194,-0.28031,-0.09647,-0.073583,0.27627,-0.24907,0.54471,-0.17958,-0.20923,-0.719,-0.32135,0.1031,-0.22947,-0.16003,-0.30281,-0.090721,0.064191,0.13226,0.017418,-0.26575,0.052913
0.40971,0.49835,0.48295,0.41547,0.27768,0.1313,0.11444,0.14253,0.13688,0.10354,0.079448,0.075015,0.04836,0.023402,0.0074451,-0.024825,-0.069819,-0.12297,-0.12321,-0.073743,-0.046494,-0.073266,-0.20258,-0.37355,-0.37126,-0.045643,0.24652,0.22511,0.14329,0.12595,0.11716,0.10974,0.16661,0.13158,0.099495,-0.024082,-0.1137,-0.12803,-0.12708,-0.066681,-0.030829,-0.045068,-0.065357,-0.088335,-0.066794,-0.041863,-0.043014,-0.044437,-0.034594,-0.012113,0.037539,0.086102,0.12672,0.12413,0.066345,-0.078303,-0.20738,-0.2074,-0.16836,-0.11554,0.0053462,0.040739,-0.014472,0.014087,0.0076711,-0.059447,-0.058547,-0.019439,0.054178,-0.0074222,-0.039536,-0.025653,-0.10975,-0.14867,-0.17659,-0.24587,-0.26582,-0.1694,-0.023752,0.092594,0.11848,0.14135,0.17608,0.18522,0.16176,0.12031,0.10767,0.11366,0.09383,0.079301,0.084315,0.092292,0.076854,0.055046,0.073,0.048957,-0.043351,-0.084946,-0.19326,-0.30054,-0.64883,-0.44941,-0.19081,-0.13133,-0.19597,-0.26316,-0.16274,-0.022029,-0.029367,0.025181,0.096994,0.13085,0.14525,0.147,0.12397,0.099231,0.063665,0.023316,0.033584,0.081783,0.10413,0.070526,0.0080491,-0.11897,-0.16821,-0.03135,0.030074,-0.004866,-0.05142,-0.13773,-0.29665,-0.051618,0.020797,-0.13837,-0.11061,0.02214,0.07097,0.083797,0.095074,0.038698,-0.034249,-0.060285,-0.070565,-0.065025,-0.042836,0.036332,0.11443,0.11267,0.10026,0.11036,0.1097,-0.0091959,-0.12641,-0.11685,-0.037597,-0.0042478,0.036184,0.12464,0.15006,0.10518,-0.10944,-0.29414,-0.36264,-0.32177,-0.10819,0.15157,0.16096,0.15243,0.095233,0.059136,0.13774,0.090472,0.027117,0.048202,0.072459,-0.034247,-0.11531,-0.099821,-0.13136,-0.16472,-0.18564,-0.096887,-0.011129,-0.073761,-0.092112,-0.025468,0.046488,0.036979,0.057968,0.073767,0.058285,0.035251,0.086683,0.28477,0.37932,0.31387,0.20258,0.13491,0.040505,-0.05007,-0.55738,-1.7612,-1.4361,-0.41928,-0.46881,-0.17129,0.6654,-0.7011,-0.29703,0.50222,1.0155,0.27606,0.029479,0.28351,-0.15207,0.24321,-0.31536,-0.082349,-0.01473,0.37616,-0.050481,0.21308,-0.18593,0.13402,0.090543,0.32065,-0.18798,0.045794,0.053706,-0.28967,2.2989,0.63965,0.43131,-0.11777,-1.1065,0.1102,-0.16876,1.0166,-0.092077,0.093031,0.65254,-0.20477,-0.5967,0.18895,-0.19405,-0.079306,-0.10467,-0.015342,-0.050818,-0.31603,0.042668,-0.036072,0.054354,-0.19256,0.42828,0.043951,-0.086463,0.049497,0.069425,-0.17228,2.1202,0.38198,0.12546,-0.93669,-0.63457,-0.23999,-1.0998,-0.81079,-0.056313,0.014623,-0.22177,-0.46735,0.42187,-0.052456,0.0091704,0.14464,0.1101,0.063843,-0.17453,-0.063642,-0.016961,0.042,-0.10192,0.39745,0.36282,-0.073676,-0.089074,-0.12233,0.0015523,0.23442,-0.10565,1.0872,-0.33272,0.41096,0.28839,1.0098,0.75117,0.11449,0.12343,-0.339,-0.093854,0.57024,0.17316,-0.64976,-0.033767,-0.16999,0.22726,0.39628,0.29985,0.25965,0.12721,0.0067702,-0.14678,-0.064181,0.28211,0.11909,0.26888,-0.0037545,0.069124,0.29463,2.9993,-0.90206,0.26592,0.56622,-0.21833,0.15136,-1.0854,0.99131,0.20411,-0.15538,-0.28384,0.31353,0.099105,-0.43996,0.18698,0.34974,0.13316,-0.20082,0.0060093,-0.038606,-0.49563,0.066575,0.15704,-0.058769,-0.11614,-0.1145,-0.078406,-0.027927,0.028557,0.21407,-0.23308,1.255,0.032749,0.077447,-0.037656,-1.201,0.060116,-0.14639,-0.33034,-0.36645,-0.34659,0.15171,0.34332,0.48927,-0.34395,0.26402,-0.60631,-0.031843,-0.12374,-0.32835,-0.35684,0.059857,0.076523,-0.19948,0.021454,-0.14744,-0.19762,0.032578,-0.28459,0.11877
0.00079669,0.12368,0.14361,0.066152,0.054604,0.085305,0.16213,0.20936,0.18581,0.1347,0.092115,0.071729,0.08236,0.10735,0.09893,0.049684,-0.023708,-0.083427,-0.1257,-0.085618,0.0061558,-0.0090412,-0.064796,-0.065511,-0.048535,-0.01565,0.066565,0.12508,0.024764,-0.11329,-0.046557,0.076774,0.19181,0.084846,0.009315,0.0040582,-0.0020736,0.00016998,-0.027292,-0.058109,-0.045291,-0.027936,-0.039927,-0.061829,-0.11515,-0.18268,-0.14527,-0.060187,-0.0059816,0.061526,0.071121,0.051681,0.04306,0.016097,-0.010187,-0.022763,-0.049276,-0.042319,-0.011684,-0.075241,-0.17338,-0.20219,-0.20909,-0.19985,-0.16485,-0.1183,-0.1484,-0.10513,-0.062958,-0.05613,0.015431,0.03289,-0.090007,-0.091528,0.038841,0.0036017,-0.090017,-0.072283,0.0079953,0.10695,0.12217,0.1094,0.12389,0.1525,0.15968,0.14162,0.12799,0.12357,0.080357,0.055162,0.073116,0.09597,0.12179,0.072592,0.019628,0.018961,-0.0075231,-0.02606,0.02887,0.073867,-0.050216,-0.13883,-0.12202,-0.10504,-0.1157,-0.15474,-0.13264,-0.071856,-0.091368,-0.069692,-0.037459,0.0041255,0.092195,0.16357,0.14055,0.064296,-0.012641,-0.059061,-0.027641,0.067036,0.14293,0.18715,0.18893,0.14169,0.094665,0.068928,0.092803,0.11264,0.11155,0.01777,-0.052782,0.36884,0.41994,0.15969,-0.046319,-0.11516,-0.076953,-0.051843,-0.034429,0.0044721,0.014535,0.0069633,0.0087988,-0.00034369,-0.027057,-0.032945,-0.073299,-0.068545,0.0098996,0.1123,0.15456,0.0663,0.0068988,0.021623,0.048933,0.079929,0.086039,0.034965,-0.066821,-0.21405,-0.29187,-0.26608,-0.23725,-0.22688,-0.18911,0.061237,0.25652,0.18638,0.030145,-0.056987,-0.15668,-0.21915,-0.18576,-0.15484,-0.13276,-0.1391,-0.13206,-0.10266,-0.10981,-0.13617,-0.15452,-0.056266,0.039057,-0.034277,-0.076143,-0.034625,0.032901,0.032251,0.078878,0.13106,0.1437,0.1317,0.098467,0.15081,0.17899,0.12829,0.054739,0.010251,0.088846,0.1808,-0.51392,-2.2062,-0.65252,-0.49543,-0.2812,-0.14323,1.1041,-0.2983,-0.43629,0.67999,0.92435,0.16126,-0.084058,-0.19258,0.19556,-0.29408,0.11855,0.2621,-0.062115,0.13788,-0.19951,-0.11182,-0.2883,0.18944,-0.23224,0.12624,-0.24188,-0.27159,0.17271,-0.056679,2.3097,0.56317,1.1037,0.17784,-1.3293,0.18565,-0.075892,0.38676,-0.38378,0.21385,0.17856,-0.44344,-0.2672,0.066922,-0.31482,-0.087138,-0.090422,0.09884,-0.26729,-0.031655,0.1211,0.035822,0.055203,0.02698,0.10428,0.048779,-0.29146,-0.16205,-0.37568,0.083542,2.1256,1.0826,-0.26727,-0.31629,-0.02946,0.48312,-0.54274,-0.36547,-0.19014,0.13735,-0.17669,-0.37933,-0.015664,0.084751,-0.22051,-0.047315,0.30259,0.07267,-0.069902,-0.13281,-0.31278,-0.23234,0.20781,0.56987,0.30632,0.025842,-0.097943,-0.21922,0.2427,0.22755,-0.0022297,1.0964,-1.3028,0.1304,0.094465,0.6494,0.16236,0.026134,0.22893,-0.49123,-0.018409,0.3069,-0.1395,-0.23314,0.060477,0.11206,-0.030674,0.27104,0.15367,0.066053,-0.22146,0.0043351,0.23611,0.097627,0.14796,-0.00067229,-0.039823,-0.11868,0.40734,0.2648,3.1198,-0.88813,-0.56199,0.038446,0.029581,-0.075237,-0.94842,0.46986,0.39131,-0.25386,-0.20133,0.51598,0.058967,-0.089748,0.040897,0.057077,-0.05644,0.10541,0.018148,0.18062,-0.34395,0.11836,0.33011,0.095782,-0.063591,0.064638,0.19281,-0.020991,-0.055893,0.15427,-0.22342,1.2638,0.81808,0.11995,0.29995,-0.56992,-0.0082532,-0.19976,-0.044264,-0.23927,0.0054091,0.096464,0.1268,0.33285,-0.19123,0.15569,-0.13806,-0.14138,-0.40071,-0.24497,-0.23378,-0.14472,0.27078,-0.0069815,-0.10995,-0.17216,-0.055852,0.049486,-0.19183,-0.42915
0.35847,0.46106,0.47998,0.42105,0.26182,0.064965,0.057997,0.14202,0.16123,0.14764,0.10686,0.086347,0.099368,0.11284,0.11641,0.09162,0.050374,-0.017552,-0.07482,-0.11759,-0.1824,-0.25206,-0.31814,-0.29705,-0.11785,0.097271,0.16398,0.069313,-0.21309,-0.37876,-0.14886,0.11404,0.19485,0.1502,0.13729,0.10075,0.044287,-0.0020871,-0.03903,-0.066861,-0.068543,-0.069621,-0.079288,-0.091672,-0.11938,-0.17535,-0.21507,-0.21672,-0.21429,-0.012631,0.16518,0.137,0.1675,0.1903,0.12414,0.049719,-0.0297,-0.054217,-0.01953,0.013825,-0.016733,-0.076727,-0.093594,-0.095411,-0.069474,-0.032185,-0.10096,-0.17295,-0.14295,-0.17102,-0.13252,-0.079549,-0.022317,0.017289,-0.0023572,-0.047626,-0.10639,-0.10037,-0.00097507,0.10108,0.15318,0.20813,0.22035,0.13659,0.11639,0.16707,0.16403,0.15386,0.15524,0.11493,0.089463,0.11514,0.14282,0.11223,0.081847,0.031962,-0.07224,-0.12489,-0.21709,-0.29453,-0.6587,-0.45456,-0.19874,-0.14735,-0.20098,-0.23595,-0.09606,0.061215,0.0074051,-0.025117,0.0082488,0.079884,0.12679,0.1519,0.14037,0.10735,0.043949,0.013116,0.048987,0.10415,0.10419,0.022744,-0.050048,-0.050823,-0.01752,0.034161,0.063962,0.048979,0.052665,0.10737,0.10988,0.097615,0.13014,-0.064864,-0.14273,-0.068326,-0.034408,-0.033272,-0.0043911,0.030602,0.028187,0.039819,0.091463,0.12398,0.077457,0.010182,0.014965,0.048574,0.055461,0.024169,0.084676,-0.026636,-0.2914,-0.25933,-0.12195,-0.012983,0.057104,0.078584,0.083315,0.039125,-0.022947,-0.071278,-0.099252,-0.10816,-0.077281,0.01223,0.055921,0.078016,0.098577,0.064679,0.090379,-0.024471,-0.13022,-0.16547,-0.19001,-0.1524,-0.10437,-0.070878,-0.082015,-0.10465,-0.13134,-0.20165,-0.29,-0.26314,-0.085503,0.021341,0.013714,0.044644,0.03827,0.072764,0.11992,0.11497,0.083046,0.26745,0.3903,0.30528,0.17888,0.11134,0.032697,-0.033599,-0.48381,-1.7543,-0.92476,-0.38387,-0.13375,-0.45221,0.52466,-0.51385,-0.5581,0.53198,0.97678,-0.049719,0.18208,-0.01673,0.10993,0.26513,-0.077561,0.058312,0.043287,0.50085,0.35645,0.020357,-0.080434,-0.23599,0.21775,0.20866,0.12015,-0.26284,0.32,-0.2197,2.274,0.60103,0.54414,0.13373,-1.3271,0.027809,0.14215,0.75634,0.1081,0.27173,0.61174,-0.28022,-0.60689,-0.049257,-0.21878,0.13375,0.10616,0.37403,-0.21431,-0.38685,-0.13164,-0.061768,-0.1023,-0.090348,0.27455,-0.042923,-0.14036,-0.26661,0.039125,-0.041423,2.1066,0.35533,0.020566,-0.43429,-0.45066,-0.16157,-0.77948,-0.81419,0.20293,0.13516,-0.20436,-0.56936,0.28968,0.011503,0.024333,-0.1801,-0.26073,-0.052215,-0.46762,-0.085861,0.17248,0.40052,0.58007,0.078069,0.18243,-0.29585,-0.16926,-0.14845,0.094181,0.175,-0.27119,0.97242,-0.45568,-0.0058125,0.16185,0.61197,0.72768,0.27849,0.44654,-0.30639,0.18225,0.36925,0.0012757,-0.57673,0.074142,0.1982,-0.080748,0.369,0.2401,0.20012,-0.35393,-0.076536,0.16674,0.18451,-0.086285,0.27585,0.0050418,-0.055515,-0.010922,0.2707,2.9239,-0.82611,0.096396,-0.0033278,0.04498,-0.097066,-0.86925,0.82288,0.21936,-0.58474,-0.22602,-0.3239,0.15395,-0.16249,0.61572,0.085345,-0.04576,-0.016189,0.16433,0.11683,-0.14258,0.23603,0.21535,-0.41935,0.16669,0.11861,-0.049847,-0.12363,0.01736,0.17094,-0.10934,1.1823,0.144,0.0013326,0.2785,-0.74525,0.29387,-0.09877,-0.51737,-0.59358,-0.33605,0.035558,0.24331,0.34502,-0.31399,0.31773,-0.00046612,-0.056504,-0.46683,-0.25969,-0.18433,-0.36206,0.082131,0.10376,-0.084716,-0.38691,-0.23559,-0.071099,-0.14627,-0.017033
-0.094357,-0.0098604,0.16494,0.21279,0.12104,0.091755,0.16676,0.16119,0.087418,0.020367,-0.0073857,-0.00079489,0.0011083,-0.01117,-0.034289,-0.072673,-0.12072,-0.13218,-0.11592,-0.090149,-0.056924,-0.057082,-0.081391,-0.060312,0.089403,0.24821,0.32557,0.32813,0.21879,0.042597,-0.22527,-0.35571,-0.31121,-0.37095,-0.14225,0.074888,0.11785,0.087309,0.0070334,0.0013678,0.011991,-0.017923,-0.032521,-0.046588,-0.079184,-0.022835,0.049457,0.054185,0.087121,0.089965,0.05811,0.062081,0.083961,0.056605,0.03331,-0.028017,-0.083985,-0.053445,-0.016181,0.0085118,0.016255,-0.042477,-0.097483,-0.075414,-0.044675,-0.037956,-0.031871,-0.0055426,-0.017197,0.0099081,0.067882,0.082028,-0.046546,-0.19571,-0.24387,-0.16611,0.022776,0.20967,0.28625,0.26625,0.18737,0.16646,0.19771,0.20805,0.18268,0.12441,0.058981,0.032445,0.044948,0.063352,0.080161,0.0923,-0.0056181,-0.051382,0.016981,-0.023551,-0.093596,-0.11384,-0.10416,-0.099525,0.19745,0.052194,-0.0757,-0.10888,-0.1068,-0.13093,-0.23959,-0.31257,-0.20331,-0.0020974,0.082998,0.10052,0.088551,0.088301,0.079887,0.040832,0.0051922,-0.048889,-0.092303,-0.075159,-0.047023,-0.049139,-0.076296,-0.041765,0.1008,0.158,0.11696,0.1223,0.17842,0.17838,0.19959,0.56958,0.72409,0.33265,-0.093173,-0.30203,-0.43291,-0.47807,-0.41806,-0.27936,-0.11702,-0.00032277,0.063743,0.092734,0.11343,0.11581,0.10051,0.08717,0.10728,0.091124,0.043643,-0.035086,-0.086551,-0.044058,-0.0071724,0.0085513,0.037824,0.055031,0.062838,0.059437,-0.00031361,-0.059154,-0.080011,-0.025808,0.092849,0.17565,0.17302,0.041743,-0.089311,-0.066243,-0.034379,-0.016954,-0.1139,-0.18702,-0.16178,-0.14284,-0.11749,-0.09984,-0.10694,-0.11353,-0.12162,-0.077989,-0.062309,-0.13876,-0.17036,-0.14834,-0.068758,0.039524,0.11654,0.15038,0.1609,0.13039,0.16349,0.18477,0.1572,0.12975,0.076628,0.034431,0.071212,0.12454,-0.77275,-1.5773,0.12001,-0.34634,-0.092032,-0.40453,1.1716,0.56812,-0.32073,0.81092,1.1654,0.49783,0.0056607,-0.020107,-0.060687,0.17908,0.0012807,-0.077089,-0.035197,0.30189,-0.49085,0.085893,-0.0050254,-0.0085656,0.0042798,-0.14374,-0.23943,0.043093,0.1062,-0.096939,2.3803,0.30096,1.1443,0.2822,-1.7609,-0.51672,1.2664,0.082237,0.063071,-0.2254,0.23243,-0.77831,-0.45199,-0.3631,-0.11598,-0.0022197,-0.0018282,-0.30245,-0.19574,-0.31813,0.45002,0.404,-0.16528,-0.076736,0.46256,0.29944,0.15604,0.050081,-0.098637,-0.32233,2.3839,0.64097,-0.52911,0.30334,0.49946,0.18046,-0.22366,-0.38909,0.27052,-0.075588,-0.06303,-0.26741,0.88513,0.098677,-0.0097409,0.3618,0.21286,-0.094825,-0.38671,-0.35474,-0.2541,0.020492,0.15741,0.22529,0.2991,0.41788,0.11013,-0.24775,0.27309,0.045578,0.05875,0.61614,-1.0512,-0.52109,-0.18794,-0.0041006,-0.11754,-0.084183,0.1069,-0.32401,0.0016644,0.75424,0.25828,-0.44611,0.087478,-0.033334,0.29131,0.045045,0.47713,-0.2103,-0.086425,0.2457,-0.17839,0.031602,0.35917,-0.12175,0.22279,-0.16766,-0.1296,0.11455,3.3115,-0.26923,-0.3664,-0.35989,1.6008,-0.14215,-0.055748,-0.050506,-0.20168,-0.67982,-0.59479,0.10906,-0.026259,-0.46481,-0.083972,0.3623,0.29689,0.034972,-0.029778,0.26549,-0.50274,-0.12898,0.085821,0.031329,-0.042196,-0.0076447,0.034356,0.1213,-0.083209,0.071255,0.12157,0.66879,0.78653,0.041728,0.75998,-0.040731,0.31598,-0.48491,0.41313,-0.30955,-0.20827,-0.0162,0.34619,0.14677,-0.56365,0.36315,-0.86452,0.31144,-0.17522,-0.047874,-0.26924,-0.16446,0.57764,-0.072798,-0.1699,0.0036232,0.24427,-0.14933,-0.24974,0.18625
-0.071294,-0.023136,-0.13679,-0.24141,-0.19233,-0.016254,0.161,0.23429,0.23341,0.21876,0.22075,0.20688,0.20589,0.20529,0.10195,0.036647,0.048026,-0.067633,-0.19789,-0.19988,-0.14841,-0.14409,-0.17067,-0.18405,-0.18549,-0.082566,0.075526,0.089275,-0.0097498,-0.056479,0.19768,0.24278,0.21683,0.16848,0.18269,0.22112,0.16022,0.031732,-0.06855,-0.11493,-0.081191,-0.053547,-0.093849,-0.14273,-0.18544,-0.071532,0.072786,0.1008,0.10194,0.099871,0.030114,0.025001,0.12602,0.17386,0.16632,0.034975,-0.096388,-0.10504,-0.10059,-0.094948,0.022207,0.10357,0.093199,0.028779,-0.04979,-0.051638,-0.049577,-0.0058326,-0.031255,-0.037529,-0.028672,-0.15071,-0.20942,-0.22383,-0.22925,-0.22679,-0.23707,-0.21353,-0.15425,-0.068501,0.04322,0.16314,0.23698,0.24774,0.2164,0.14325,0.10516,0.10592,0.091114,0.088538,0.099706,0.1036,-0.019204,-0.14091,-0.15,-0.13346,-0.12362,-0.10324,0.0079185,0.079271,-0.17072,-0.1952,-0.081584,-0.0037628,-0.040488,0.017282,0.056497,-0.051486,-0.10448,-0.061004,-0.020043,-0.036353,0.010323,0.028416,0.25165,0.37145,0.26385,0.14821,0.10406,0.122,0.16964,0.1736,0.14129,0.091989,0.047778,0.057255,0.074743,0.07692,0.096875,0.078978,-0.17425,-0.29678,-0.4039,-0.50752,-0.44992,-0.40015,-0.24526,-0.11283,-0.04411,0.014597,-0.0060008,-0.096985,-0.18199,-0.23114,-0.20129,-0.049005,0.11523,0.14765,0.11402,0.10786,0.10934,0.074499,-0.07413,-0.15432,-0.1388,-0.14209,-0.15441,-0.10898,-0.085569,-0.073264,-0.1809,-0.27513,-0.25994,-0.08627,0.15831,0.19345,0.15131,0.12541,0.091879,0.13951,0.068804,-0.018189,0.0037524,0.016347,0.037013,0.076105,0.035033,-0.012106,-0.012155,-0.047832,-0.10173,-0.067929,-0.0356,-0.1106,-0.13597,-0.041096,0.083031,0.10555,0.15795,0.18368,0.15063,0.092754,0.085215,0.018281,-0.079225,-0.094708,-0.084135,-0.055466,0.069038,0.18167,-0.12416,-1.3683,-1.7238,-0.16201,-0.21996,0.036835,0.79171,0.40083,-0.43793,0.53662,0.93902,-0.042509,0.17276,0.2991,0.28745,0.026709,-0.10617,0.3749,0.24969,0.1248,-0.42854,0.17047,-0.048994,0.055851,-0.15345,0.18586,-0.091223,-0.31401,0.10445,-0.33919,2.2948,0.56737,-0.26059,-0.37811,-1.2992,0.22066,-0.17683,-0.2151,-0.4958,0.07271,0.26225,-0.11439,-0.31067,-0.098869,-0.28908,-0.18438,-0.32383,0.4956,-0.17474,-0.34474,0.11286,-0.0049464,-0.13703,0.21386,0.042331,0.065935,-0.45686,0.1641,-0.1064,0.15972,2.223,-0.12787,0.21022,-1.207,-0.2252,-0.012574,-0.14354,-0.462,0.24925,0.1253,-0.30706,-0.10048,0.35895,-0.018128,-0.21752,-0.46876,0.44074,-0.10829,0.12505,-0.12148,0.002794,0.084954,0.070191,0.75831,0.09604,0.33497,0.023622,-0.15397,0.020541,0.01093,-0.27663,1.3204,0.23481,0.84942,-0.10792,0.10808,0.030567,0.16438,0.19665,0.13947,0.37017,-0.096196,0.37367,-0.096596,0.17985,-0.060944,0.26844,0.57699,0.16908,0.0066813,0.18284,-0.02801,-0.011966,-0.43161,0.15272,-0.21891,-0.077585,-0.12916,0.1679,-0.0066807,3.0506,-0.66023,0.77826,0.37594,-0.51419,-0.31842,-0.82567,-0.026963,0.23028,-0.27481,-0.17536,-0.070432,-0.10587,-0.15116,0.077368,0.31883,-0.32849,-0.010167,-0.60026,0.1053,-0.41324,0.0086004,0.22854,0.17429,0.18151,-0.011978,-0.008891,-0.16083,-0.12766,0.33053,-0.3325,1.3138,-0.57793,0.14393,-0.52147,-0.30445,0.03038,-0.1905,0.38227,0.11794,0.24238,-0.046294,0.45412,0.34328,-0.26411,0.28344,-0.27844,-0.043502,-0.4082,-0.43316,-0.015499,0.25615,0.21185,-0.35368,-0.036596,-0.15686,0.053406,0.038682,-0.0093881,0.12923
0.38176,0.41577,0.34027,0.22591,0.038801,-0.040836,0.067727,0.15104,0.13607,0.10024,0.078839,0.074365,0.08124,0.084932,0.072222,0.029812,-0.043568,-0.12481,-0.11091,-0.012968,-0.03061,-0.25978,-0.41939,-0.28391,0.044106,0.16596,0.13147,0.1013,0.054008,-0.0051015,0.17342,0.14973,0.14929,0.22615,0.16711,0.0092614,-0.10727,-0.12373,-0.11089,-0.082782,-0.057488,-0.036745,-0.040171,-0.059297,-0.084171,-0.10085,-0.076733,-0.099759,-0.17241,-0.060522,0.061984,0.083729,0.11796,0.1094,0.099569,0.085553,0.065345,0.032334,0.011836,0.022482,0.025234,0.020463,0.0079249,-0.020456,-0.027263,-0.027712,-0.041028,-0.0028116,0.091862,-0.024128,-0.15012,-0.10619,-0.13795,-0.19897,-0.26583,-0.28744,-0.23109,-0.19077,-0.14683,0.0041654,0.15993,0.16224,0.18128,0.24476,0.24993,0.19987,0.16762,0.10254,0.069327,0.096067,0.1224,0.019196,-0.10855,-0.14102,-0.19622,-0.25266,-0.25554,-0.28308,-0.31763,-0.32102,-0.64447,-0.42749,-0.16977,-0.10824,-0.068191,-0.0011879,0.015837,-0.0036558,0.0074933,0.052775,0.083817,0.1168,0.1444,0.14226,0.11066,0.046336,-0.026259,-0.027005,0.051158,0.13234,0.1071,-0.12425,-0.31133,-0.15819,0.067784,0.1008,0.022727,-0.045356,-0.021263,0.02637,-0.19019,-0.41845,-0.45339,-0.3481,0.00011747,0.10817,0.1299,0.15294,0.16424,0.1613,0.1455,0.070543,-0.028259,-0.021901,0.11127,0.32171,0.43802,0.12012,-0.13401,-0.057094,0.098985,-0.00046964,-0.1182,-0.089472,-0.066062,-0.039547,0.019935,0.02266,-0.04278,-0.091683,-0.10591,-0.095442,-0.11176,-0.066118,0.082069,0.19068,0.2386,0.2828,0.21764,0.023447,0.017632,0.056034,0.031275,0.020074,0.056184,0.1004,0.13782,-0.020438,-0.18154,-0.18829,-0.20143,-0.25218,-0.15293,-0.010804,-0.048239,-0.011323,0.024935,0.11142,0.19678,0.20242,0.17434,0.205,0.19668,0.081355,-0.07145,-0.18214,-0.20169,-0.17276,-0.17607,-0.19209,-0.086455,-1.1324,-1.6915,-0.18659,-0.78515,-0.60121,1.4262,0.19303,-1.0293,0.64489,0.32141,0.30885,0.87596,0.41271,0.089603,0.00035084,-0.06147,0.11457,-0.074507,0.27018,-0.033216,-0.18567,0.23996,0.29693,0.083272,0.38223,-0.012453,0.055611,0.35284,0.11346,2.3213,0.60799,-0.2885,-0.63419,-1.0541,0.47332,-0.52566,0.22668,-0.48812,-0.013168,0.60361,0.13801,-0.57415,0.15403,-0.20678,0.23363,0.13737,0.24241,-0.06734,-0.56815,0.10536,-0.034103,-0.31567,-0.012236,0.64539,-0.038641,-0.32044,-0.039393,-0.17314,0.16772,2.0744,0.080597,0.80892,-1.1918,-0.032981,-0.79752,-0.34808,-0.33855,0.2938,0.16357,-0.94802,-0.043725,0.17055,0.059813,0.12506,-0.0015202,-0.21066,0.052699,-0.16127,0.12982,0.41002,0.63992,0.27737,0.25376,0.27743,0.047492,-0.32051,-0.11128,-0.010901,-0.32363,-0.45963,1.5289,0.3902,0.70285,0.050401,0.73507,0.27514,0.052653,-0.081273,-0.077298,0.31612,0.19061,0.4146,-0.063613,-0.32125,-0.20211,0.15519,0.46384,0.34989,0.35954,-0.1642,0.083599,-0.36611,0.3194,0.21615,0.25516,-0.025503,0.22395,0.087293,0.28815,2.8197,-1.0434,1.0319,0.32893,0.20282,0.51175,0.14643,0.014196,0.17034,-0.44678,-0.31416,-0.4974,-0.025077,-0.47639,0.088771,0.38141,0.019482,-0.045519,-0.20573,-0.22972,-0.038102,0.14369,0.25989,-0.36854,0.16272,-0.015404,0.41168,0.01898,-0.094267,0.38325,-0.35162,1.5758,-0.72464,-0.034856,-0.2593,-0.81739,-0.071255,-0.075471,0.48685,0.028303,-0.16301,0.029549,0.3414,0.42756,-0.56755,-0.028345,-0.19343,0.068282,0.06927,-0.39304,-0.060643,-0.24514,-0.086639,-0.4515,0.044938,-0.63008,-0.50902,-0.24802,0.035549,0.060558
-0.35167,-0.12567,0.33798,0.30052,0.22506,0.2084,0.14913,0.073477,0.05743,0.09281,0.09937,0.085047,0.1011,0.13239,0.13747,0.048371,-0.037648,-0.040652,-0.008696,0.064775,0.13235,0.16129,0.091473,-0.072305,-0.20652,-0.16553,0.10383,0.30232,0.24707,0.10625,-0.022675,0.021277,0.13372,0.080698,0.089855,0.11798,0.084544,0.013423,-0.049492,-0.099137,-0.14161,-0.16165,-0.17464,-0.11779,-0.098526,-0.16342,-0.19309,-0.18136,-0.14528,-0.060928,0.026899,0.093925,0.18332,0.21571,0.18997,0.11807,0.021739,-0.01332,-0.061063,-0.095327,-0.069336,-0.046707,-0.035165,-0.066994,-0.09982,-0.086041,-0.075994,-0.081583,-0.03369,-0.0014281,-0.019417,-0.0151,0.015274,0.018999,0.046406,0.09046,0.10349,0.14222,0.21296,0.22966,0.20455,0.23005,0.25991,0.23291,0.16441,0.087584,0.036066,0.036558,0.061568,0.079645,0.081596,-0.023603,-0.10571,-0.065432,-0.054391,-0.080877,-0.11922,-0.12946,-0.0063994,0.086639,0.47449,0.016738,-0.31244,-0.30228,-0.21851,-0.16033,-0.21772,-0.24224,-0.19742,-0.1213,-0.076497,-0.0035078,0.11393,0.20388,0.20232,0.14438,0.045978,-0.019513,0.0090999,0.070071,0.12594,0.13762,0.19476,0.16052,0.035861,0.029434,0.07765,0.063447,0.074212,0.097969,0.18127,0.56994,0.58077,0.11636,-0.2764,-0.36106,-0.31004,-0.2328,-0.18306,-0.13219,-0.049661,0.0052196,0.064905,0.061001,0.015053,0.00097229,0.026483,0.067576,0.10661,0.12292,0.060362,-0.13452,-0.29742,-0.28597,-0.21748,-0.18737,-0.10729,0.0035431,0.068669,0.12629,0.17678,0.1851,0.15312,0.14385,0.1268,0.018055,-0.10809,-0.14149,-0.033259,-0.10046,-0.16759,-0.18838,-0.21941,-0.20026,-0.17557,-0.14487,-0.11706,-0.1023,-0.10953,-0.11901,-0.13508,-0.096382,-0.072502,-0.12145,-0.10098,-0.030281,0.096552,0.21462,0.25561,0.24467,0.19049,0.1654,0.15162,0.13529,0.15299,0.14202,0.10708,0.11186,0.23822,0.36275,-0.73223,-1.4068,0.16805,-0.36733,0.05375,-0.19353,0.68507,-0.15487,-0.64869,0.72156,0.97005,0.055832,-0.33513,-0.025326,0.20294,0.018546,-0.093939,0.37912,0.047988,-0.037304,-0.0049042,-0.45836,0.41228,-0.13604,-0.050762,0.11284,-0.25468,0.1877,0.10398,-0.27417,2.4765,-0.22612,1.0827,1.242,-1.2146,0.1468,-0.042502,0.035917,-0.28072,0.46842,0.10858,-0.10917,-0.46728,0.26086,0.088967,0.037455,-0.01451,0.14433,-0.21866,-0.23038,0.37486,-0.18691,-0.35358,0.073584,0.040793,0.25225,0.035403,0.09637,-0.037794,-0.2761,2.338,0.67104,-0.71883,0.16083,0.13739,0.49422,-0.40146,-0.67373,0.40672,-0.1672,0.11676,-0.42942,-0.080975,0.017808,-0.26098,0.30281,-0.13069,0.37202,-0.43614,-0.16822,0.065197,-0.22128,-0.036541,0.48581,0.48471,0.11797,-0.17326,-0.027199,-0.21689,-0.026629,0.098888,-0.0039848,-1.2414,-0.3702,-0.0044165,0.37078,0.021856,0.3446,0.35024,-0.66332,-0.36644,0.39481,-0.060217,-0.23674,0.31949,-0.14804,0.19082,-0.070641,-0.16786,-0.2667,-0.53695,-0.0012686,0.21377,0.067791,0.22371,-0.0065221,-0.22642,0.14366,-0.068267,-0.10804,3.3741,-0.26599,-0.51493,-0.48397,0.57461,-0.74185,-0.69253,0.54721,0.26033,-0.030955,-0.10222,0.72558,-0.006588,-0.093856,0.42226,0.17336,0.46491,0.19915,0.24681,0.26707,-0.11738,-0.23786,0.081194,0.079452,0.13062,-0.21911,0.099662,-0.16625,-0.23236,0.097004,-0.12639,0.14848,0.94937,-0.059108,0.61613,-0.16303,-0.13255,0.16822,0.28781,-0.15642,-0.22801,0.37497,0.19213,0.18014,-0.18253,0.3599,-0.046351,-0.23357,0.18082,-0.26839,-0.025995,-0.40031,0.51144,0.032241,0.067446,-0.15577,-0.022863,-0.085067,0.091423,0.16903
0.43075,0.45245,0.23494,0.025384,-0.025618,0.082975,0.21422,0.23461,0.13114,0.072257,0.075922,0.079811,0.12022,0.15022,0.13297,0.027926,-0.07006,-0.12159,-0.16829,-0.16803,-0.14794,-0.1294,-0.17122,-0.25691,-0.27403,-0.13524,0.053761,0.062243,-0.0034851,-0.01539,0.017743,0.096027,0.20022,0.17175,0.1907,0.20599,0.16263,0.065827,-0.048851,-0.12009,-0.11805,-0.077848,-0.048015,-0.06137,-0.14414,-0.21692,-0.16562,-0.043044,0.040084,0.0097378,-0.045722,-0.048742,0.009194,0.07604,0.070385,0.023696,-0.034096,-0.019141,0.0194,0.026876,0.030998,0.03265,0.093629,0.16659,0.1922,0.20728,0.20841,0.1006,-0.0006077,0.085377,-0.13519,-0.51315,-0.73122,-0.63628,-0.31777,0.0014376,0.1659,0.16498,0.085151,0.056613,0.11874,0.18869,0.22368,0.24069,0.22008,0.14929,0.12482,0.15551,0.15685,0.16472,0.17515,0.050155,-0.03069,0.008916,-0.0043263,-0.024153,-0.067607,-0.094121,0.011528,0.086532,-0.41185,-0.33346,-0.17693,-0.1533,-0.18667,-0.19611,-0.27235,-0.37923,-0.37557,-0.20867,0.036822,0.16503,0.25749,0.28519,0.22627,0.14144,0.031902,-0.078525,-0.13574,-0.16823,-0.17037,-0.13782,-0.003898,0.036069,-0.0073147,0.032318,0.072286,0.032516,-0.0071869,-0.068611,-0.11021,0.27275,0.3193,0.060416,-0.14796,-0.20369,-0.14933,-0.040683,0.11263,0.24207,0.28038,0.24019,0.14152,0.0026423,-0.14245,-0.14411,0.04519,0.28555,0.43611,0.37235,0.1124,-0.17189,-0.3369,-0.39056,-0.35664,-0.28736,-0.18593,-0.083823,-0.022917,-0.032767,-0.055159,-0.03935,-0.010662,0.040464,0.078748,0.062391,0.095199,0.10624,0.072874,0.12261,-0.065896,-0.052103,0.10309,0.04022,-0.09928,-0.13385,-0.11244,-0.095898,-0.083865,-0.085916,-0.027546,0.0066796,-0.082345,-0.16604,-0.20707,-0.18916,-0.074921,0.022332,0.038272,0.092426,0.097368,0.26399,0.37343,0.29829,0.23717,0.21872,0.17861,0.16536,0.27064,0.37965,-0.50946,-0.6531,-0.58956,-0.052573,-0.44907,-0.43199,1.0269,-0.56906,0.10013,0.39401,1.0118,-0.15363,-0.011722,0.25808,0.46042,-0.4109,0.14114,-0.39473,0.021872,-0.20406,-0.2849,-0.29979,-0.29889,-0.25232,0.1828,-0.19611,-0.30028,-0.13772,-0.045267,-0.034999,2.4068,0.57552,-0.32482,1.4427,-0.67635,0.23212,0.24191,0.6812,-0.68049,0.3254,-0.075161,-0.016874,-0.11733,-0.17396,-0.64144,-0.18421,0.78154,0.083262,-0.30844,-0.095357,0.16734,0.23614,-0.35429,0.037014,-0.00045657,0.34876,0.041856,0.13893,0.12884,0.11135,2.3091,-0.22989,-0.92995,-0.49504,-0.51363,-0.79388,-0.83065,-0.37256,-0.27872,0.028212,-0.47245,-0.42344,0.17665,0.33617,-0.3933,-0.34997,-0.2914,-0.10793,0.098306,-0.14425,-0.43484,-0.31019,0.14524,0.34789,-0.40117,0.053798,0.024071,-0.37503,-0.35152,-0.029301,-0.0080173,-0.13535,-0.14425,0.062225,0.40681,0.62064,0.3918,-0.28706,0.15777,-0.67179,-0.028661,0.21353,-0.087396,-0.096321,-0.38344,-0.24215,0.079575,-0.044498,-0.15057,0.027815,-0.077553,-0.01776,0.35968,-0.51257,0.17901,0.32311,0.071903,-0.1193,0.04399,-0.35362,2.6041,1.3169,-0.19514,0.42819,-0.54883,0.48481,-1.3567,0.40381,0.18561,-0.40262,0.038591,-0.034227,-0.31715,-0.078111,-0.0085815,-0.63041,0.077821,0.21683,-0.031419,0.30872,0.076607,0.016715,-0.025057,0.088261,0.017052,-0.085433,0.04217,-0.44452,-0.050057,0.19908,-0.11384,-0.041812,0.019359,-0.11438,0.092081,-0.93567,0.35129,-0.255,0.19375,-0.37691,0.1912,-0.0057641,-0.16448,0.3867,-0.68388,-0.1666,0.13869,0.024629,-0.38176,0.016959,-0.042614,-0.19602,0.13991,0.0034573,0.28702,0.13684,0.28018,0.0095532,-0.34779,-0.062392
0.012655,0.20192,0.38411,0.38873,0.35354,0.2388,-0.020373,-0.015447,0.12592,0.10361,0.076002,0.065852,0.06803,0.071189,0.053926,-0.0018452,-0.073692,-0.11714,-0.096475,0.0077084,0.15911,0.28127,0.32775,0.27498,0.12246,-0.030248,-0.10134,-0.084666,-0.020304,0.092325,-0.025387,-0.17564,-0.13141,-0.090036,0.035602,0.092961,0.091282,0.033081,-0.014893,-0.050736,-0.093495,-0.11495,-0.13367,-0.15529,-0.15323,-0.14461,-0.11099,-0.036048,0.014649,-0.0084866,0.027342,0.1017,0.11799,0.099957,0.038367,-0.020311,-0.047354,-0.070864,-0.074427,-0.061378,0.0082702,0.028705,-0.0075373,-0.012509,-0.046052,-0.067923,-0.029646,0.0021189,0.0085165,0.07669,0.10733,0.039345,-0.0031888,0.011242,0.13898,0.29585,0.35261,0.39793,0.48888,0.51298,0.40578,0.25514,0.1605,0.14171,0.11671,0.046329,0.0018403,0.015377,0.036997,0.047308,-0.085352,-0.18262,-0.14752,-0.19601,-0.26984,-0.2607,-0.2116,-0.18787,-0.15885,-0.13989,0.31639,-0.12871,-0.29874,-0.31852,-0.3323,-0.35124,-0.30808,-0.16092,-0.038428,-0.034807,0.007107,0.054492,0.087099,0.1085,0.081852,0.0015464,-0.068173,-0.092602,-0.061335,0.018955,0.11754,0.16885,0.14435,0.051494,0.12382,0.20412,0.13547,0.10869,0.13012,0.064796,0.04545,0.48333,0.63693,0.29405,-0.083985,-0.25755,-0.2873,-0.24351,-0.1874,-0.13272,-0.063872,-0.040355,-0.034785,-0.016026,-0.043326,-0.0065301,0.13146,0.26728,0.33951,0.29886,0.15455,-0.029616,-0.076432,-0.040384,-0.12353,-0.24021,-0.19598,-0.1167,-0.039126,0.040391,0.11961,0.16972,0.21132,0.33259,0.4444,0.37893,0.17861,-0.037672,-0.079233,0.00091721,0.01642,-0.15798,-0.29135,-0.27262,-0.26948,-0.25123,-0.16794,-0.1033,-0.10536,-0.10985,-0.13764,-0.078115,0.0015434,-0.038331,-0.041561,0.039114,0.15573,0.2126,0.21586,0.16942,0.15795,0.18512,0.18713,0.14069,0.067496,0.046028,0.07067,0.064793,0.07174,0.098009,-0.66431,-1.6111,0.34072,0.086494,0.60227,-0.12645,0.11998,0.11695,0.10025,0.76111,0.85682,-0.38093,-0.19059,0.23968,0.10017,0.0064146,0.4422,0.21741,-0.39143,0.1935,-0.32036,0.072299,-0.21324,-0.047583,0.29252,-0.00068974,-0.24386,0.3154,0.19525,-0.16104,2.2663,-0.62253,1.1833,1.2856,-1.3766,0.33789,-0.1287,-0.23086,-0.45976,0.5839,-0.30373,-0.33173,-0.61363,-0.24763,-0.28186,0.1514,0.01106,-0.32052,-0.5522,-0.32581,0.2249,-0.023264,-0.4239,-0.020291,0.038786,0.2264,-0.11304,0.044017,-0.16583,-0.24539,2.2123,0.94792,-1.5158,0.28455,0.12761,-0.34053,-0.15888,-0.39827,0.47517,0.11267,-0.014566,-0.72057,0.017456,0.40551,-0.18445,0.16089,0.22094,0.1696,-0.35857,0.064835,-0.3799,0.20393,-0.042392,0.18649,0.21227,0.19484,0.064864,0.043882,-0.13534,-0.014565,0.063901,-0.21296,-1.5412,-0.31159,-0.21216,0.26842,0.14149,0.13084,0.40547,-0.4043,0.37541,0.18975,-0.036572,0.11267,0.086787,0.31395,-0.16077,0.1441,-0.19892,0.19578,-0.39537,0.52852,-0.36914,-0.20733,0.33072,-0.023841,0.10159,-0.11405,-0.10802,-0.15967,3.3033,0.0098432,-0.71468,-0.52428,0.78899,-0.6074,-0.55152,0.45654,0.37442,-0.31197,-0.10361,0.021637,0.25657,-0.18058,-0.37487,0.20896,0.36904,0.55847,0.16442,0.047201,-0.1397,0.20085,0.0025685,0.011408,0.0028697,-0.19222,0.15103,-0.14901,-0.10058,-0.019285,-0.19331,-0.10258,1.2484,-0.0070696,0.62912,-0.019057,0.044009,0.37356,0.64632,-0.085874,-0.11273,0.11721,0.057485,0.10688,-0.47639,0.054456,-0.45223,-0.30971,-0.46135,0.11954,-0.049563,-0.19025,0.40657,-0.18568,-0.10407,0.096255,-0.13363,-0.12382,-0.093559,0.26959
0.24822,0.25659,0.14116,0.12804,0.2341,0.29309,0.26804,0.21611,0.19178,0.14262,0.093924,0.072924,0.090025,0.11476,0.10284,0.045799,-0.039503,-0.097978,-0.12317,-0.15805,-0.20055,-0.26803,-0.34679,-0.27767,0.013098,0.22343,0.18802,0.11953,0.045078,-0.029071,0.042937,0.16443,0.12795,0.16423,0.041499,-0.034594,-0.043029,-0.054368,-0.060248,-0.068873,-0.041575,-0.02136,-0.029535,-0.040104,-0.074812,-0.12179,-0.056188,0.061506,0.12403,0.14668,0.10477,0.10841,0.21373,0.26569,0.21229,0.13084,0.039016,-0.052241,-0.085497,-0.07358,-0.065115,-0.066588,-0.06763,-0.047082,-0.034769,-0.056723,-0.039564,0.026939,0.10897,0.05834,-0.11542,-0.25992,-0.38078,-0.41536,-0.32719,-0.16916,-0.041796,0.049439,0.10163,0.11357,0.096118,0.070207,0.090908,0.1485,0.17861,0.16877,0.16565,0.093933,0.042327,0.061427,0.075701,0.086062,0.046461,-0.089383,-0.18486,-0.19235,-0.19193,-0.27983,-0.38313,-0.40621,-0.61418,-0.41103,-0.17079,-0.13878,-0.17501,-0.22964,-0.18602,-0.087042,-0.12008,-0.10416,-0.045238,0.039656,0.13855,0.18939,0.15049,0.060187,-0.031192,-0.075861,-0.026027,0.067472,0.081527,-0.0052537,-0.10072,-0.065027,-0.023154,-0.085818,-0.11436,-0.12593,-0.11711,-0.058212,0.012975,-0.051387,-0.23731,-0.10398,0.26002,0.31894,0.17348,0.020693,0.02416,0.035731,0.017593,0.01443,0.052483,0.08425,0.08793,0.084696,0.041653,0.06777,0.16006,0.21348,0.12116,-0.18999,-0.44791,-0.4243,-0.26003,-0.1143,-0.035747,-0.016847,-0.0059835,-0.0002729,-0.01267,-0.026339,-0.035979,0.044345,0.22955,0.29114,0.19763,0.10868,0.057122,-0.041789,-0.063604,0.012015,0.082193,0.10606,0.082568,0.020709,-0.059015,-0.090358,-0.089095,-0.093929,-0.10421,-0.08677,0.021527,0.086105,0.030472,0.025269,0.016996,0.057836,0.11496,0.13999,0.15058,0.1244,0.097597,0.16184,0.17841,0.12875,0.086762,-0.023578,-0.14313,-0.16708,-0.35378,-1.2248,-1.7381,-0.020167,-0.205,-0.43021,0.5741,-0.17323,-0.2931,0.49136,0.9511,-0.2413,0.34114,0.54028,-0.11884,0.013169,0.061418,-0.045892,-0.16464,0.29505,0.46353,-0.081744,-0.10945,0.32277,0.22694,-0.040645,-0.1832,0.29686,-0.0060315,-0.12964,2.6413,0.66965,-0.13049,-0.0691,-1.0055,0.12182,0.20647,0.64393,-0.16699,0.3525,0.56478,0.22861,-0.86073,-0.14086,-0.44826,0.0043308,0.38133,-0.28295,-0.37187,-0.40296,0.16854,-0.37035,0.061166,0.072604,0.40819,0.17321,0.12977,0.045259,0.19132,-0.38696,2.2247,-0.04847,0.063011,-0.98927,-0.069082,-0.623,-0.80602,-0.58359,0.33751,0.14964,-0.32568,-0.53615,0.45071,0.21018,-0.25202,-0.17559,-0.50519,0.12196,-0.040167,0.47225,-0.0031904,0.13034,-0.12763,0.13822,0.13086,-0.11111,-0.078744,-0.36704,0.16334,-0.05806,-0.18653,1.0119,0.29371,0.39946,0.25404,0.62173,0.24093,-0.0097242,0.26577,-0.55899,0.070875,0.27605,0.155,-0.29943,-0.073992,-0.36479,-0.0091828,0.10554,-0.19477,0.64804,-0.058412,-0.021876,-0.024996,-0.34318,0.32359,0.14418,0.20447,0.14026,-0.12724,0.11065,2.9617,-0.76334,0.74632,0.33089,0.28386,0.34099,-0.27018,0.37604,0.29451,0.0043389,-0.18154,-0.70507,-0.091862,-0.4736,-0.0039248,0.0061406,0.309,-0.25021,-0.053454,-0.26971,-0.11922,0.12454,0.23784,-0.056937,-0.11664,-0.0083821,-0.05275,0.0076915,0.036584,-0.15236,-0.21758,1.0253,-0.41915,0.12381,-0.22356,-0.93911,0.086954,-0.21055,0.0034501,-0.53318,-0.085879,0.0070488,0.47421,0.28637,-0.48212,0.049896,0.0013598,-0.27901,-0.020156,-0.12681,-0.089559,-0.49316,-0.22779,-0.073006,0.26418,0.28769,-0.18075,-0.045626,-0.039221,0.3422
0.16378,0.26515,0.21326,0.052693,-0.04028,0.030383,0.16987,0.198,0.12493,0.019379,0.0077254,0.075534,0.11021,0.16005,0.18556,0.15188,0.004354,-0.12013,-0.1279,-0.11749,-0.13763,-0.13303,-0.12262,-0.096605,0.011481,0.11654,0.15351,0.11198,0.071458,0.095438,0.099231,0.12519,0.18113,0.14088,0.10085,-0.02619,-0.098728,-0.12152,-0.098389,-0.049006,-0.043108,-0.070993,-0.084019,-0.094313,0.0054955,0.097612,0.11115,0.1071,0.075391,0.014702,-0.038642,-0.02803,0.0024474,0.022334,0.033948,-0.0096054,-0.08256,-0.12874,-0.070465,0.00451,0.013641,0.0068494,0.0053086,0.033518,0.071226,0.080754,0.08962,0.088878,0.077049,0.026704,-0.14608,-0.32566,-0.40689,-0.38238,-0.31695,-0.26621,-0.24941,-0.17796,-0.080168,-0.033319,-0.013645,0.025712,0.14624,0.25581,0.25349,0.20524,0.17901,0.16466,0.16967,0.19023,0.2196,0.23745,0.16544,0.059758,0.037707,0.048741,-0.021392,-0.12156,-0.13647,-0.12525,-0.44693,-0.34797,-0.17744,-0.15336,-0.17502,-0.15797,-0.21803,-0.31593,-0.3313,-0.26103,-0.080255,0.10377,0.19151,0.26159,0.26141,0.18503,0.16257,0.17528,0.17439,0.18281,0.15882,0.026603,-0.11996,-0.14411,-0.12602,-0.1134,-0.11988,-0.079321,-0.080062,-0.16812,-0.21286,0.038319,0.050978,-0.17069,-0.13291,0.037753,0.10926,0.14161,0.12518,0.055183,-0.032229,-0.05252,-0.0013474,0.054028,0.11453,0.21466,0.2656,0.18875,0.099735,0.084371,0.090863,-0.022144,-0.19946,-0.29853,-0.3099,-0.24299,-0.10106,0.048485,0.091551,0.015679,-0.060614,-0.079088,-0.077385,-0.018221,0.091128,0.14973,0.12828,0.066815,0.0090195,-0.01569,-0.0041432,0.066601,0.1065,-0.011369,-0.11293,-0.090831,-0.043884,-0.015524,-0.040685,-0.070818,-0.092526,-0.15119,-0.095826,0.0050044,-0.03028,-0.0080625,0.00045034,0.050735,0.10623,0.13092,0.16756,0.13446,0.16338,0.31762,0.38094,0.33566,0.23526,0.13277,0.15172,0.21169,-0.56038,-1.1096,-1.4706,-0.15533,-0.29453,-0.32722,0.40808,-0.55557,0.18126,0.22427,1.3593,-0.06666,-0.2065,0.2088,0.032419,0.0098038,0.22599,0.20472,0.025235,0.029321,-0.15017,-0.039375,-0.29792,-0.09401,0.43899,0.041616,0.25074,-0.074947,-0.010408,-0.10449,2.7419,0.14451,-0.08556,0.09956,-1.0433,0.34386,-0.14274,0.78687,-0.32508,0.76037,0.31302,0.096809,-0.28576,0.11375,-0.22837,0.084736,-0.036813,-0.038599,-0.22729,-0.069629,0.14177,-0.084917,-0.070909,-0.26888,0.081915,0.071692,-0.26169,-0.0097484,0.26266,-0.026025,2.3075,-0.27125,0.19658,-0.9589,0.3312,0.51267,-1.0831,-0.61078,-0.1975,0.096758,-0.1286,0.024464,0.21824,0.17312,0.079595,0.12098,-0.23312,-0.074694,0.14719,0.21621,-0.16794,0.20951,0.32776,0.25262,0.02317,0.045738,0.068168,-0.20769,0.17984,-0.18467,-0.192,0.68531,0.15975,0.41497,0.25212,0.87221,0.80015,-0.15363,0.50469,0.12085,0.13704,0.1433,0.12977,-0.04886,0.0782,0.033551,-0.16857,-0.14165,-0.074616,0.16945,-0.070181,-0.041899,0.0087845,-0.25762,0.4132,0.14507,0.065411,0.24627,0.026562,0.15498,3.1446,-0.32597,0.60771,0.53783,0.65423,0.56059,-0.55853,0.7202,-0.14704,-0.22626,-0.012826,-0.132,-0.22673,-0.054997,-0.087017,-0.075606,0.14428,-0.0045675,0.10365,-0.22547,-0.040971,0.046305,0.41954,-0.43395,-0.1007,0.014241,0.12405,-0.24062,-0.19745,-0.14221,-0.15316,0.72707,-0.3307,-0.053506,-0.053789,-1.0288,-0.034744,-0.0090759,0.19349,-0.37779,0.048097,0.351,-0.11965,0.42041,-0.042042,0.26697,-0.10993,-0.097189,-0.074238,0.11067,-0.10282,-0.18618,-0.014996,-0.21733,0.12787,-0.11362,-0.037478,0.21,-0.16427,-0.094848
-0.018691,0.11062,0.17185,0.11136,0.018494,-0.0024853,0.083709,0.12929,0.061428,0.054263,0.091145,0.084284,0.090932,0.087582,0.065969,-0.0049009,-0.070904,-0.062186,-0.030016,-0.0056545,0.0085409,-0.0056288,-0.13988,-0.29468,-0.26931,-0.079118,0.12386,0.38564,0.48442,0.32801,0.081873,0.033031,0.089794,0.020878,0.016328,0.047302,0.033888,-0.011681,-0.043673,-0.070384,-0.11446,-0.10576,-0.094731,-0.11452,-0.1529,-0.066912,0.026802,0.026096,0.049298,0.074074,0.092468,0.017791,-0.035216,0.021072,0.02139,-0.016714,-0.076072,-0.065872,-0.017244,0.0075975,0.020092,0.0064377,-0.064055,-0.12326,-0.092066,-0.042914,-0.0097266,0.018569,-0.028839,-0.095724,-0.033378,-0.081133,-0.16285,-0.21236,-0.23542,-0.19741,-0.12335,-0.062839,-0.091016,-0.16611,-0.17576,-0.10947,-0.046324,0.049867,0.14299,0.15375,0.13552,0.14146,0.1741,0.18224,0.19248,0.1931,0.090026,0.056377,0.16745,0.24523,0.25948,0.15318,0.097928,0.10591,-0.080233,-0.1518,-0.13519,-0.1568,-0.17755,-0.13565,-0.18176,-0.28279,-0.27794,-0.15741,0.014778,0.09885,0.14421,0.14027,0.094017,0.067816,0.065829,0.081193,0.11172,0.13412,0.15048,0.1357,0.072919,-0.032184,-0.045859,0.033815,0.057637,0.10578,0.15869,0.21691,0.19333,0.19742,0.25123,-0.0083561,-0.19791,-0.25293,-0.21956,-0.18946,-0.14496,-0.089426,-0.0054162,0.0053733,-0.020767,-0.023634,-0.011507,-0.059694,-0.082546,-0.056506,-0.029915,-0.019301,-0.029896,-0.13045,-0.23966,-0.30999,-0.29508,-0.23668,-0.12113,0.010022,0.083219,0.076795,0.023454,-0.045786,-0.099707,-0.11778,-0.078743,-0.042375,-0.025928,-0.014627,-0.046201,-0.021881,0.050031,0.033291,0.020748,0.045984,0.071322,0.10066,-0.011133,-0.10913,-0.077853,-0.026197,-0.010284,-0.072768,-0.15589,-0.12656,-0.065888,-0.11208,-0.1188,-0.028404,0.062052,0.082448,0.10198,0.048934,0.045998,0.064469,0.27286,0.43164,0.37465,0.24254,0.22096,0.2901,-0.61078,-1.7872,-0.68985,-0.18548,-0.24711,-0.27421,0.5249,-0.22929,-0.11895,0.2811,1.1615,0.12964,-0.18095,-0.0091988,-0.12576,0.20361,0.33319,-0.10608,0.13331,0.37994,0.090348,-0.084117,0.22419,-0.3131,0.082715,0.02648,-0.23094,0.10002,0.1378,-0.11808,2.4145,0.4733,0.62211,0.36228,-1.4308,-0.010809,0.37912,0.61822,-0.097975,0.14557,0.50748,-0.18952,-0.14664,0.13781,-0.079688,0.28996,0.055188,0.031569,-0.0084357,0.011345,0.53716,0.16151,0.034106,-0.05391,0.097487,0.22515,0.13173,-0.2387,0.22882,-0.1721,2.3201,0.14595,0.10894,-0.05439,-0.39724,0.062686,-0.95468,-0.84155,-0.027059,0.17904,0.047984,0.13225,0.37282,-0.099682,0.13786,0.13287,-0.2672,0.061785,-0.032046,-0.12215,-0.11441,-0.49053,0.19153,0.24646,0.23432,0.11948,0.0074572,-0.13491,-0.042642,-0.10186,0.066428,0.95243,-0.57271,-0.179,-0.026642,0.52454,0.71957,-0.023759,0.26254,0.013221,-0.16416,0.44024,-0.043066,-0.43833,0.081736,0.28749,0.20749,-0.21901,0.22425,0.089652,-0.11535,0.10395,0.25157,-0.010907,0.22539,0.059799,0.15544,-0.038902,-0.099116,0.039054,3.1603,-0.75814,0.10386,-0.04808,0.95604,0.14227,-0.43566,0.6378,-0.19895,-0.19544,-0.44229,-0.19657,0.19188,-0.12075,0.13753,0.13028,0.31746,-0.28756,0.35186,0.07471,-0.21033,-0.010871,0.14038,-0.08262,0.10917,-0.018573,-0.023757,0.25683,-0.011016,0.11314,-0.097024,1.0076,0.2387,0.10275,0.43486,-0.63073,0.23007,-0.40428,-0.32002,-0.39555,-0.27879,0.16875,0.16631,0.34586,-0.10962,0.48949,-0.41381,0.10835,-0.12843,0.13903,-0.29535,-0.15965,0.19298,-0.014052,-0.025729,0.1027,0.4229,-0.11574,-0.119,-0.22609
0.4547,0.40599,0.15841,0.0327,0.074542,0.16491,0.19357,0.13529,0.083944,0.0602,0.058583,0.095359,0.13418,0.14203,0.079299,-0.021105,-0.062506,-0.030964,0.032262,0.042221,-0.19814,-0.46119,-0.52534,-0.27956,0.088093,0.14555,0.20691,0.17835,0.14781,0.1042,0.15016,0.21707,0.21592,0.19202,0.21785,0.2346,0.17037,0.07785,0.042307,0.036685,0.008983,-0.017803,-0.037786,0.058979,0.072238,0.047735,-0.058574,-0.22496,-0.10737,-0.043114,-0.074702,-0.066017,0.044834,0.12897,0.13464,0.080653,-0.0010827,-0.0016211,-0.0081651,-0.051388,-0.031385,-0.0018574,0.023956,0.036193,0.12354,0.1115,0.084137,0.18368,0.14551,0.10316,0.14547,-0.11369,-0.43443,-0.57996,-0.50618,-0.36627,-0.23366,-0.12221,-0.10543,-0.13004,-0.12106,-0.049161,0.086675,0.19634,0.21972,0.17828,0.1067,0.10296,0.1443,0.14756,0.15714,0.16213,0.065141,-0.016297,0.04319,0.067915,-0.04368,-0.14835,-0.15446,-0.14302,-0.66755,-0.46296,-0.20128,-0.11723,-0.12469,-0.18838,-0.27245,-0.23302,-0.063191,0.097347,0.23077,0.32298,0.35097,0.31771,0.26611,0.25364,0.25972,0.27295,0.31002,0.31326,0.1133,-0.20548,-0.26648,-0.21577,-0.21868,-0.23063,-0.23748,-0.24525,-0.050834,0.13295,0.072979,-0.11598,-0.30307,-0.4432,-0.39092,-0.29717,-0.1557,-0.045988,-0.058503,-0.14784,-0.17953,-0.1611,-0.10955,0.1515,0.58903,0.62038,0.19783,0.049873,0.19949,0.28601,0.18692,-0.10215,-0.38083,-0.49414,-0.47732,-0.3798,-0.21998,-0.10984,-0.1203,-0.11874,0.021756,0.1868,0.28415,0.29434,0.43078,0.61573,0.57977,0.29476,0.075692,0.080078,0.098512,-0.070352,-0.11693,-0.043452,-0.068669,-0.092531,-0.084362,-0.07341,-0.056976,-0.043198,-0.057315,-0.073802,-0.0876,-0.14827,-0.2132,-0.22607,-0.19065,-0.08508,0.0059716,0.037784,0.083472,0.056862,0.079033,0.17574,0.24476,0.21899,0.17866,0.15727,0.17057,0.21741,-0.78119,0.016407,-1.5119,0.19429,-0.80951,-0.27225,0.6407,0.13976,-0.4088,0.15524,1.0442,0.46844,0.27118,0.35486,-0.37527,0.45289,0.34468,0.32256,-0.36052,0.040422,0.33907,-0.13333,0.072724,0.072401,0.097884,-0.15708,0.26907,0.30404,0.22595,0.12152,2.6252,0.6934,-1.331,0.71834,-0.17735,0.048961,0.24275,0.21004,-0.93726,-0.11859,0.63246,0.044151,-0.28464,0.33354,0.69928,-0.067213,0.41569,-0.1007,-0.23747,-0.081923,0.25272,-0.024547,-0.21467,-0.43383,0.20554,0.031699,-0.088045,-0.15655,0.18976,-0.071967,2.3538,-1.3981,0.23057,-1.1731,0.48608,0.57357,-0.60087,-0.38205,0.069719,0.072379,0.23038,0.28584,0.34583,0.49838,0.23138,0.64153,-0.18911,0.082499,-0.074599,-0.13222,0.02942,0.2533,0.23013,0.1082,0.10317,-0.2349,0.56898,0.17881,0.059166,-0.031783,0.034285,0.38905,1.1134,0.49298,-0.13508,0.66851,0.36031,0.091156,0.13051,0.67864,-0.17767,0.37,0.48275,0.17523,0.01118,0.21034,0.12649,-0.36428,0.15894,0.23644,-4.141e-05,0.32105,-0.14789,0.14994,0.44387,0.50295,0.35771,0.16101,0.10267,-0.20721,3.1598,0.1614,1.538,0.54579,0.65567,0.29677,-0.49166,0.41483,-0.38966,-0.31769,-0.78257,-0.51407,0.065412,-0.037564,-0.39733,0.18868,0.33041,0.18352,0.32552,-0.040698,-0.041737,-0.063938,0.078388,-0.33345,-0.13911,0.37323,-0.20832,0.059662,-0.075201,0.11382,0.13616,0.2159,-1.3048,-0.085224,-0.25493,-0.84087,-0.43557,-0.57707,0.1495,-0.17917,-0.23935,0.54127,0.39887,0.09165,-0.036196,0.27625,-0.26697,0.13792,0.58955,0.10532,0.075845,-0.40412,0.074834,-0.18433,-0.10095,-0.10629,0.0069699,0.14944,-0.21619,0.23456
0.38841,0.28545,0.02795,-0.098648,-0.13348,-0.047439,0.062789,0.10799,0.10588,0.071232,0.04849,0.071299,0.12054,0.1658,0.18459,0.14465,-0.055889,-0.25554,-0.30337,-0.26059,-0.24358,-0.33488,-0.40831,-0.3641,-0.28264,-0.19478,-0.072248,0.012711,0.073851,0.048151,-0.011508,0.064079,0.27021,0.5231,0.44833,0.1797,0.092729,0.0047646,-0.044589,-0.03938,0.046396,0.098059,0.13841,0.17469,0.14262,0.12772,0.16196,0.062925,-0.09374,-0.10563,-0.14087,-0.087176,0.045703,0.12613,0.13226,0.08419,0.0070312,0.056777,0.14035,0.13178,0.086936,0.095164,0.24743,0.3489,0.30477,0.22948,0.22236,0.076732,-0.10357,-0.085647,-0.12,-0.26576,-0.49024,-0.58284,-0.61782,-0.59122,-0.50326,-0.4581,-0.46322,-0.45677,-0.38999,-0.21922,0.056654,0.25918,0.25055,0.17512,0.12504,0.13569,0.139,0.14368,0.14566,0.04182,-0.036488,0.0062391,0.0095863,-0.033946,-0.094819,-0.17431,-0.36167,-0.46081,-0.75736,-0.4523,-0.11696,-0.056398,-0.050221,0.01341,0.051915,-0.013723,-0.033675,0.031727,0.14569,0.21069,0.24474,0.27669,0.25697,0.17415,0.13524,0.099437,0.056079,0.094541,0.070856,-0.1018,-0.19018,-0.09769,-0.0097523,-0.060906,-0.12854,-0.11646,-0.10913,-0.080204,0.0042906,-0.372,-0.48491,-0.35328,-0.25722,-0.11448,-0.023739,0.064813,0.12201,0.12126,0.0092323,-0.11139,-0.058505,0.16074,0.3625,0.48724,0.47717,0.32481,0.21306,0.18684,0.086086,-0.1045,-0.34318,-0.46888,-0.46933,-0.39393,-0.23827,-0.076172,-0.030416,-0.14663,-0.28274,-0.22631,-0.014706,0.074381,0.14387,0.32094,0.32624,0.16705,0.094533,0.15713,0.15877,0.11757,0.10416,0.16645,0.20075,0.2309,0.26036,0.20361,0.1512,0.16468,0.108,-0.035117,-0.12076,-0.15316,-0.19905,-0.18044,-0.065727,0.024136,0.034128,0.070028,0.05492,0.084995,0.10471,0.05914,0.070612,0.071757,-0.029903,-0.13051,-0.41939,-0.67775,-0.20858,-0.22861,-2.4024,0.26776,-0.68582,-0.56746,1.067,0.14866,0.39018,-0.29933,0.46531,0.14176,0.17052,0.40275,0.16239,-0.025378,0.16453,0.62039,0.2142,0.27813,-0.15775,-0.085238,0.18537,-0.0069313,-0.11442,0.025295,0.082273,0.17959,0.1236,0.0081782,2.4814,0.58304,-1.4733,-0.96564,-1.1622,0.02254,0.36132,0.73949,-0.6061,-0.27531,0.33604,0.48233,-0.075089,-0.57286,0.27292,-0.17907,-0.20549,0.059108,0.050954,-0.19393,0.068649,0.094602,-0.22723,0.15597,0.052208,0.32596,-0.1164,-0.1028,-0.048865,0.29707,2.3594,-1.3286,0.75586,-1.6842,-0.2888,-0.6415,-0.76121,-0.064133,-0.46187,0.12803,0.045843,0.45339,0.31565,-0.53068,0.32227,-0.40645,-0.067117,-0.021925,0.10132,0.26661,-0.10854,0.061421,0.1112,0.029597,0.44688,0.1002,0.24252,-0.094712,-0.23692,-0.092169,-0.11862,1.3766,1.645,0.95767,0.39289,0.28575,0.20064,-0.60386,-0.1473,0.016233,-0.44899,-0.18734,-0.056873,-0.44603,-0.029345,0.03641,0.039866,0.18468,0.10209,-0.15185,0.40217,0.028022,-0.28997,0.2702,0.31722,0.15979,-0.16487,-0.052604,0.18304,-0.24026,3.0369,-0.019574,1.9102,0.9109,0.59966,1.3141,0.10284,-0.28756,-0.32046,0.26597,0.23644,-0.052852,-0.023544,-0.24405,-0.27128,0.26839,0.24537,-0.20015,-0.14037,-0.1749,-0.19938,0.045158,0.11575,-0.43052,0.013429,0.39783,0.07005,-0.36431,-0.099899,0.39444,0.06473,1.2034,-1.7997,0.19926,-0.83713,-1.0298,0.46929,-0.89973,0.22687,-0.16153,0.076026,-0.4332,-0.15513,0.083475,0.10003,0.098223,-0.48503,-0.068028,0.16508,-0.19924,-0.1781,0.0095345,-0.019764,-0.15432,-0.16208,-0.20709,0.072485,-0.35617,-0.054485,-0.29655
0.31864,0.22919,-0.028596,-0.14812,-0.11537,0.008079,0.06134,0.1268,0.21568,0.21175,0.19244,0.18639,0.15164,0.15885,0.19479,0.15741,0.056634,-0.14285,-0.27759,-0.23595,-0.12539,-0.095865,-0.24839,-0.34529,-0.21278,-0.032187,0.047762,0.047215,0.042907,0.082154,0.15069,0.0049453,0.24123,0.37177,0.22342,0.21238,0.1319,0.026552,-0.023989,-0.019296,-0.015899,-0.028506,-0.048279,0.075925,0.1424,0.12564,-0.067812,-0.30565,-0.25942,-0.25096,-0.29533,-0.16092,0.10544,0.29365,0.34421,0.2613,0.013774,-0.16647,-0.13175,-0.084115,-0.056955,0.10827,0.25442,0.26817,0.25463,0.18267,0.16991,0.050653,-0.10724,-0.10657,-0.24885,-0.29732,-0.3,-0.29994,-0.28281,-0.24555,-0.23381,-0.22478,-0.20652,-0.19801,-0.16923,-0.088482,0.020731,0.087792,0.099574,0.079169,0.012562,-0.015233,0.015625,0.043808,0.054416,0.049761,-0.0067204,-0.061088,-0.11644,-0.16336,-0.17982,-0.20851,-0.167,-0.12711,-0.67674,-0.40296,-0.090334,-0.032769,-0.060342,-0.066982,-0.063381,-0.0089571,0.051986,0.024778,0.054884,0.056488,0.14092,0.25226,0.25601,0.17855,0.069793,0.035911,0.043332,0.082497,0.19104,0.20574,0.036335,-0.087143,-2.3972e-05,0.076437,0.085492,0.033742,-0.0049534,0.00057019,-0.10054,-0.78654,-0.92406,-0.66329,-0.2735,-0.24274,-0.11934,0.0090841,0.067485,0.03538,-0.04721,-0.12721,-0.12429,0.18326,0.51128,0.42202,0.15815,0.10793,0.17868,0.2282,0.18006,0.14724,-0.10761,-0.45309,-0.58737,-0.40758,-0.080039,0.10983,0.11639,0.045956,-0.013243,0.12097,0.40705,0.51166,0.46732,0.49813,0.43288,0.23224,0.11673,0.02243,-0.080297,-0.036519,-0.013163,0.0012992,0.014995,-0.0056123,-0.054401,-0.054656,-0.033906,-0.033544,-0.055708,-0.069687,-0.042698,-0.042926,-0.072644,-0.062483,0.041745,0.18292,0.26347,0.27786,0.23626,0.15258,0.068015,-0.040709,-0.10997,-0.11972,-0.16606,-0.22813,-0.27661,-0.3023,-0.19332,-0.10052,-2.43,0.023345,-0.08029,0.14649,0.44295,0.83483,-0.23164,0.35425,0.73847,0.258,-0.068992,0.32621,0.29581,-0.038243,0.0072059,0.11398,0.13517,0.14503,-0.10715,-0.40937,0.24761,-0.077689,0.026042,0.029949,-0.23541,-0.31979,-0.41615,-0.31667,2.4863,0.58275,-1.3518,-0.81247,-1.0044,-0.46214,0.48729,-0.37775,-0.032424,-0.18858,0.27028,0.23481,-0.44954,-0.0094983,0.32108,-0.233,0.30283,0.15245,-0.09225,-0.18181,0.21943,-0.1634,-0.37392,0.3151,0.14037,0.0056773,-0.22055,-0.0063268,-0.018793,0.044453,2.5286,-0.94963,0.52677,-1.7305,-0.19458,-0.54451,0.43643,-0.32024,0.78393,-0.1755,0.29793,-0.066618,0.28515,0.28037,-0.11805,0.33014,-0.49529,-0.90822,-0.068854,0.053103,0.27451,0.14074,0.15336,0.032193,0.45552,-0.15368,0.31097,0.25482,-0.059577,-0.11435,-0.052433,1.075,1.4145,0.98151,0.037835,0.067744,-0.49259,0.29311,-0.13453,-0.073167,-0.032558,-0.041793,0.27955,0.026343,0.050254,0.3314,-0.045932,0.053684,0.093853,0.21138,-0.4918,0.00043263,-0.015897,0.67972,0.03945,-0.075011,-0.25658,-0.061436,0.055821,-0.14907,3.0468,0.14345,1.8778,0.8147,-0.21651,0.16583,0.189,-0.58533,-0.2272,-0.58108,-0.26244,-0.38615,-0.11398,0.20085,-0.024929,0.035752,0.20835,-0.1224,-0.033093,-0.22766,0.071857,-0.19536,0.29577,-0.39724,0.071566,0.40042,0.066648,0.1079,-0.43066,0.071084,0.017768,0.84927,-1.5478,0.13707,-1.0995,-0.045404,-0.03868,-0.079433,0.78968,0.60733,-0.0020437,0.19369,0.3455,0.14195,-0.066882,0.24928,-0.17568,-0.33081,0.4556,-0.26667,0.22851,-0.22354,0.15057,0.10143,0.11368,-0.21922,-0.096027,-0.24264,0.027906,0.25451
-0.0098294,0.045719,0.37881,0.58595,0.60289,0.31343,-0.036766,-0.037814,0.0069712,-0.017126,-0.033332,-0.026432,-0.045362,-0.055952,-0.022079,-0.0083417,-0.078913,-0.14732,-0.16603,-0.11231,-0.049492,0.053547,0.22209,0.31388,0.26618,0.13812,0.084337,0.054799,-0.02533,0.037738,0.15384,0.13414,0.062109,-0.036039,-0.037798,0.020849,0.0095676,-0.06062,-0.071569,-0.079261,-0.13013,-0.15913,-0.17791,-0.12596,-0.10024,-0.13194,-0.10219,-0.035888,-0.0010229,0.097054,0.15272,0.15346,0.10221,0.012534,0.026509,-0.0015797,-0.053837,-0.085458,-0.092504,-0.08526,-0.068297,-0.061339,-0.084436,-0.087547,-0.062677,-0.040504,-0.016219,-0.012179,0.016536,0.075024,0.090647,0.097813,0.032339,-0.015608,0.011488,0.071368,0.14717,0.22353,0.24151,0.17431,0.08595,0.08213,0.12652,0.13719,0.12529,0.097872,0.058341,0.027705,0.03638,0.061587,0.087116,0.10573,-0.0029833,-0.08034,-0.0061624,0.11484,0.18255,0.12884,-0.0034776,-0.080372,0.2488,0.1755,-0.13397,-0.28516,-0.29268,-0.21532,-0.046178,-0.10763,-0.2136,-0.24007,-0.16078,-0.073315,-0.046736,-0.012451,0.0077609,-0.017476,-0.075857,-0.12718,-0.14367,-0.11437,0.050965,0.24024,0.30954,0.26258,0.17157,0.20751,0.26687,0.25573,0.2412,0.24134,0.20821,0.37751,0.39571,0.041534,-0.34059,-0.50278,-0.48847,-0.4088,-0.30649,-0.19699,-0.12553,-0.092428,-0.053668,-0.052442,-0.049519,0.031425,0.16564,0.28298,0.3161,0.21896,0.076941,-0.064479,-0.23647,-0.31475,-0.33442,-0.30366,-0.2135,-0.12041,-0.046907,0.029756,0.084322,0.078831,0.039203,0.077978,0.1282,0.064232,-0.07149,-0.13852,-0.057893,0.00046684,-0.13993,-0.24118,-0.22415,-0.20261,-0.17863,-0.14865,-0.12167,-0.11027,-0.1147,-0.11074,-0.057377,-0.0027574,-0.035307,-0.098723,-0.13091,-0.1381,-0.095553,0.035404,0.15697,0.19604,0.20195,0.16737,0.18011,0.16746,0.14901,0.27724,0.33531,0.2643,0.30561,0.39245,-0.36294,-1.3391,0.48645,-0.31887,0.37547,-0.18076,0.26623,0.042091,-0.45763,0.449,0.56936,0.19285,-0.18047,0.0069948,0.19999,0.02122,0.36624,0.21137,0.0045581,0.47206,-0.21144,-0.10818,-0.29484,-0.29203,-0.0024239,0.15264,-0.052858,0.40895,0.19597,-0.099299,2.2579,-0.3093,1.2069,1.2651,-1.7633,-0.13292,-0.020237,0.14368,-0.087485,-0.21146,0.00046884,-0.33413,-1.2441,-0.23938,0.17267,0.1542,-0.0068878,0.019564,-0.165,-0.03602,0.087827,-0.12967,-0.29567,-0.021654,0.0011637,0.069885,0.084018,-0.10747,0.14611,-0.37637,2.2482,0.39146,-1.0378,0.71749,-0.98516,-0.15269,-0.22951,-0.13541,0.5599,0.038368,0.021463,-0.68811,0.66498,0.026413,0.048274,-0.057758,0.24723,-0.0043253,-0.21606,-0.052492,-0.11222,0.076083,-0.052386,-0.13161,0.36981,0.15289,-0.1191,0.33541,0.092852,-0.046812,0.35282,0.10986,-1.2081,-0.69272,-0.36831,-0.21326,0.43644,0.34986,-0.19633,-0.44357,0.016829,0.40818,-0.29848,-0.64757,0.027934,0.25956,-0.13441,0.18841,0.11007,0.054544,-0.18424,0.32268,-0.41377,0.031734,0.21122,-0.052902,0.051299,-0.15187,-0.081851,0.072531,3.234,-0.046441,-0.56826,-0.72154,1.2419,-0.53424,0.20599,0.4914,-0.14427,-0.063058,0.077452,0.26335,0.50636,-0.27244,-0.010361,0.14591,0.070055,0.15335,0.35763,0.20736,-0.13531,0.35994,-0.33385,-0.15159,0.0073248,-0.074656,0.010616,0.068254,-0.28243,0.24988,0.16338,0.16126,1.0308,0.24694,0.77015,0.028699,0.46509,0.043674,-0.23514,0.17071,-0.7491,-0.11272,0.15403,0.43908,-0.29814,0.55486,-0.62428,-0.43709,-0.23359,-0.12565,-0.12674,-0.076849,0.093326,-0.013222,-0.39972,0.095726,-0.27824,0.089747,-0.067248,0.27665
0.18616,0.51106,0.51304,0.30544,0.1773,0.1077,0.072922,0.065846,-0.004937,0.00018062,0.059476,0.0596,0.061664,0.045355,0.0064013,-0.042273,-0.1076,-0.1841,-0.22304,-0.197,-0.11808,-0.050679,-0.069972,-0.11111,0.085189,0.31603,0.23873,0.049886,-0.065649,-0.16634,0.010156,0.11742,0.066802,0.036015,0.084053,0.11268,0.084858,0.021282,0.034466,0.054504,0.011448,-0.017339,-0.032035,-0.039018,-0.068339,-0.13534,-0.17127,-0.12082,-0.041553,-0.024623,-0.03142,-0.02531,0.046533,0.13742,0.14749,0.099758,0.022212,0.0095153,0.031503,-0.0076604,-0.039555,-0.027483,-0.017032,-0.011079,-0.0055745,-0.014838,-0.033598,-0.011111,0.074691,0.023802,-0.10293,-0.068417,-0.020052,0.11114,0.2253,0.24722,0.20491,0.14427,0.089379,0.048321,0.037784,0.10404,0.20231,0.24071,0.21007,0.12577,0.037836,0.015476,0.031902,0.046352,0.049283,-0.059402,-0.12956,-0.083252,-0.093985,-0.07746,-0.062235,-0.13732,0.061068,0.30071,-0.17204,-0.38613,-0.35263,-0.28473,-0.25118,-0.21073,-0.20116,-0.25675,-0.22226,-0.076913,0.072192,0.098141,0.098381,0.065976,-0.00078594,-0.060993,-0.11172,-0.17823,-0.22832,-0.22131,-0.13186,0.02604,0.07433,0.0024583,0.15709,0.2752,0.2663,0.20212,0.15902,0.21133,0.12943,0.19463,0.27716,0.025119,-0.23509,-0.31148,-0.27282,-0.21938,-0.16679,-0.11434,-0.025078,0.085131,0.18299,0.24797,0.21173,0.092345,0.053496,0.13092,0.2339,0.25036,0.10369,-0.21143,-0.5034,-0.62557,-0.61448,-0.53147,-0.37612,-0.19632,-0.061495,0.011217,0.045314,0.071684,0.081555,0.068554,0.023538,0.0079883,0.04335,0.11118,0.1959,0.052828,-0.017056,0.0064329,0.012608,-0.090383,-0.16227,-0.13203,-0.1218,-0.11147,-0.050587,0.0093583,-0.0020492,-0.014743,-0.066681,-0.15243,-0.1722,-0.11587,0.031171,0.15188,0.17839,0.16677,0.12115,0.16179,0.21704,0.17466,0.16469,0.18788,0.15994,0.18976,0.40867,0.58115,-0.24327,-0.75341,0.027485,-0.020656,0.36287,-0.095054,-0.11703,-0.31785,0.073501,0.41198,0.37695,-0.14315,-0.19367,0.12092,0.34074,0.37758,0.63434,0.059209,0.015123,0.41406,0.40936,0.28641,-0.14193,-0.18315,-0.0037344,0.17052,0.024935,-0.0030341,0.080495,0.014068,1.3693,-1.9557,0.6792,0.37606,-1.8765,0.50854,-0.86238,0.069218,-0.14114,0.0267,-0.41959,0.052344,-0.45585,-0.10463,-0.28042,0.52371,0.23548,0.27442,-0.34009,-0.093458,0.23687,0.072022,-0.076319,0.067101,0.31401,-0.16479,-0.052063,-0.021621,-0.14343,-0.0082022,2.2589,-0.078481,-1.1151,0.14315,0.022941,0.9485,-0.39455,0.14159,0.25818,0.71482,-0.27398,-0.40279,-0.20779,-0.28984,0.39779,-0.01771,-0.11215,0.051028,-0.68436,-0.087022,-0.0024429,-0.17915,0.23044,0.17108,-0.14002,-0.065025,-0.17921,-0.46648,-0.087292,0.076079,0.026961,-0.46998,-0.72915,-0.35999,0.18474,0.12824,0.51729,0.36959,-0.3832,-0.78832,0.079443,0.01279,-0.54989,-0.25377,0.021559,0.20137,0.10863,-0.09229,0.12951,-0.0096908,-0.23363,0.19133,0.20389,0.12266,-0.21188,0.36774,0.005504,-0.0045809,0.011496,0.25027,2.6102,1.0674,-0.40366,-0.3874,0.34903,0.40725,0.75866,0.44951,0.041873,-0.256,0.19195,-0.14355,0.23168,0.13586,0.13526,-0.017813,-0.016429,-0.053226,0.32006,0.5622,-0.18595,0.63076,-0.025991,-0.22908,-0.15833,-0.29744,0.2751,-0.39959,-0.13135,0.21063,-0.066414,-0.39517,0.60217,-0.013501,0.44789,-0.18186,0.3725,0.20205,-0.27723,0.45829,-0.47465,-0.35123,-0.25985,0.14504,-0.19131,-0.033347,-0.13074,-0.10462,-0.52303,-0.0037271,-0.10288,-0.47278,0.16087,0.21019,-0.24612,-0.29226,-0.059835,-0.1604,0.050066,-0.11652
0.044716,0.33351,0.78419,0.69115,0.20658,-0.22149,-0.13698,-0.00092645,-0.053941,-0.12948,-0.078949,0.014339,0.0071201,-0.014039,-0.058453,-0.1281,-0.14026,-0.12284,-0.12882,-0.052924,0.037003,0.42601,0.76408,0.63957,0.26023,-0.0085564,-0.18904,-0.16845,-0.0030347,0.084708,-0.034369,-0.14044,-0.097102,-0.095301,-0.0043932,0.05729,0.055473,-0.0082992,0.04855,0.092367,0.036485,0.0037327,-0.016125,0.02033,-0.0023802,-0.068521,-0.030812,0.042512,0.087312,0.052856,0.0096378,0.0026574,0.067102,0.145,0.14255,0.095288,0.034892,-0.029457,-0.073098,-0.071706,-0.051873,-0.029703,-0.012924,-0.0063787,-0.0095832,-0.054075,-0.10193,-0.099965,-0.092467,-0.03762,-0.31753,-0.45671,-0.25565,0.054353,0.25025,0.39621,0.55934,0.6209,0.47822,0.2735,0.15142,0.13195,0.11918,0.056138,0.018224,0.028093,0.0094059,0.0051406,0.024908,0.03721,-0.081326,-0.17333,-0.15939,-0.19177,-0.1913,-0.20066,-0.12164,0.087513,0.27357,0.3725,0.73985,-0.0035517,-0.2749,-0.30344,-0.29478,-0.19531,-0.20873,-0.24526,-0.22427,-0.13457,-0.03849,0.013273,0.0062856,-0.018009,-0.084212,-0.17178,-0.24998,-0.2938,-0.28353,-0.21296,-0.14033,0.3079,0.53878,0.49757,0.41486,0.33203,0.27775,0.24798,0.24735,0.16821,0.081016,0.42109,0.57159,0.12432,-0.34739,-0.53141,-0.56757,-0.51446,-0.40147,-0.28878,-0.20941,-0.14548,-0.090324,-0.05603,-0.0073644,0.098048,0.24534,0.38007,0.44021,0.36723,0.13505,-0.20124,-0.44568,-0.50781,-0.46017,-0.38599,-0.29709,-0.2141,-0.12002,-0.0068759,0.091887,0.15249,0.17566,0.15628,0.04999,-0.14966,-0.3017,-0.26164,-0.10343,0.036385,-0.11827,-0.22757,-0.27462,-0.33414,-0.32901,-0.21277,-0.099762,-0.10564,-0.15859,-0.058876,0.076497,0.042085,-0.0059464,0.049621,0.14719,0.14867,0.17706,0.18882,0.16596,0.13953,0.23544,0.30607,0.25761,0.224,0.23903,0.18318,0.184,0.27621,0.34034,0.38444,-0.26039,-0.8014,1.4083,-0.13076,0.74077,-0.12391,-0.25051,-0.080864,-0.30009,0.59527,-0.22392,-0.17438,0.26641,0.62656,0.35152,-0.188,0.30418,0.064723,-0.040892,-0.23493,-0.23329,-0.3158,-0.1912,-0.27948,0.02887,-0.21257,0.34818,0.23702,-0.027064,-0.052276,1.2708,-2.3648,2.1603,-0.036356,-1.3235,-0.97556,0.74966,-0.36716,0.46341,0.23872,-0.80925,-0.019835,-0.57811,-0.071558,0.27204,-0.59103,0.62564,0.37089,0.35277,-0.032217,-0.076256,0.093577,-0.39354,-0.49858,-0.22063,-0.045006,-0.068586,0.085115,0.17941,-0.16857,2.1881,0.22634,-2.2955,1.1929,-0.45251,-0.4538,0.16591,0.067946,0.42168,0.77251,-0.77476,-0.35832,0.36573,-0.0093719,-0.17116,0.022453,-0.15735,-0.1424,-0.11993,0.086188,-0.72064,0.57451,-0.13606,-0.18943,0.41257,0.055059,0.15578,0.39067,0.063708,-0.25237,-0.096561,-1.0891,-1.4149,-1.1423,-0.19076,-0.51855,0.32754,0.31003,-0.72603,-0.77045,0.66793,0.19542,-0.53851,-0.074181,-0.64184,0.056912,-0.13731,0.085328,-0.16826,0.037362,0.067588,0.27396,-0.47674,-0.022227,0.36191,0.26874,0.18408,0.045621,-0.14535,-0.045317,2.4511,2.022,-1.5779,-0.88235,0.032163,-0.31383,0.32143,0.14705,0.43827,-0.22405,0.1523,-0.11753,0.3676,-0.15746,-0.35209,-0.46535,-0.019414,0.54711,-0.13376,0.025418,0.23405,-0.10496,-0.068031,-0.18167,0.19858,0.048075,0.2295,0.043584,-0.18696,-0.18312,0.49546,-0.89962,1.6665,0.35157,0.38724,0.65693,-0.38795,-0.24409,-0.70823,0.21042,-0.16659,0.1567,-0.26491,0.02569,-0.52438,-0.18717,-0.35608,-0.58861,0.23376,0.035137,-0.16087,0.53593,-0.0934,0.56742,0.078973,-0.040794,0.084267,-0.029805,0.12667,0.12069
-0.24928,-0.12476,0.18733,0.077465,-0.23137,-0.18349,-0.0068534,0.010187,0.043468,0.087708,0.079582,0.09492,0.10472,0.085595,0.0038086,-0.05142,-0.076592,-0.12606,-0.12741,-0.089212,-0.044761,0.030405,0.22722,0.39993,0.30034,0.094787,0.014858,-0.042526,-0.094347,-0.073195,0.038068,0.083757,0.18834,0.050999,-0.033407,0.026328,0.016905,-0.052515,0.00026266,0.046205,-0.0040242,-0.035083,-0.052179,-0.0094241,0.011773,0.017951,0.059512,0.10024,0.14787,0.1415,0.03816,-0.04314,0.017721,0.086451,0.081895,0.030749,-0.042243,-0.038981,-0.039495,-0.077061,-0.076167,-0.071338,-0.057489,-0.043283,0.018383,0.027109,-0.020901,-0.012538,0.031506,-0.0016138,-0.038082,0.0088507,0.0090002,0.0088649,0.022023,0.050026,0.15519,0.32477,0.38213,0.21604,0.0094386,-0.046891,0.031433,0.11613,0.15021,0.11576,0.041521,0.016793,0.045413,0.081252,0.10589,0.12042,0.02399,-0.077559,-0.088991,-0.098004,-0.070261,0.011698,0.12024,0.16905,0.38163,0.009664,-0.27291,-0.21869,-0.082398,-0.078375,-0.18237,-0.23773,-0.1214,0.08913,0.17846,0.21984,0.20531,0.14191,0.080085,0.0028772,-0.077045,-0.10975,-0.11097,-0.10027,-0.084685,0.11865,0.31779,0.2943,0.19484,0.27786,0.32481,0.2536,0.26147,0.07227,-0.2434,0.17473,0.26737,-0.031593,-0.3468,-0.51106,-0.4997,-0.42123,-0.29561,-0.19747,-0.15452,-0.097583,-0.026849,0.021548,0.04504,0.054035,0.075043,0.13232,0.19527,0.18748,0.048671,-0.2204,-0.42827,-0.46382,-0.41408,-0.32666,-0.1857,-0.048762,-0.01488,-0.063197,-0.071745,-0.043632,-0.0042861,0.0093346,-0.021882,-0.068237,-0.091268,-0.067094,0.021965,-0.020118,-0.03181,-0.00054539,0.014341,-0.034617,-0.075385,-0.093946,-0.11316,-0.10135,-0.10932,-0.10253,0.02241,0.11259,0.014508,-0.093452,-0.15506,-0.1452,-0.0093502,0.17017,0.26913,0.30306,0.28506,0.22899,0.23004,0.17156,0.066931,0.070796,0.098995,0.12418,0.2289,0.32245,-0.25984,-1.1444,-0.012353,0.040867,0.69558,-0.21762,-0.19477,0.28163,-0.0020863,0.42711,0.63977,-0.47119,0.18045,0.16041,0.57539,-0.026904,0.24261,0.31439,0.072374,0.31209,-0.17129,0.12355,-0.069887,-0.22449,-0.092823,0.0044329,0.095226,0.050029,0.087855,-0.0068918,2.7885,-0.006928,0.82476,0.62276,-1.6425,-0.4799,0.68086,-0.030772,0.32781,0.41216,-0.78337,-0.010116,-0.53294,-0.72659,-0.054464,-0.12442,0.021313,0.41856,-0.1273,-0.15969,0.22829,0.109,0.029555,-0.26862,-0.27609,0.27997,0.084026,-0.14839,-0.22207,0.024638,2.3974,0.18396,-0.76248,0.31279,-0.12983,0.37003,0.021883,0.012593,0.61616,0.15751,-0.041806,-0.52187,0.21133,-0.22349,-0.10181,-0.42597,0.21805,-0.061082,-0.0019806,-0.045653,-0.28285,0.15254,0.15261,-0.023763,0.34948,0.35344,-0.028327,-0.10456,0.22658,-0.047002,-0.0082494,0.1285,-0.8917,-0.10264,-0.27808,-0.29725,0.37206,0.26185,0.16688,-0.067984,0.52153,-0.30097,-0.46661,0.060775,0.095801,0.15502,-0.090818,0.2718,-0.098064,-0.1785,-0.03533,0.18799,-0.16254,-0.016296,0.037974,-0.034282,0.030355,-0.31252,0.12485,0.04942,3.1742,0.21098,-0.32565,-0.73381,0.022046,-0.55244,-0.1151,0.11751,0.28557,-0.06663,0.28683,-0.074598,0.38261,0.11353,0.079276,0.15125,-0.04906,0.45602,-0.082468,0.31892,-0.29172,0.11006,-0.0072044,-0.075932,-0.19154,0.0090185,0.071489,0.30551,-0.43874,-0.27468,0.25483,0.17515,0.85304,0.33348,0.1018,0.38335,0.085476,-0.24075,-0.32037,-0.20347,0.098488,-0.51372,0.025925,-0.078018,-0.13506,0.09795,-0.15905,-0.39183,-0.29852,-0.20512,0.0326,0.17075,0.26,0.28821,-0.20385,0.0358,0.10202,-0.12062,0.041166,-0.2065
0.19883,0.098174,0.19923,0.0030148,-0.19726,-0.12391,0.11508,0.21018,0.13611,0.091993,0.09106,0.07517,0.090471,0.10361,0.090159,0.053025,-0.005398,-0.061727,-0.07267,-0.039609,-0.10748,-0.24505,-0.25142,-0.023265,0.16236,0.1027,0.01232,-0.047198,-0.060438,0.053408,0.26165,0.3479,0.30428,0.17223,0.21808,0.24043,0.1798,0.10823,0.067001,0.033486,0.00052412,-0.025029,0.064461,0.1252,0.022164,-0.070095,0.01681,0.024489,-0.077832,-0.078182,-0.039245,-0.027738,0.052324,0.14521,0.15154,0.09552,0.01219,-0.088719,-0.15642,-0.15464,-0.14297,-0.12941,-0.10856,-0.063097,-0.026001,-0.015112,0.0034378,-0.053427,-0.097749,-0.1272,-0.20189,-0.17448,-0.1763,-0.15443,-0.083131,-0.017674,0.026642,0.057456,0.054076,0.011741,-0.026934,0.015049,0.1116,0.15904,0.14884,0.10649,0.05413,0.023822,0.033674,0.057157,0.075388,0.09077,0.021497,-0.042713,-0.051391,-0.063382,-0.096482,-0.041733,0.25962,0.45215,1.0046,0.19191,-0.22148,-0.17558,-0.1014,-0.080176,-0.20924,-0.3613,-0.38196,-0.24808,-0.042161,0.071014,0.15943,0.19499,0.1642,0.085366,0.0064652,-0.039953,-0.044353,-0.015002,0.066846,0.042937,-0.011222,0.10652,0.157,0.19213,0.22618,0.15375,0.1041,0.093828,-0.078645,-0.027236,-0.0091855,-0.22743,-0.41389,-0.34185,-0.18378,-0.091839,-0.091278,-0.12135,-0.14206,-0.11528,0.064518,0.17537,-0.050413,-0.17864,0.01377,0.11518,0.048429,0.019324,0.013852,-0.177,-0.46588,-0.60103,-0.5746,-0.4605,-0.28539,-0.1514,-0.079625,-0.0032976,0.022947,0.059818,0.11681,0.16034,0.16985,0.077701,0.022658,0.052651,0.13071,0.14224,0.12953,0.13955,0.015862,-0.084368,-0.067787,-0.038654,-0.0595,-0.089036,-0.081109,-0.067776,-0.064928,-0.071574,-0.069056,-0.091198,-0.11765,-0.09603,-0.024244,0.089252,0.16852,0.18924,0.18906,0.16052,0.20337,0.18756,0.088685,0.035172,0.086448,0.19492,0.38587,0.52956,0.11179,-0.54278,-0.62395,0.2241,0.24119,-0.020337,-0.2767,-0.10835,0.09184,0.25278,0.48824,-0.33713,-0.089744,0.077173,0.16777,0.45371,0.032422,0.56253,0.25125,-0.27076,0.22228,-0.078475,-0.2495,-0.021231,0.037974,0.036566,-0.046881,-0.13925,0.11831,-0.0063525,2.413,-0.087285,0.091162,0.7987,-1.3942,-0.13555,0.25835,0.33243,0.54609,-0.009218,-0.55223,0.20065,-0.21716,-0.002563,-0.44433,0.096187,0.022263,0.30946,-0.65466,-0.14266,-0.12304,0.14517,0.028772,0.10556,-0.41845,0.093202,-0.15585,0.11924,-0.088996,3.3507e-05,2.2868,-0.38721,-0.62986,-0.23299,-0.48723,0.1073,-0.36011,-0.13191,0.77727,0.40636,-0.15144,-0.11994,-0.22746,-0.16613,-0.27374,-0.19928,0.089152,-0.17224,-0.083413,-0.046158,-0.13766,-0.093237,0.44054,0.072622,-0.19144,-0.0092573,-0.10048,0.027579,0.2577,-0.14819,-0.46962,-0.12455,-0.25231,0.096037,0.058356,0.22709,0.49254,0.30889,-0.3214,-0.31602,0.17613,-0.068022,-0.29616,0.22592,0.3469,0.037727,0.080342,0.14304,-0.3945,0.081159,-0.13467,0.18594,0.16823,-0.070489,0.24224,0.22103,-0.33827,-0.17512,0.081496,0.1186,2.4099,1.0583,0.11113,-0.19754,-0.41989,0.57994,0.82624,0.26981,0.4011,0.18348,-0.10399,-0.17811,-0.38295,0.46261,0.20269,0.29816,0.13578,-0.0075472,0.048539,0.25533,-0.034837,0.28899,0.22609,0.033541,-0.0028609,0.14462,0.182,-0.059761,-0.14537,-0.023161,-0.38041,-0.12564,0.17542,0.12699,-0.10331,-0.24355,0.49448,-0.2433,-0.49028,0.32827,0.16722,-0.033687,-0.038356,-0.14681,0.048924,-0.069441,0.31594,-0.036889,-0.58536,0.12647,0.122,-0.14271,0.32865,-0.073018,-0.019441,-0.079911,0.071991,-0.17574,-0.063828,-0.035394
0.26702,0.32638,0.48846,0.23841,-0.024438,-0.084502,0.023422,0.13653,0.14672,0.12608,0.081457,0.063782,0.086442,0.10036,0.075491,-0.074988,-0.22139,-0.24936,-0.22734,-0.16439,-0.092181,-0.16684,-0.22856,-0.024402,0.16482,0.077635,-0.12725,-0.20806,-0.14641,0.001502,0.25657,0.34988,0.47097,0.30499,0.14108,0.19737,0.17747,0.096978,0.1132,0.15121,0.083876,0.020944,0.0065672,-0.0055281,-0.035483,-0.071043,-0.075932,-0.025677,0.033928,0.017306,-0.058139,-0.050552,0.076105,0.17004,0.18056,0.13031,0.0509,-0.014237,-0.045853,-0.052106,-0.050339,-0.045591,-0.015186,0.026972,0.037393,0.035182,0.048362,0.09125,0.11089,0.095934,0.11278,-0.26912,-0.62442,-0.75658,-0.8268,-0.76306,-0.3526,0.15674,0.41548,0.40111,0.15873,-0.02099,0.071428,0.16543,0.15206,0.099797,0.082354,0.11992,0.13825,0.15329,0.15423,0.0052429,-0.10489,-0.086057,-0.074629,-0.10325,-0.13463,0.034409,0.37314,0.53056,0.9313,0.047744,-0.31083,-0.3303,-0.29803,-0.29365,-0.16434,0.0246,-0.017102,-0.034304,0.0040624,0.082919,0.15307,0.18545,0.13986,0.11075,0.091989,0.049885,0.068211,0.1547,0.17306,0.087151,0.05422,0.13993,0.17711,0.12857,0.069638,0.062029,0.10084,0.082268,-0.20022,-0.29332,-0.26764,-0.35232,-0.44047,-0.51323,-0.42835,-0.31097,-0.12728,-0.010967,-0.031506,-0.023879,0.072668,0.1616,0.19251,0.18067,0.18519,0.26284,0.34958,0.32653,0.14291,-0.20741,-0.54343,-0.67172,-0.63729,-0.52385,-0.35287,-0.20684,-0.13805,-0.10543,-0.074897,-0.038905,0.028259,0.15312,0.25495,0.21808,0.12757,0.099053,0.081082,0.067799,0.088062,-0.015852,-0.0026236,0.078635,0.16068,0.1748,-0.012405,-0.14652,-0.16898,-0.16647,-0.084827,-0.021354,-0.066337,-0.093937,-0.1132,-0.075309,0.067299,0.17685,0.17363,0.16982,0.11111,0.18465,0.24429,0.16482,0.088336,0.10132,0.098824,0.17059,0.36641,0.4891,-0.21472,0.11477,-0.46702,0.3491,-0.27569,0.13633,-0.1152,-0.15063,0.12373,0.33739,0.36871,0.02509,0.044852,1.0167,0.26798,-0.0411,-0.035199,-0.093046,-0.20471,-0.24829,-0.18866,0.015553,-0.36254,0.052108,0.048881,-0.46407,0.36988,0.050044,0.011219,-0.182,1.0987,-1.9217,-0.053865,-1.085,-1.424,-0.35185,0.79769,0.62112,0.13785,-0.37046,0.30733,0.35075,-0.73062,-0.11351,-0.042038,-0.45804,-0.40657,-0.42711,-0.41619,-1.0645,-0.38781,-0.047301,-0.37786,-0.23666,-0.21747,0.32653,-0.10067,0.036371,0.19561,-0.19091,2.5157,-1.1897,-0.80339,-0.53458,-0.52505,0.3361,-0.6121,0.021665,0.41572,0.038537,-0.68119,0.36188,0.5232,0.097722,-0.81685,0.23146,-0.056461,-0.30755,-0.07488,0.35158,-0.39973,0.61227,-0.032895,-0.1043,0.2662,0.015446,0.32465,-0.062581,-0.011673,0.095403,-0.15189,-0.74191,0.37533,0.10276,0.007324,0.27249,0.79744,0.091234,-0.54576,-0.11198,0.12724,0.12487,0.00061415,0.19663,-0.80818,0.052009,0.10125,0.23626,-0.43952,0.046385,-0.2113,-0.015337,-0.20213,-0.077956,0.50792,0.02931,-0.056418,-0.55071,0.3379,-0.25656,2.6752,1.8836,0.54988,0.26213,-0.29644,0.60144,-0.029129,0.2312,0.27851,-0.14179,-0.33315,-0.38373,-0.23945,-0.61053,0.080592,-0.21674,0.015339,0.69262,-0.26882,-0.18176,0.14588,0.087478,-0.28326,0.03119,0.020959,0.48941,-0.099577,0.21015,-0.31847,0.025302,-0.16472,-0.69128,-0.626,-0.10429,-0.014528,-0.39584,0.18541,-0.0070802,0.20341,0.65789,-0.20765,-0.15526,-0.15397,0.27459,-0.9614,-0.50279,0.12086,0.030304,0.087148,-0.015713,-0.20253,0.20626,0.021111,-0.28194,-0.20616,0.188,-0.11475,0.18753,-0.4954,0.25754
-0.050081,0.032317,0.033351,-0.08486,-0.13608,-0.076819,0.033458,0.070029,0.0082144,0.011774,0.067503,0.073998,0.087494,0.080698,0.045467,-0.011543,-0.10139,-0.1857,-0.19725,-0.14032,-0.085815,-0.16977,-0.26824,-0.20483,-0.047155,0.040835,0.037479,0.0026187,0.0050897,0.12976,0.24326,0.25911,0.27877,0.21832,0.23642,0.25016,0.1895,0.14135,0.13349,0.12172,0.10025,0.02507,-0.058401,-0.084851,-0.10828,-0.14976,-0.17892,0.0064384,0.20771,0.19732,0.11763,0.028515,0.029642,0.10392,0.10339,0.058034,-0.010488,-0.0076785,0.02358,0.014548,0.0099784,0.020437,0.0080234,-0.0075202,0.0025502,0.0092346,0.021754,0.065548,0.041748,0.036446,-0.23836,-0.56604,-0.45096,-0.005422,0.28374,0.24873,0.063314,0.0099545,0.054358,0.083628,0.069912,0.034214,0.044367,0.086682,0.10462,0.091136,0.058971,0.045731,0.062833,0.079476,0.092843,-0.031114,-0.1918,-0.24246,-0.24284,-0.21917,-0.15796,-0.018711,0.26377,0.45149,0.30536,-0.02276,-0.11599,-0.066138,-0.053642,-0.066393,-0.15388,-0.24198,-0.2238,-0.079192,0.094444,0.15397,0.18418,0.16549,0.093797,0.003589,-0.093054,-0.16979,-0.17355,-0.11556,-0.061067,-0.0077054,0.017911,0.03877,0.094434,0.10537,0.03865,-0.019826,-0.017289,-0.069716,-0.17532,0.13968,0.25041,-0.020024,-0.2744,-0.28039,-0.16844,-0.042601,-0.0048268,-0.056071,-0.062292,0.053988,0.26023,0.38902,0.34514,0.19601,0.10283,0.16754,0.28616,0.25412,0.063095,-0.19635,-0.4062,-0.48492,-0.45537,-0.39003,-0.27462,-0.17675,-0.1609,-0.16889,-0.13686,-0.067846,0.040057,0.13299,0.1479,0.092936,0.065917,0.12523,0.19908,0.2639,0.089963,0.035693,-0.031835,-0.13788,-0.11271,-0.046572,0.0099389,0.034644,0.033951,0.023378,0.013865,-0.011556,-0.017386,-0.029947,-0.073525,-0.079986,-0.042095,0.051096,0.12829,0.14286,0.14003,0.19843,0.11277,-0.093162,-0.14532,-0.1149,-0.071702,0.0718,0.30456,0.44589,-0.10449,-0.71109,-0.53019,-0.19967,-0.42,-0.11892,0.70097,0.064469,0.040396,0.26223,0.12767,-0.53172,0.085778,0.11177,0.086265,0.13568,-0.0034162,-0.083018,0.22992,-0.52474,0.21342,-0.072535,-0.15508,0.093489,-0.47164,0.0088421,0.0096599,0.029555,0.11183,0.045114,0.98323,-1.7916,0.50287,-1.2701,-1.6069,0.099391,0.57309,0.061341,-0.50664,0.14824,-0.12276,0.23825,-0.21113,-0.27546,-0.056985,-0.0077027,0.53467,0.51569,-0.19587,-0.035769,-0.19722,0.28475,0.19029,0.1451,0.13178,0.16627,-0.0072927,0.15858,-0.088085,0.10047,2.7266,-0.22616,-0.23767,-0.40727,0.10284,0.45334,-0.41649,0.83322,0.73309,-0.58355,-0.23338,-0.13129,-0.1953,0.39826,-0.38301,-0.54547,-0.10539,-0.38588,-0.051945,-0.28942,-0.11818,-0.28102,-0.061727,-0.05162,-0.055021,-0.17122,-0.24055,-0.52621,-0.068307,0.10083,-0.17779,-0.038094,-0.17651,0.1277,0.009404,0.22086,-0.053096,-0.34488,-0.50023,-0.54935,0.019199,-0.20487,-0.33742,0.45144,-0.061088,-0.060329,0.263,-0.0099116,-0.41737,-0.16906,0.16446,-0.18571,0.36379,-0.14283,-0.40228,0.28324,0.054946,-0.0027922,0.080525,0.23496,2.6254,1.5868,-0.072107,0.17629,-0.68822,0.64879,-0.51216,-0.39993,0.21035,-0.097141,-0.033099,-0.40758,-0.28763,0.49534,0.20864,-0.5644,-0.19391,-0.042774,-0.37325,0.087327,-0.39589,0.16798,0.10859,-0.15504,-0.26334,0.013216,0.26185,-0.24815,0.16106,0.11002,-0.28527,-0.048617,-0.10873,0.15767,0.047941,-0.48887,0.31253,-0.61807,0.18649,0.26854,0.22611,-0.27858,-0.17103,-0.29867,-0.45199,-0.21372,0.074603,0.097092,-0.58531,-0.042225,0.1117,-0.085987,-0.011026,0.42052,0.024313,-0.32783,0.20379,0.078592,-0.20698,0.24304
0.58291,0.61796,0.57417,0.38196,0.18201,0.025968,-0.060444,-0.066731,0.013504,0.085163,0.064626,0.05858,0.058312,0.053842,0.03495,-0.022655,-0.11085,-0.17541,-0.15893,-0.013386,0.15349,0.2012,0.16561,0.10608,0.077168,0.075922,0.10276,0.10972,0.066705,-0.042481,-0.25984,-0.33208,-0.28818,-0.34712,-0.12659,0.072136,0.078616,0.033332,-0.039169,0.030421,0.11444,0.10256,0.090761,0.078711,0.044447,-0.046238,-0.082969,-0.0055007,0.060754,0.045837,-0.038853,-0.070352,0.0068007,0.067548,0.054581,0.005004,-0.035261,-0.052783,-0.062146,-0.06039,-0.051175,-0.055092,-0.055089,-0.044349,-0.041143,-0.074603,-0.11268,-0.10602,-0.096842,-0.050121,-0.24901,-0.26091,0.0098407,0.18668,0.22927,0.33207,0.47488,0.47001,0.26666,0.038869,0.0035685,0.073152,0.12773,0.11251,0.073626,0.033737,0.0054544,0.0022411,0.015189,0.0248,0.022655,-0.090246,-0.17733,-0.13736,-0.086147,-0.056408,-0.059469,-0.083983,0.12139,0.34292,1.3932,-0.14235,-0.49621,-0.33366,-0.3308,-0.24437,-0.16449,-0.19487,-0.12113,0.024876,0.055749,0.063468,0.062136,0.092117,0.089497,0.0080545,-0.083546,-0.13525,-0.11164,0.0076102,0.13288,0.16349,0.11626,0.023718,0.095429,0.18188,0.16019,0.18594,0.24235,0.23034,0.22845,0.55713,0.70957,0.32339,-0.051308,-0.19286,-0.2294,-0.20154,-0.12763,-0.037176,-0.0032729,0.0038157,0.078119,0.14584,0.12369,0.086537,0.14791,0.29387,0.41891,0.43408,0.2704,-0.049699,-0.31535,-0.38531,-0.33973,-0.26684,-0.21058,-0.16547,-0.10816,-0.060276,-0.022257,0.016604,0.054967,0.057357,-0.020389,-0.17105,-0.28463,-0.23867,-0.073932,0.065591,-0.050822,-0.1664,-0.20978,-0.20735,-0.17833,-0.23981,-0.2991,-0.30203,-0.17984,-0.0029554,-0.008949,-0.01675,-0.036205,-0.073289,-0.064286,-0.035693,0.025198,0.096796,0.13139,0.129,0.084009,0.080577,0.092924,0.065097,0.051989,0.12502,0.14796,0.27415,0.58311,0.75595,-0.31577,-1.1639,1.3262,-0.16204,0.096005,0.046745,0.1052,-0.6581,-0.1861,0.36488,0.27574,0.10424,-0.22192,0.11457,0.13436,0.020092,0.45287,-0.037653,0.16016,0.00070712,-0.011559,-0.10985,0.35695,-0.092203,-0.22919,-0.073587,0.2014,0.047498,0.13917,0.046492,0.85231,-2.3634,1.8806,0.49573,-1.6915,0.18438,-0.22936,0.24445,0.042047,0.037841,-0.4543,-0.028789,-0.30183,-0.038594,-0.046414,0.31153,0.5456,0.3416,0.0087941,0.0017211,0.50064,0.049185,-0.30273,-0.0042572,0.36456,0.13028,-0.16939,0.27824,-0.09624,0.18713,2.1581,0.7841,-2.1242,0.73767,-0.31162,0.55143,-0.55922,0.27542,-0.010646,0.8439,0.026729,-0.27043,-0.58824,0.29256,0.38844,0.16655,-0.27421,-0.096198,-0.19682,-0.37018,-0.14178,-0.22808,-0.16905,0.43146,0.10306,0.12087,-0.073205,-0.18527,-0.16823,-0.037703,-0.065555,-1.089,-1.7891,-0.74636,0.091033,0.28489,0.34084,0.34376,-0.52046,-0.98372,-0.25159,0.16917,-0.51642,-0.17571,-0.00025378,0.24195,-0.083156,-0.3493,-0.062559,-0.19526,-0.10082,-0.32856,-0.019123,-0.20221,0.10067,0.11602,0.13406,-0.0023005,-0.074829,0.03678,2.3673,1.6273,-1.4746,-0.39956,0.26006,0.28242,0.38577,0.75915,-0.048079,0.072774,0.025086,0.23197,0.41069,0.17087,-0.34221,-0.44145,0.11836,-0.074572,0.10495,0.21451,-0.40708,-0.5516,0.27395,0.23961,0.19167,-0.14679,0.081631,-0.095731,-0.0042856,0.26232,-0.32994,-0.78808,1.5886,-0.16997,0.87847,-0.3414,0.17154,0.47684,0.031218,0.53768,-0.41104,-0.083717,-0.32569,0.055619,-0.18195,0.035767,-0.40334,0.023749,-0.046763,0.11575,0.17392,-0.18112,-0.059664,0.11632,0.42288,-0.48051,0.29234,-0.1245,-0.3103,0.59098
-0.044302,0.082698,0.12686,-0.0033124,-0.16998,-0.093091,0.085754,0.091685,0.070902,0.081319,0.064544,0.080914,0.10641,0.10584,0.03032,-0.036692,-0.077029,-0.12833,-0.12157,-0.070937,-0.02951,-0.11746,-0.22448,-0.16147,-0.002428,0.059208,0.012127,-0.022725,0.046678,0.13588,0.17843,0.23,0.31107,0.26032,0.24034,0.28721,0.25784,0.17086,0.064264,-0.010464,-0.044294,-0.060729,0.068292,0.17239,0.13381,0.10986,0.10807,0.17781,0.24715,0.22441,0.13854,-0.026814,-0.09604,-0.0046204,0.0034381,-0.04591,-0.071861,-0.078847,-0.10256,-0.10496,-0.13642,-0.16125,-0.13576,-0.12193,-0.12185,-0.12093,-0.11977,-0.1104,-0.088865,-0.05587,-0.12508,-0.18066,-0.16389,-0.13553,-0.062474,0.10493,0.23594,0.23377,0.16156,0.086863,0.036677,0.011628,0.060176,0.15366,0.20072,0.17783,0.10053,0.032484,0.028305,0.050819,0.069166,0.08212,0.045305,-0.074271,-0.14145,-0.15765,-0.11757,0.035753,0.29698,0.46133,-0.036421,-0.24059,-0.29505,-0.22853,-0.1465,-0.15667,-0.26348,-0.32316,-0.17856,0.037109,0.12257,0.19701,0.23332,0.20853,0.14885,0.041691,-0.064231,-0.096979,-0.077874,-0.028236,0.011223,0.057602,0.065719,0.068599,0.10534,0.095921,0.138,0.19792,0.14865,0.074438,-0.025545,-0.12756,-0.17489,-0.32761,-0.44226,-0.45172,-0.35342,-0.22723,-0.12851,-0.077281,-0.047682,-0.029449,0.041674,0.22869,0.3639,0.25579,0.15559,0.28203,0.4322,0.43138,0.24699,-0.13512,-0.4967,-0.64545,-0.6297,-0.54206,-0.4068,-0.28418,-0.18915,-0.097334,0.01104,0.13079,0.21943,0.2705,0.23575,0.12395,0.031638,0.048568,0.10787,0.12727,0.043044,-0.011129,0.0039919,0.014188,0.029289,-0.04877,-0.11993,-0.11598,-0.11416,-0.10484,-0.056251,-0.032419,-0.056414,-0.10835,-0.18623,-0.19664,-0.11156,0.055984,0.16563,0.18596,0.17935,0.13944,0.10904,0.19083,0.23458,0.17555,0.16009,0.22493,0.38379,0.51188,-0.16812,-0.03581,-0.55034,0.17175,0.10499,-0.047043,-0.25505,0.22974,-0.24655,0.32762,0.41857,-0.44957,-0.085598,-0.052493,0.15817,0.18694,0.063919,0.083509,0.37087,0.077628,0.17587,-0.074456,0.069198,0.13752,-0.014059,0.041167,-0.094268,0.0090086,-0.033011,-0.098267,2.5311,-0.46663,-0.26892,0.64868,-1.2821,-0.44415,0.62907,0.23827,0.70233,-0.11407,-0.28471,0.20521,-0.38995,-0.24629,-0.13214,0.22314,0.27652,0.42748,-0.41201,-0.1384,-0.030593,0.16345,0.26242,0.18643,-0.17706,0.16176,-0.20113,0.14945,-0.031378,-0.052493,2.5725,-0.88057,-0.60355,-0.32749,-0.27746,0.87131,-0.28953,-0.16384,0.92193,-0.029935,-0.028614,-0.25008,-0.13998,-0.27068,-0.053149,-0.24734,-0.13043,-0.094681,-0.15705,-0.038801,-0.069621,0.11457,0.0089991,-0.095496,-0.083438,0.10708,0.022002,-0.3746,0.089321,-0.23301,-0.13222,-0.39888,0.22658,0.11431,-0.08536,0.039182,0.34296,0.48361,-0.16884,-0.029415,0.30759,-0.080096,-0.37222,0.22561,0.3964,0.085765,0.19614,0.057431,-0.2881,0.16139,0.022761,-0.055282,0.11091,0.14577,-0.0074697,0.1207,-0.0050111,-0.078383,0.15351,0.0010941,2.7075,1.7565,0.48137,-0.017285,-0.5037,0.059303,0.27158,0.084705,0.10501,-0.19113,0.0023466,-0.22742,-0.0054613,0.55194,0.49774,0.0032295,0.12029,-0.18042,-0.035404,0.010953,-0.17011,0.024293,0.17974,-0.1026,-0.25256,0.31287,-0.099404,0.1383,-0.086186,0.031026,-0.19778,-0.40997,-0.42237,-0.046906,0.031232,0.016742,0.17915,0.058601,0.095278,0.54337,-0.33349,-0.10904,-0.081162,-0.051363,-0.075959,0.16125,0.13259,-0.044494,-0.36064,-0.10443,-0.008609,-0.099169,-0.034067,0.13991,-0.076754,-0.1913,0.027368,0.024945,-0.083383,0.099096
0.22463,0.2983,0.18426,-0.062079,-0.19807,-0.10479,0.059181,0.095447,-0.0016289,-0.099429,-0.097133,-0.067431,-0.078437,-0.13056,-0.071302,0.025247,-0.0032015,-0.007839,0.017244,0.068479,0.12957,0.15217,0.11886,0.044952,0.0081282,-0.035566,-0.11834,-0.069225,0.10726,0.21998,0.4021,0.46723,0.49438,0.3144,0.073968,0.11717,0.10439,0.046537,-0.0035876,-0.046521,-0.097909,-0.074915,-0.04171,-0.055268,-0.092872,-0.14307,-0.16538,-0.071403,0.079204,0.13525,0.095504,0.078396,0.056649,0.010136,0.020259,-0.015535,-0.073551,-0.10365,-0.10604,-0.098499,-0.082091,-0.063917,-0.061081,-0.065213,-0.061491,-0.048833,-0.055724,-0.077734,-0.021734,-0.081011,-0.17751,-0.074688,0.056714,0.12624,0.12476,0.087716,0.084417,0.10615,0.11152,0.064016,-0.0055939,-0.020564,0.078739,0.18423,0.20343,0.18116,0.17077,0.11415,0.072081,0.086265,0.096817,-0.0080861,-0.10594,-0.10581,-0.11433,-0.083254,-0.011459,0.074149,0.11769,0.093035,-0.55433,-0.39251,-0.16515,-0.10573,-0.10006,-0.09615,-0.171,-0.24864,-0.15646,0.10636,0.32343,0.3539,0.24876,0.094727,-0.023358,-0.068962,-0.078427,-0.062877,-0.016185,0.043292,0.095433,0.10798,0.064169,0.028367,0.092925,0.1288,0.099755,0.10347,0.11494,0.11876,-0.026265,-0.15547,-0.18529,-0.20075,-0.25306,-0.35441,-0.33637,-0.29101,-0.23986,-0.1846,-0.10393,-0.040629,0.02547,0.080098,0.092756,0.091918,0.096518,0.066006,0.1202,0.22105,0.17245,-0.025891,-0.23912,-0.33083,-0.33899,-0.28897,-0.18426,-0.10191,-0.069381,-0.033138,0.017127,0.072589,0.11349,0.11993,0.058569,-0.07306,-0.14995,-0.099415,0.056401,-0.0017591,-0.049674,-0.02264,-0.011982,0.007861,0.031559,-0.038282,-0.10098,-0.084853,-0.08027,-0.070652,-0.011934,0.0092081,0.024613,0.05683,0.014729,0.021013,0.013472,0.039607,0.095387,0.12519,0.12786,0.21562,0.24309,0.13622,0.093939,0.13566,0.1883,0.23867,0.27738,0.30468,-0.30085,-1.1444,-0.72719,-0.18048,0.34523,0.16936,-0.072046,0.3633,-0.31457,0.34,0.45193,-0.28531,-0.36215,0.068277,0.1841,0.42367,-0.19593,0.4036,0.38143,0.14798,-0.053783,-0.083344,0.20806,0.20946,-0.13912,-0.15675,-0.0073637,-0.024932,0.26512,0.061319,3.0052,0.044743,0.33629,0.52669,-1.3346,-0.12397,0.068223,-0.35205,0.096897,-0.14256,-0.22889,0.14146,-0.57837,-0.024919,-0.16912,-0.05473,0.0055967,0.65904,-0.088702,-0.31863,0.08661,0.032479,0.19351,0.034938,-0.30067,0.3387,-0.34757,0.090037,0.068686,-0.11011,2.5857,-0.174,-0.1039,-0.10813,-0.55431,0.99484,-0.019077,-0.25097,0.75239,0.34143,0.12878,0.087514,-0.074726,-0.34989,-0.48104,-0.18968,0.054986,0.031735,0.075744,-0.21215,0.024138,-0.088905,0.035768,0.13431,0.49618,0.3361,-0.07788,-0.24578,0.13152,-0.14127,0.094219,0.41945,-0.47796,0.12142,-0.17272,-0.074464,0.057073,0.59536,-0.3395,-0.42772,0.088473,0.18475,-0.319,0.0029793,0.37949,-0.33033,0.28558,0.16662,-0.35894,-0.12929,0.10425,-0.17208,0.044578,0.33758,-0.037874,-0.076495,-0.16188,-0.0072124,0.2103,-0.035673,3.3878,-0.15051,0.22195,-0.26198,-0.44395,-0.53374,-0.042613,0.32711,0.11806,-0.029111,-0.33692,0.20456,0.13332,0.3786,0.71241,0.22102,0.059445,0.15187,-0.30566,0.23647,-0.22302,-0.11304,-0.19726,0.034075,-0.047717,0.13142,0.043956,0.012469,-0.18892,-0.030679,0.096357,0.41894,0.14223,0.30734,-0.031282,0.1513,0.083811,-0.075777,-0.0019677,0.49727,-0.26623,-0.1547,0.24061,-0.04522,-0.080065,0.21447,0.35019,-0.24969,-0.22458,-0.36495,-0.22142,0.062753,0.047954,0.018184,-0.25084,-0.22359,0.29425,-0.15083,-0.022281,0.08052
-0.0034163,-0.020913,0.1202,0.022784,-0.14583,-0.11324,-0.032903,0.0036646,0.0035421,-0.014842,-0.079083,-0.14512,-0.12807,-0.087218,-0.091219,-0.089236,-0.12306,-0.22554,-0.25929,-0.20919,-0.1013,-0.0043931,-0.019769,-0.077862,-0.018614,0.1018,0.081759,-0.083432,-0.11844,0.026093,0.34398,0.33303,0.41967,0.34035,0.19803,0.21413,0.16904,0.13051,0.10987,0.067771,0.025354,-0.0044746,0.10247,0.19059,0.14224,0.12082,0.11102,0.1446,0.21455,0.19674,0.12643,-0.079157,-0.23938,-0.14634,-0.13852,-0.18762,-0.10843,-0.035292,-0.068698,-0.086149,-0.079908,0.064037,0.20802,0.23133,0.21369,0.18482,0.062726,-0.062037,0.029313,0.10298,0.11872,-0.11739,-0.46162,-0.66781,-0.73663,-0.66806,-0.49221,-0.34238,-0.13551,0.16593,0.20431,0.011439,-0.08963,0.021078,0.15525,0.18218,0.14468,0.080304,0.023095,0.015092,0.077061,0.16273,0.21777,0.22081,0.10477,0.016902,0.014733,0.022058,0.14961,0.25198,0.6026,0.24062,-0.082333,-0.10004,-0.041125,-0.064352,-0.13691,-0.1124,-0.030891,-0.05891,-0.109,-0.033456,0.15794,0.279,0.26048,0.097836,-0.089486,-0.19483,-0.23294,-0.18256,-0.061757,0.096865,0.13443,0.056357,0.083193,0.12459,0.10109,0.085883,0.10706,0.067474,-0.4166,-0.50736,-0.43258,-0.40597,-0.2987,-0.27427,-0.18203,-0.13976,-0.17406,-0.20459,-0.19477,-0.1431,0.011906,0.27114,0.48084,0.42983,0.20344,0.17229,0.27286,0.24204,0.099794,-0.16221,-0.42933,-0.5943,-0.57745,-0.48945,-0.37795,-0.31301,-0.30342,-0.25265,-0.15292,-0.010191,0.1428,0.27537,0.37791,0.37355,0.17215,0.030416,0.14786,0.17609,0.16063,0.083077,0.13583,0.28538,0.35061,0.33084,0.27151,0.12114,-0.046659,-0.13314,-0.15803,-0.077823,-0.012702,-0.094298,-0.19117,-0.26678,-0.27482,-0.22435,-0.13801,0.0097925,0.18373,0.27264,0.25974,0.14447,0.13805,0.18606,0.13552,0.14353,0.29187,0.40965,-0.45234,0.26451,-1.319,0.017776,-0.020808,-0.047549,0.41804,0.18746,0.11148,-0.030401,-0.039737,-0.088825,-0.15255,0.89301,-0.14261,-0.096893,0.25586,0.24931,-0.23698,0.021675,-0.014307,-0.19872,-0.2864,0.087098,0.036051,-0.39665,0.55049,0.043044,0.27625,0.062721,2.6077,0.023829,-1.2642,0.31926,-1.4389,-0.061492,-0.26872,0.1653,-0.64216,-0.7201,-0.16552,0.62621,-0.42686,-0.32279,0.033376,-0.46362,-0.42614,-0.43467,-0.33058,-0.28969,-0.20005,0.19176,-0.26821,-0.44214,-0.13466,-0.046689,-0.062354,-0.10864,0.47576,-0.29981,2.5226,-1.2905,-0.32476,-1.2261,-0.55136,-0.0059334,-0.1776,0.56488,-0.06115,0.055827,-0.32809,-0.26447,0.52523,-0.41411,-0.24663,0.31958,0.058278,0.29025,-0.061494,0.44442,-0.54972,0.32927,0.0060553,-0.51386,0.20911,0.12454,-0.019805,-0.36168,0.05155,-0.15568,0.28002,0.10341,1.0579,0.63664,0.054108,-0.13953,0.26869,-0.18935,-0.58671,0.18776,0.21336,0.010634,-0.19536,0.073458,-0.55271,0.063986,-0.021154,-0.12127,-0.63659,-0.1545,0.14719,0.10396,-0.34464,-0.070692,0.32426,0.079875,0.34674,0.13882,0.41401,-0.097614,3.364,0.59742,1.4072,0.16324,0.007268,0.41916,-0.01941,-0.1191,0.29485,0.69903,-0.22926,0.074334,0.35421,-0.36502,-0.13215,-0.40804,0.024303,0.75241,0.10726,0.070416,0.057408,0.15754,-0.21887,-0.28148,-0.23384,0.27745,-0.082312,-0.12816,-0.30428,-0.19748,0.37714,0.028469,-1.0145,0.29221,-0.64371,-0.26024,0.33842,-0.95186,-0.30571,0.20304,-0.070232,-0.41638,-0.051795,-0.065892,-0.41829,-0.4963,-0.21399,-0.24303,0.11558,0.31534,-0.011995,0.03936,-0.15993,-0.13803,-0.36549,0.19688,-0.14545,0.010979,-0.59409,-0.091215
0.27168,0.20037,-0.03942,-0.1907,-0.22564,-0.13266,-0.02475,0.037281,0.055481,0.015425,0.017391,0.039268,0.026019,0.0078353,-0.022818,-0.057745,-0.011596,0.089084,0.076183,0.0091798,-0.025885,-0.0042427,0.1039,0.14733,0.11125,0.016021,-0.067061,-0.19351,-0.32598,-0.27496,0.11542,0.27426,0.31848,0.18266,0.12668,0.18996,0.1855,0.11922,0.1058,0.099369,0.045946,0.012476,-0.0077751,-0.021439,-0.045659,-0.06191,-0.017944,0.064578,0.11347,0.075116,0.017646,-0.01314,0.039027,0.13335,0.15357,0.11499,0.043838,0.033024,0.051214,-0.054968,-0.15747,-0.13364,-0.11675,-0.11441,-0.13303,-0.15553,-0.1749,-0.23449,-0.21636,-0.23643,-0.19641,-0.026624,0.12927,0.1745,0.19807,0.24615,0.27514,0.38501,0.52512,0.53137,0.37322,0.1181,0.059517,0.079837,0.073142,0.03922,0.0047173,-0.014132,-0.013874,-0.0035165,-0.0047296,-0.01774,-0.040575,-0.054651,-0.1326,-0.20782,-0.20777,-0.20513,-0.16976,-0.14607,-0.35038,-0.11343,0.16142,0.23523,0.25238,0.21154,0.071934,-0.071114,-0.1223,-0.10779,-0.09081,-0.0682,-0.028733,-0.0011615,-0.020198,-0.060366,-0.019749,0.049067,0.04886,0.025171,0.019684,0.040992,0.32295,0.46855,0.38933,0.48447,0.5926,0.57178,0.59262,0.42469,0.038497,0.092446,0.012956,-0.2174,-0.4309,-0.54581,-0.52094,-0.45117,-0.35464,-0.26563,-0.16484,-0.027401,0.11669,0.22902,0.31616,0.45111,0.62021,0.73428,0.74302,0.61475,0.35889,-0.008602,-0.34354,-0.52271,-0.57576,-0.54032,-0.41004,-0.24012,-0.094105,0.022943,0.13491,0.23375,0.25819,0.21327,0.038019,-0.23975,-0.43581,-0.44449,-0.23884,-0.25735,-0.30589,-0.26165,-0.23438,-0.20751,-0.28065,-0.34062,-0.3266,-0.32196,-0.31888,-0.32851,-0.21381,-0.071648,-0.073041,-0.084724,-0.10503,-0.086858,-0.038903,0.025577,0.090412,0.1108,0.068765,-0.010987,-0.11424,-0.22129,-0.20845,-0.16862,-0.18567,-0.1798,-0.12777,-0.079383,-0.43129,-0.65594,0.30222,-0.16404,0.76402,-0.054219,-0.072988,1.7963,-0.79943,0.3291,0.5355,-0.18454,0.3348,0.038737,0.50877,-0.43099,-0.11145,0.20311,0.18281,-0.15657,-0.15812,-0.33939,-0.051202,0.35075,0.17045,0.72159,0.52258,-0.11833,0.32625,-0.027972,2.8091,-0.23982,0.45345,0.84465,-2.1145,-0.38591,0.99573,-1.9084,-0.42151,-0.15821,-0.24343,0.42439,-0.54696,-0.2773,-0.010302,-0.18113,-0.33742,0.15707,-0.24803,-0.078701,-0.70648,-0.34075,-0.09866,-0.24726,0.17304,-0.022315,-0.36858,0.25193,0.38153,0.28489,2.6835,-0.0040316,-0.65727,0.5848,0.26815,0.93731,1.7761,0.19222,0.46573,-0.36347,0.44003,0.093485,-0.023111,-0.042041,-0.31408,-0.41419,0.01334,-0.53999,0.018213,0.18621,0.045524,0.68692,-0.39886,0.12754,0.046559,-0.47949,0.041242,-0.19211,-0.16489,0.01898,0.2314,0.30396,-0.54459,-0.59001,-0.65829,-1.3575,-1.2434,0.71043,-0.30175,-0.045012,0.084121,-0.11746,-0.17647,0.2428,-0.14719,-0.029916,-0.38006,0.50933,-0.066859,0.36454,0.43083,-0.085385,-0.47749,0.20687,0.108,-0.19488,0.008635,0.28658,0.11894,0.28256,3.2844,0.71465,-0.20104,-1.0175,0.14235,-1.4992,0.075588,-1.0095,-0.30778,-0.28036,-0.029799,0.16539,-0.046397,0.40363,0.32793,0.03583,-0.45824,0.11343,-0.53652,-0.92154,0.12939,0.02978,-0.021879,-0.33948,-0.082102,0.078069,-0.16642,-0.0976,-0.15534,0.11771,0.56277,0.16159,0.36308,0.2758,0.12705,1.7812,0.17526,-0.60301,0.57058,0.50586,0.2551,-0.2292,0.45647,-0.14365,0.28138,0.1615,-0.15464,-0.31369,-0.17906,-0.52981,0.1524,0.55314,-0.54749,-0.18271,0.058796,0.023246,-0.6939,0.051343,-0.27007,0.01335
0.064653,0.047617,0.26014,0.33538,0.21501,0.13538,0.13849,0.077834,0.0034961,0.024471,0.05024,0.050163,0.045068,0.021782,-0.023621,-0.083121,-0.14501,-0.19097,-0.19596,-0.14913,-0.065677,0.16695,0.51059,0.56917,0.32413,0.15766,0.065125,-0.043234,-0.082598,0.10202,0.03304,-0.1307,-0.086679,-0.10467,-0.026474,0.033093,0.024908,-0.043119,0.015708,0.064107,0.013719,-0.015326,-0.031949,0.0047791,-0.026882,-0.11033,-0.088699,-0.033746,-0.0077233,-0.043913,-0.051595,-0.029527,0.038941,0.10284,0.079307,0.021702,-0.028016,-0.0030014,-0.011081,-0.047352,-0.023038,0.0036579,0.025879,0.033951,-0.043128,-0.12551,-0.12991,-0.14164,-0.058516,0.047231,-0.17851,-0.30165,-0.091816,0.091116,0.14929,0.16097,0.1746,0.31414,0.32886,0.065346,0.0098964,0.12255,0.14821,0.13209,0.097684,0.091275,0.099656,0.055439,0.032729,0.06446,0.091692,0.11179,0.069305,-0.076524,-0.16326,-0.13959,-0.069682,0.015164,0.17792,0.29418,0.61985,0.10263,-0.25278,-0.32673,-0.33209,-0.29122,-0.2922,-0.30939,-0.16036,0.023762,0.088975,0.089434,0.059512,0.0082488,-0.064657,-0.12915,-0.16103,-0.17284,-0.16201,-0.11742,-0.03997,0.23244,0.40382,0.33807,0.32047,0.32184,0.28496,0.27481,0.29781,0.30423,0.22121,0.33877,0.49165,0.079007,-0.36253,-0.53197,-0.5338,-0.46241,-0.35633,-0.25402,-0.17864,-0.10666,-0.044072,-0.016814,-0.0083443,0.039532,0.14607,0.24007,0.26176,0.18937,0.049291,-0.20299,-0.42987,-0.46252,-0.36924,-0.27073,-0.19342,-0.12395,-0.030405,0.046048,0.11411,0.18758,0.23926,0.22608,0.10051,-0.13388,-0.3147,-0.30826,-0.094842,-0.051782,-0.18963,-0.23232,-0.27609,-0.27528,-0.24519,-0.21172,-0.16398,-0.10511,-0.077576,-0.073715,0.010688,0.070957,0.005454,-0.030944,0.0098961,0.0435,0.016357,0.073905,0.17517,0.23219,0.23981,0.2031,0.15717,0.20006,0.19761,0.15162,0.18416,0.22221,0.34538,0.46977,-0.32025,-1.1092,0.87908,0.019371,0.75994,-0.27159,-0.20908,0.030395,-0.1191,0.47787,0.46238,-0.15021,0.17115,0.47661,0.099504,0.14364,0.41223,0.21708,-0.016,0.12086,-0.11193,-0.16691,-0.11353,-0.23887,0.18362,-0.24521,0.094686,0.10761,-0.11209,-0.0085632,2.4268,-0.34766,1.0163,1.9389,-1.7442,-0.014297,0.043375,-0.21871,-0.036751,-0.090698,-0.35257,-0.033382,-0.82374,-0.5378,-0.27137,0.24285,0.037465,-0.13969,-0.50845,-0.065041,0.24515,0.33289,-0.3882,-0.29168,-0.26601,0.35335,-0.099233,-0.082067,0.13377,-0.092346,2.4171,0.33168,-1.0533,0.88015,0.16405,1.0304,-0.024737,0.03895,0.47834,0.020086,-0.33446,-0.57393,0.19961,-0.14214,-0.036366,0.094066,-0.14811,0.091391,-0.18119,-0.029768,-0.47337,0.21148,0.23164,-0.028885,0.18336,0.27209,0.35609,0.19747,-0.18503,-0.21233,-0.096017,-0.63678,-1.3381,-0.62125,-0.39192,-0.34492,0.59777,0.2834,-0.1247,-0.085563,0.80137,-0.036661,-0.29437,0.18006,0.033246,0.12647,-0.18128,-0.13143,-0.075982,-0.02728,-0.23078,0.14595,-0.33775,0.077251,0.32981,0.20166,-0.079403,-0.028792,0.072898,-0.37396,2.4695,1.6378,-1.2315,-0.87559,-0.32759,-0.31607,0.01683,0.16973,0.22512,-0.28432,-0.15742,-0.040103,0.19587,-0.063792,-0.085754,-0.09132,0.16232,0.25578,0.14696,0.47125,-0.034268,0.046564,0.25531,-0.23506,0.063458,0.17621,-0.18402,-0.13251,-0.24211,-0.1832,0.32867,-0.42557,1.5384,0.25424,0.49824,0.35563,-0.23181,-0.20224,-0.63294,-0.17264,-0.15364,-0.20962,0.16743,-0.085907,-0.21815,-0.068591,-0.17885,-0.36061,0.14454,-0.033958,0.16495,-0.19132,-0.028414,0.17255,-0.15771,-0.018846,0.091326,0.028245,0.062444,-0.11033
0.034785,0.083538,0.11686,0.049421,-0.060768,-0.065921,0.028252,0.085436,0.057514,0.0084252,-0.022058,-0.0681,-0.086984,-0.090195,-0.13002,-0.18533,-0.15671,-0.095645,-0.11898,-0.12843,-0.12313,-0.10587,-0.1434,-0.21078,-0.2369,-0.099437,0.14559,0.20605,0.19903,0.21151,0.39036,0.42951,0.49475,0.36629,0.23552,0.27698,0.25092,0.17793,0.10599,0.050958,0.0058158,-0.027023,-0.053012,0.050227,0.14019,0.12648,0.15049,0.088814,0.011365,0.012259,-0.0091336,-0.095183,-0.095111,0.0015379,0.014208,-0.034204,-0.064577,-0.077128,-0.10478,-0.11284,-0.10188,-0.072313,-0.039927,-0.024463,0.097021,0.18676,0.18387,0.24209,0.1751,0.0043796,0.032669,-0.13928,-0.29746,-0.32681,-0.32327,-0.27339,-0.14755,-0.010313,0.020505,-0.03831,-0.094276,-0.10934,-0.079729,-0.069529,-0.07588,-0.021478,0.018501,0.0082633,0.013618,0.031173,0.041081,-0.010797,-0.067935,-0.054659,-0.048881,-0.032748,0.024151,0.071324,0.18965,0.27512,0.24306,0.066119,-0.038917,-0.058031,-0.023408,0.029796,-0.0050424,-0.093098,-0.088601,-0.054887,-0.0044765,0.15644,0.27462,0.26329,0.18084,0.090287,-0.0010165,-0.05634,-0.082853,-0.11913,-0.13134,-0.096245,0.079195,0.15467,0.094922,0.081329,0.082522,0.075054,0.072383,0.072362,-0.21176,-0.31868,-0.27988,-0.34199,-0.36254,-0.38578,-0.31988,-0.23426,-0.18798,-0.17543,-0.15554,-0.13302,-0.1058,-0.024741,0.19389,0.42401,0.39381,0.23548,0.16637,0.15384,0.085533,-0.1852,-0.52623,-0.70562,-0.70945,-0.62044,-0.45545,-0.30817,-0.22097,-0.14675,-0.047818,0.096724,0.22595,0.28982,0.35256,0.36073,0.32964,0.23296,0.1114,0.04699,0.096825,0.063461,0.048721,0.05762,0.06946,0.090625,0.10555,0.011602,-0.072609,-0.056112,-0.046143,-0.067368,-0.067478,-0.030031,-0.026889,-0.036309,-0.0020682,0.066976,0.14041,0.18249,0.16773,0.10736,0.027091,-0.046493,-0.028422,0.026784,0.030763,0.026964,0.13542,0.2486,-0.16961,0.049302,-1.1488,0.05439,-0.0038396,-0.082309,0.088483,0.82991,0.12324,-0.134,0.38557,-0.14956,-0.092929,0.15827,-0.34895,-0.26093,-0.05376,-0.097784,0.18123,-0.27439,-0.34885,0.079541,-0.036904,-0.14649,-0.050321,0.16198,-0.31189,0.20903,-0.11757,-0.22668,2.6147,-0.13887,-0.75664,-0.28675,-1.5076,-0.78769,1.0592,0.15555,0.077092,-0.68356,-0.23942,0.26499,-0.27802,-0.15111,0.30143,-0.10558,0.24182,-0.032299,-0.50152,0.045608,0.075395,0.30868,0.31883,0.069934,-0.28596,-0.15926,-0.099644,-0.081476,0.016954,-0.1567,2.7423,-1.0153,-0.24615,-0.90193,-0.43833,0.084744,0.27955,0.65878,0.61135,0.0037544,0.31497,0.10633,0.40677,0.065437,-0.21008,0.25208,0.090466,0.25391,-0.03366,-0.16359,0.026922,0.082313,-0.29683,-0.066671,0.10733,-0.36918,0.10977,-0.036355,0.085291,0.082471,0.27235,0.25506,0.72866,0.40989,-0.12318,-0.27925,-0.12155,0.074266,-0.75842,-0.033062,-0.40507,0.13694,-0.15535,-0.022451,0.026467,0.10023,0.34959,0.13433,-0.24308,-0.11009,0.051984,0.33369,-0.29178,-0.033675,0.09257,-0.12009,-0.03629,0.025839,-0.14377,0.14554,3.4428,0.36198,1.4315,-0.12678,0.2063,0.090345,0.32113,-0.3212,-0.12883,0.76584,-0.65968,0.12865,0.41586,0.17796,0.059668,0.11672,0.20912,0.29199,0.12669,-0.095207,-0.34907,0.19189,-0.13302,0.018661,-0.34897,-0.1076,-0.22501,-0.083129,-0.068736,0.1518,0.23402,0.19145,-0.90797,0.34255,-0.39712,-0.14183,0.27699,-0.88482,0.18926,0.76416,-0.23698,-0.19054,0.20076,-0.20031,-0.08778,0.11821,-0.24131,-0.049663,0.044847,-0.16193,0.038877,0.12484,0.17147,0.036946,-0.18702,0.24679,-0.28066,0.17284,0.089307,-0.059021
0.61028,0.66648,0.44862,0.22787,0.14546,0.13454,0.1745,0.18549,0.098625,0.019996,-0.069913,-0.10285,-0.076295,-0.081394,-0.12284,-0.11742,-0.11233,-0.1667,-0.16705,-0.12359,-0.05993,-0.0042628,0.013843,0.0046701,-0.014227,0.04036,0.17565,0.29959,0.30955,0.15812,-0.21162,-0.40978,-0.36581,-0.42484,-0.22943,-0.029785,0.032211,0.043928,-0.0017628,0.16205,0.28268,0.23089,0.19046,0.151,0.12564,0.080474,-0.012409,-0.028022,0.035482,0.0089456,-0.078748,-0.085449,0.013543,0.084187,0.090155,0.048016,-0.020706,-0.014703,0.024791,0.035341,0.014109,-0.0023752,0.021353,0.028436,0.016576,0.0046628,0.0013391,0.017105,0.081717,0.14496,-0.045496,-0.25571,-0.236,-0.020323,0.13041,0.12638,0.058766,-0.015644,-0.044131,-0.036187,-0.077443,-0.12866,-0.036185,0.099184,0.13324,0.11837,0.049905,0.02014,0.042805,0.064879,0.07239,-0.0073321,-0.063403,-0.065007,-0.15914,-0.20573,-0.157,-0.032871,0.23403,0.38577,-0.34128,-0.31915,-0.20869,-0.20888,-0.24645,-0.24515,-0.3113,-0.39243,-0.26261,-0.046889,0.10142,0.24727,0.30178,0.26196,0.16832,-0.0064216,-0.15265,-0.18234,-0.16678,-0.12402,-0.058798,-0.0028974,0.0027647,-0.04388,-0.099438,-0.010642,0.070335,0.042917,0.036838,0.14081,0.29329,0.63117,0.78386,0.39706,0.054083,-0.088395,-0.20285,-0.28671,-0.30073,-0.31265,-0.29469,-0.25122,-0.021098,0.31423,0.31357,0.058043,0.077958,0.30093,0.41164,0.38721,0.20782,-0.077055,-0.31174,-0.39636,-0.38731,-0.32788,-0.20567,-0.081837,-0.0088901,0.03055,0.090864,0.18192,0.264,0.31835,0.33148,0.26198,0.12021,0.027447,0.06923,0.077867,-0.1156,-0.19225,-0.18635,-0.20149,-0.17895,-0.10406,-0.028282,-0.040513,-0.069653,-0.071384,-0.062655,-0.063927,-0.036187,-0.024627,-0.079945,-0.083267,0.028773,0.16848,0.22507,0.23122,0.19174,0.22471,0.25648,0.1706,0.04876,0.017959,0.084243,0.18432,0.36302,0.49649,-0.43466,-0.48922,0.43779,0.29042,0.17889,-0.11419,0.41572,0.29296,0.25018,0.49823,0.8221,0.65779,-0.40187,0.090374,-0.17975,0.38717,0.15702,-0.0080452,0.097196,0.021349,-0.29332,0.080296,0.39011,-0.39132,-0.22834,-0.54686,-0.27845,-0.013108,0.04047,-0.11019,0.95239,-2.1734,0.6261,-0.5588,-1.6992,-0.20159,0.63083,0.02861,-0.31146,-0.35106,0.21401,-0.52206,-0.76227,0.7733,0.0021316,0.23842,0.016527,0.54129,0.12061,0.076588,0.51984,0.22298,0.029602,0.0833,-0.17868,0.55112,-0.035793,0.019657,0.087997,-0.2267,2.3644,0.19868,-1.6771,0.016899,-0.14304,-0.50912,-0.62561,0.10864,-0.36597,0.36337,0.25462,0.097273,-0.032704,0.46022,0.71456,0.51242,-0.54735,0.081868,0.2268,0.11855,-0.27355,-0.57943,0.062137,0.2694,0.21651,0.4483,0.098077,-0.14507,-0.030173,-0.021739,0.0018483,-0.81174,-0.54037,-0.49259,-0.13495,-0.039731,0.18966,0.1122,-0.63903,-0.30687,-0.10215,0.63149,0.26947,-0.18782,0.26573,0.040679,0.43024,-0.20617,0.28653,-0.53762,-0.10773,0.20379,0.17774,-0.087156,0.019902,-0.037689,-0.20248,-0.14646,-0.14953,-0.33063,2.6812,1.3396,-0.77694,-0.16639,0.37923,0.58811,-0.29374,0.40161,-0.21425,0.31114,0.080503,-0.056395,0.040119,0.36318,-0.86236,-0.28346,0.67886,-0.44864,0.34286,0.14242,-0.54112,-0.24725,0.33041,-0.11758,0.05108,-0.02648,0.42904,0.089437,-0.18679,-0.0019524,-0.23461,-0.62816,0.61894,-0.016527,0.68667,-0.23787,0.35364,-0.48804,0.12646,0.20346,-0.24493,0.013225,0.060764,0.030246,-0.2271,0.26376,-0.88454,0.34684,0.29167,0.19415,0.10516,-0.38366,0.33401,0.35574,-0.18453,-0.28262,0.39666,-0.1879,0.13763,-0.15335
0.42437,0.47332,0.30743,0.069839,-0.019585,0.027663,0.078196,0.068376,0.0034278,0.038056,0.09801,0.093631,0.10776,0.10154,-0.044467,-0.20586,-0.26959,-0.28962,-0.16799,0.0080728,0.058076,0.046301,0.010266,0.01163,0.074511,0.099607,0.079511,0.038794,0.023009,0.081312,0.25611,0.36798,0.47771,0.30409,0.11804,0.16369,0.13148,0.041579,-0.036234,-0.083123,-0.116,-0.094568,-0.071309,-0.083707,-0.11787,-0.14047,-0.11461,-0.05187,0.007867,0.00090919,-0.06695,-0.067315,0.0502,0.14312,0.15207,0.10069,0.019674,0.0066636,0.030355,0.025995,0.025322,0.00084358,-0.0068409,0.014051,-0.00095822,-0.028905,-0.02465,-0.02043,-0.034167,0.012247,-0.12671,-0.23026,-0.18775,-0.12984,-0.080141,-0.020014,0.076149,0.1815,0.17818,0.034059,-0.09966,-0.094314,0.0098036,0.090519,0.1054,0.085133,0.055839,0.029902,0.025914,0.055888,0.082112,0.098186,0.094945,-0.0654,-0.16761,-0.089353,0.021945,0.17605,0.41683,0.558,-0.44988,-0.36059,-0.19316,-0.19202,-0.2539,-0.30267,-0.3214,-0.298,-0.29448,-0.1873,0.019647,0.12787,0.1874,0.17289,0.15445,0.10765,0.045477,0.048607,0.042045,0.054038,0.097098,0.078265,0.026002,-0.026451,0.083112,0.17091,0.14629,0.12108,0.11737,0.11401,-0.046272,-0.14773,-0.13039,-0.21556,-0.36374,-0.45232,-0.37258,-0.24905,-0.11907,-0.018856,0.048102,0.06729,0.068636,0.075095,0.073026,0.071733,0.12941,0.24762,0.34558,0.3446,0.16664,-0.20845,-0.55792,-0.68328,-0.65251,-0.54061,-0.35974,-0.17809,-0.09764,-0.10603,-0.084136,0.021987,0.16426,0.28777,0.3621,0.33049,0.24825,0.11969,0.046421,0.091344,0.016525,-0.0047621,0.00053993,-0.00043344,0.012141,0.040016,-0.029921,-0.10664,-0.10154,-0.071733,-0.037886,-0.019773,-0.020863,-0.067776,-0.11222,-0.12346,-0.10705,-0.054725,0.069993,0.1886,0.21316,0.17939,0.094977,0.13901,0.21775,0.25217,0.27733,0.30378,0.42511,0.5367,-0.16162,-0.23409,-0.45607,0.0054325,-0.14897,0.25841,0.01595,-0.15583,-0.19965,0.45758,0.32811,0.12558,-0.21694,0.0041595,0.17844,0.14082,0.10716,0.16015,0.033329,-0.11233,0.1016,0.0048258,-0.062664,-0.20166,-0.088508,-0.23449,-0.19106,-0.087751,0.098357,-0.024324,2.7204,-0.39861,-0.36686,1.1441,-1.1696,-0.025707,-0.44527,0.024999,0.025875,-0.40381,-0.3265,-0.11635,-0.32957,-0.037974,-0.12055,0.077969,0.17173,0.24073,-0.20403,-0.16492,0.19716,0.1385,0.21137,0.087205,-0.49323,-0.0057901,-0.071094,-0.080882,0.096147,0.075615,2.5729,-0.85974,-0.88171,-0.32815,-1.1747,-0.071891,-0.072582,-0.20519,0.32074,0.20301,-0.21316,-0.17627,0.0065595,-0.16559,-0.20639,-0.23281,0.09205,0.13857,-0.13278,-0.18593,-0.31158,-0.2442,-0.0022924,0.061288,0.17874,0.019433,-0.14486,0.13987,0.11345,0.088482,0.022584,-0.44894,0.084121,0.1345,-0.069668,0.154,0.62445,0.58198,-0.51616,-0.05198,0.21417,0.26731,-0.27547,0.13637,0.27882,0.1176,0.12597,0.26837,-0.0917,-0.12988,0.060045,0.11683,0.31985,-0.058718,0.13179,0.30113,-0.0036216,-0.18491,0.13518,-0.27327,2.7433,1.4702,0.23596,0.35165,-0.15087,0.3812,0.37235,0.37987,0.018473,-0.47626,-0.42026,-0.068467,0.057846,0.3741,0.1204,-0.077609,-0.16315,0.23086,0.050897,0.13302,-0.01888,0.22948,0.0062637,0.1154,0.096728,-0.028701,0.0095517,0.13676,-0.11178,-0.048016,-0.090983,-0.4237,-0.28971,0.0090946,0.010492,-0.26852,0.10291,0.055769,-0.065707,0.8063,-0.44667,-0.00021722,-0.006317,0.041551,-0.35893,0.066272,-0.024629,-0.081661,-0.42213,-0.34462,0.082509,-0.081912,0.11881,-0.010297,-0.10451,-0.038905,0.16785,-0.012634,-0.078172,-0.19055
0.092438,0.28891,0.32257,0.11161,-0.098483,-0.10913,-0.061347,0.025322,0.098757,0.083734,0.065257,0.069215,0.07591,0.041884,0.0048699,-0.056276,-0.19374,-0.30145,-0.33684,-0.3328,-0.29553,-0.19915,-0.097829,-0.021595,0.055476,0.046351,-0.015871,-0.018537,0.084128,0.20681,0.20016,0.20867,0.27684,0.23614,0.27055,0.30443,0.26644,0.21291,0.16061,0.12862,0.11512,0.13524,0.14059,0.085355,0.040241,0.022851,-0.19519,-0.23096,0.099195,0.24479,0.19152,0.008093,-0.088488,0.0078626,0.017864,-0.031143,-0.056105,-0.0621,-0.084865,-0.084103,-0.043396,-0.00095363,0.017821,0.026345,0.023192,0.025792,0.021657,0.021344,0.06177,0.075086,-0.22397,-0.54822,-0.587,-0.29055,0.011072,0.07556,0.03374,0.01217,-0.026458,-0.062473,-0.047306,0.015255,0.085215,0.12156,0.13817,0.13743,0.12206,0.056751,0.019602,0.035362,0.046227,0.05949,-0.022412,-0.093168,-0.082197,-0.098922,-0.11025,-0.058789,0.096674,0.19131,0.44337,-0.1828,-0.33952,-0.2126,-0.064294,-0.065448,-0.11137,-0.076973,-0.012318,-0.0005489,0.076267,0.16552,0.19148,0.17434,0.13628,0.05987,0.024171,0.0080434,-0.025574,-0.039307,-0.012892,0.031158,0.06483,0.073182,0.051631,-0.031755,-0.11071,-0.12661,-0.16086,-0.257,-0.31884,0.019908,0.15312,-0.082708,-0.33597,-0.36361,-0.27525,-0.12716,-0.0081466,-0.01754,-0.043952,0.10201,0.3454,0.5673,0.67632,0.49009,-0.18606,-0.36003,-0.03712,0.22155,0.0935,-0.27431,-0.58478,-0.68564,-0.62777,-0.52405,-0.38725,-0.26736,-0.15793,-0.025162,0.16943,0.36229,0.45988,0.47286,0.40076,0.24604,0.089105,0.016627,0.045665,0.031306,-0.11299,-0.063262,-0.0028549,-0.12355,-0.17755,-0.11282,-0.035052,-0.0021029,0.071232,0.13366,0.11599,0.054285,-0.036341,-0.11246,-0.095108,-0.039499,-0.035799,0.041366,0.12379,0.14525,0.13507,0.1066,0.17503,0.18149,0.10736,0.10333,0.097327,0.10848,0.249,0.36772,-0.40707,0.079388,-0.73232,0.41786,0.032252,-0.28388,-0.43403,0.025068,0.55313,-0.41685,0.56043,-0.52625,-0.40395,0.63895,-0.048224,0.12295,0.63223,0.014266,0.15783,-0.2696,-0.024038,-0.116,-0.20763,-0.22291,0.11714,0.084296,0.14307,-0.030451,-0.28329,-0.29365,1.2826,-1.8696,0.2027,-0.96683,-1.7235,0.0072736,0.4768,0.43011,-0.12171,0.19484,-0.098109,0.45742,-0.4536,0.20692,0.12072,0.015496,0.67052,0.3685,-0.62159,-0.10676,-0.24453,0.50416,-0.047086,0.35527,-0.64351,0.020608,0.26282,-0.2417,0.063164,-0.053961,2.7226,-0.75371,-0.39076,-0.39844,0.23588,0.72824,-0.44622,0.23225,0.49082,-0.11627,0.029462,0.052545,-0.50732,-0.064982,-0.73749,0.072845,-0.74285,0.44041,-0.66698,-0.18049,-0.18257,-0.30164,0.39373,-0.49603,-0.20568,-0.14476,-0.0044801,-0.4863,0.073763,0.063068,0.17305,-0.29944,0.28369,0.075606,0.13919,0.24621,0.34621,-0.14037,-0.41915,-0.31414,-0.45677,0.055069,-0.3598,0.25583,-0.35979,-0.15699,0.36826,-0.35289,-0.81787,-0.11645,-0.32657,0.57583,0.19884,0.23705,0.03372,0.57722,-0.11566,0.0034028,0.15054,0.1575,2.7675,2.3915,0.6882,-0.040968,-1.2135,0.27063,-0.84599,0.020863,-0.0059462,0.57748,-0.25437,-0.25858,0.041965,0.62801,0.69144,-0.39379,0.4322,0.45732,0.52572,0.042105,-0.062949,-0.073885,0.26054,-0.41065,-0.44862,0.35631,-0.062278,-0.14279,0.29442,0.24746,0.18338,-0.26413,-0.42833,0.11261,0.019101,-0.53663,0.39035,-0.59665,0.043435,0.13114,-0.29452,-0.072582,-0.27974,-0.20682,-0.31089,-0.23642,0.53695,-0.03202,-0.068813,0.49336,0.19916,-0.48212,0.38314,0.26781,-0.52761,0.036514,-0.23026,-0.20367,-0.30455,-0.020748
0.32025,0.24494,0.023989,-0.095511,-0.12511,-0.024273,0.10379,0.11966,0.01665,-0.084351,-0.10656,-0.085895,-0.077655,-0.10308,-0.13313,-0.19174,-0.27686,-0.23276,-0.1394,-0.10181,-0.029307,0.023313,0.028857,0.011896,0.0096424,-0.012093,-0.044719,-0.0073969,0.025663,-0.062891,-0.12741,0.31516,0.69503,0.51744,0.23151,0.2826,0.27762,0.20627,0.099693,0.057574,0.069463,0.069645,0.052267,0.021402,-0.049237,-0.12276,-0.10848,-0.058059,-0.015249,-0.026234,-0.083797,-0.11369,-0.051057,0.014792,0.0331,0.011035,0.0039086,0.0083695,0.0030908,0.017948,0.030767,0.040298,0.12542,0.19628,0.15487,0.11983,0.17055,0.20666,0.096449,0.040794,-0.014741,-0.21045,-0.2869,-0.32411,-0.35718,-0.33364,-0.23034,-0.087926,0.032452,0.035824,-0.024345,0.0032408,0.089471,0.12736,0.12593,0.1095,0.080657,0.046174,0.034877,0.050959,0.051819,0.042078,0.023933,-0.066753,-0.12668,-0.1214,-0.1512,-0.16764,-0.35494,-0.50048,-0.45686,-0.17208,0.13628,0.19091,0.1971,0.14397,-0.019155,-0.12791,-0.12434,-0.029509,0.18658,0.31609,0.30292,0.24255,0.19058,0.10253,0.013066,-0.060722,-0.10982,-0.075054,-0.0017737,0.045893,0.034891,0.094942,0.14305,0.10594,0.079759,-0.040928,-0.17723,-0.15001,-0.016744,-0.37734,-0.45218,-0.37581,-0.23524,-0.35443,-0.36911,-0.2899,-0.13839,0.013918,0.074755,0.033137,-0.064233,-0.075436,0.090832,0.23899,0.26041,0.27119,0.28413,0.25766,0.20308,0.04702,-0.1715,-0.27399,-0.29605,-0.26872,-0.16156,-0.035007,0.035722,0.035664,-0.012311,-0.014078,0.11089,0.33711,0.52181,0.47229,0.26912,0.12662,0.13527,0.22738,0.11238,0.01263,0.033689,0.055722,0.082542,0.10663,0.018112,-0.071616,-0.084047,-0.082935,-0.078771,-0.080894,-0.07918,-0.10357,-0.14344,-0.16859,-0.16338,-0.11576,-0.0063251,0.089944,0.089158,0.031167,-0.06044,-0.089955,-0.072635,-0.090535,-0.15737,-0.18718,-0.31284,-0.42057,-0.27552,-0.6354,-1.8668,-0.079219,0.21399,-0.11903,0.3531,1.2598,0.22986,0.080466,0.65007,-0.20121,-0.010191,0.2257,-0.071815,-0.11046,-0.24462,0.042366,-0.032527,-0.10102,-0.5001,0.049699,-0.25668,0.095952,0.070678,-0.16893,0.16508,-0.074157,-0.075213,0.055035,2.7444,0.40759,-0.78501,-0.71665,-1.5273,0.025682,0.15918,-0.67349,-0.99631,-0.3905,-0.002295,0.28717,-0.58754,-0.23479,0.14024,-0.22994,-0.3438,0.19237,-0.29987,-0.40783,-0.042365,0.13595,-0.095842,0.010246,-0.21437,-0.032834,-0.2073,0.039434,0.10062,0.0059049,2.5976,-0.55156,0.37305,-1.2966,-0.27917,-0.50779,0.51652,0.1284,0.42235,-0.30434,-0.10592,0.088826,0.33902,-0.14625,-0.35378,-0.37605,0.15677,-0.022651,-0.22524,-0.14636,-0.37912,0.31442,-0.16469,0.027593,0.21844,0.19845,0.21764,0.058643,-0.33515,0.02218,0.031117,1.3581,0.81116,0.83874,-0.17325,-0.39395,-0.48147,-0.1356,-0.26027,0.34715,0.15642,-0.19941,-0.026289,0.33895,-0.13594,-0.11544,0.21999,0.25347,0.045484,-0.15747,0.096705,0.14148,-0.063791,0.010331,0.24556,-0.30339,0.029053,-0.23538,0.26323,-0.36913,3.3012,-0.095351,1.2401,0.40349,0.043495,0.055873,-0.055407,-0.95369,-0.079159,0.10188,-0.25367,-0.059741,-0.16442,-0.11589,0.03049,0.10648,-0.049575,0.30475,-0.31017,0.047024,-0.17841,0.23598,-0.24678,-0.072267,0.12133,0.24256,-0.27353,-0.028025,-0.15699,-0.00018721,0.25779,1.1482,-1.1219,0.24659,-0.60179,0.07317,0.26637,-0.68738,0.7713,0.5186,0.032431,-0.32923,0.32471,-0.06804,-0.26726,-0.0022675,-0.25676,-0.24496,-0.16235,-0.38684,0.059907,0.14231,0.1772,-0.22409,-0.3381,0.095966,-0.094472,0.076248,-0.062634,0.1123
0.24835,0.32868,0.30672,0.18692,-0.012293,-0.1067,-0.088353,-0.069513,0.016971,0.093064,0.079097,0.0929,0.10436,0.082637,-0.0077024,-0.075476,-0.11758,-0.17242,-0.15586,-0.090624,-0.051283,-0.094726,-0.1107,-0.036282,0.026663,0.036677,0.018597,-0.01947,-0.026165,0.055418,0.21771,0.33605,0.30422,0.19109,0.24845,0.28501,0.23159,0.14453,0.095189,0.052265,-0.0025996,-0.043757,-0.064141,-0.064921,-0.088685,-0.1585,-0.18406,-0.13448,-0.075315,-0.069571,-0.058894,-0.052648,0.013573,0.10577,0.11666,0.069452,-0.0076634,-0.017557,0.014464,0.025398,0.037027,0.041267,0.01541,-0.0044592,-0.019495,-0.050267,-0.047587,0.016357,0.049461,0.0065594,0.010752,-0.22965,-0.32516,-0.13439,0.061222,0.15974,0.25657,0.27999,0.15128,-0.010379,-0.073653,-0.038509,0.060318,0.11816,0.10498,0.078367,0.040698,0.02407,0.031814,0.04042,0.050441,-0.038969,-0.14857,-0.17263,-0.16232,-0.15126,-0.12738,0.014092,0.2632,0.38413,-0.43881,-0.34969,-0.19396,-0.17618,-0.17422,-0.10762,-0.096362,-0.13739,-0.086426,0.052221,0.16006,0.23633,0.23794,0.16891,0.08638,-0.016343,-0.12076,-0.15654,-0.12348,-0.055694,-0.018712,-0.0062403,0.024002,0.040801,0.11209,0.15751,0.13589,0.10148,0.08353,0.093199,0.027382,0.076411,0.025985,-0.23064,-0.46895,-0.44654,-0.29971,-0.17809,-0.16384,-0.14313,-0.0080227,0.16352,0.29275,0.32567,0.21204,0.063678,0.051196,0.13327,0.2164,0.23332,0.19543,-0.025332,-0.33826,-0.49812,-0.49849,-0.41929,-0.27154,-0.11612,-0.049276,-0.040755,-0.0072274,0.018036,0.094034,0.26717,0.39886,0.37456,0.27895,0.21249,0.12211,0.066339,0.090906,-0.044968,-0.15213,-0.18063,-0.17802,-0.13175,-0.092183,-0.085876,-0.078333,-0.047441,0.013298,0.016535,-0.015944,-0.006157,-0.0060132,0.011998,0.051256,0.090503,0.10923,0.11113,0.10445,0.15442,0.1175,-0.02344,-0.082162,-0.0015396,0.064445,0.12978,0.30138,0.4262,-0.25991,-0.54952,-0.55583,0.078361,-0.0038065,0.11457,0.11024,0.33486,0.15378,0.38006,0.35647,0.12062,-0.33762,0.44738,0.2756,0.3844,0.34705,0.1686,-0.059719,-0.087597,0.13054,0.039388,-0.24447,-0.0030828,-0.20318,-0.086153,0.121,-0.13327,0.26689,-0.13511,2.7279,-0.15561,-0.089811,0.71798,-1.3249,-0.19009,0.22908,0.0013065,-0.0068929,-0.53748,-0.30485,-0.11432,-0.42359,-0.15115,-0.1199,-0.050975,0.41742,0.08097,-0.35723,-0.22952,-0.076532,0.23264,0.18558,0.12737,-0.37756,-0.13249,-0.048373,0.097419,-0.28199,0.063755,2.5268,-0.47609,-1.1,-0.41495,-0.58404,-0.76894,-0.031938,-0.245,0.53707,0.50049,-0.11473,0.29027,-0.05518,0.20407,-0.26252,-0.037871,-0.25634,-0.15869,-0.33526,-0.3701,-0.4196,0.20751,0.090517,-0.1311,0.32677,0.11051,0.061841,-0.13259,0.23767,0.016797,0.026588,-0.1568,-0.029727,0.074618,-0.15842,0.0049958,0.16189,0.26706,-0.74211,-0.15767,0.091392,0.21603,-0.1928,0.2704,-0.039297,0.050024,0.2114,0.12972,-0.20338,-0.21262,-0.13428,0.069191,0.095464,-0.10002,0.13889,0.36562,0.029645,-0.29202,0.24599,0.12956,2.7495,1.5264,0.0079925,0.22977,-0.61134,0.24499,-0.12953,-0.17266,0.10076,-0.46651,-0.52167,-0.19204,-0.053331,0.18604,0.16315,-0.32699,-0.044418,0.455,-0.014714,0.25407,-0.2607,0.0087984,-0.017864,-0.0085094,-0.20444,0.099291,0.17875,0.10655,0.030496,0.017742,-0.039213,-0.076808,-0.11111,0.25731,0.041033,-0.12082,0.34372,-0.55937,-0.24234,0.49047,-0.073954,-0.035659,0.21915,-0.23655,-0.46951,-0.21257,-0.021114,-0.0060887,-0.33354,-0.016564,-0.02324,-0.10985,0.27425,0.35373,-0.2566,-0.1658,-0.066777,-0.07588,-0.17808,0.10058
-0.0057216,0.023261,-0.012879,-0.067573,-0.084526,-0.081308,0.028019,0.12073,0.13597,0.12534,0.10045,-0.007422,-0.063436,-0.055017,-0.10628,-0.16852,-0.14821,-0.10314,-0.091901,-0.018372,0.06242,0.11224,0.094864,-0.0059304,-0.094279,-0.10542,-0.065504,0.0043549,0.12068,0.27152,0.35004,0.40925,0.51825,0.30113,0.099797,0.12918,0.079015,-0.013799,-0.022193,0.011353,-0.012658,-0.045867,-0.06909,0.072125,0.18108,0.1547,0.02387,-0.088951,-0.021658,-0.021852,-0.08752,-0.078033,0.048532,0.1381,0.13912,0.081088,0.0042772,0.0067266,0.035736,0.02936,0.02143,0.014225,0.027567,0.060228,0.093016,0.049467,-0.0087838,0.0032851,0.051454,-0.17025,-0.49485,-0.45252,-0.33765,-0.19582,0.03852,0.2185,0.21512,0.10457,0.018404,-0.083832,-0.14588,-0.11643,-0.016231,0.087793,0.15095,0.15577,0.11318,0.060508,0.025158,-0.071445,-0.13777,-0.1287,-0.12169,-0.098898,-0.095074,-0.09445,-0.071072,-0.033097,0.11919,0.23739,0.41709,-0.048245,-0.22049,-0.14989,-0.079678,-0.087143,-0.031693,0.051329,-0.0023696,-0.032844,-0.013739,0.15734,0.3134,0.32271,0.21445,0.11034,0.007087,-0.06735,-0.044902,0.027281,0.10045,0.12822,0.21358,0.2146,0.11982,0.090758,0.078352,0.074549,0.072943,-0.016418,-0.22906,-0.14161,-0.09877,-0.25071,-0.35481,-0.3847,-0.27016,-0.15002,-0.065919,-0.094331,-0.18233,-0.21121,-0.16745,0.00056349,0.22745,0.28393,0.20024,0.21582,0.31748,0.32634,0.16369,-0.18433,-0.50981,-0.61227,-0.55325,-0.42978,-0.28372,-0.1926,-0.16239,-0.14447,-0.12311,-0.10037,-0.053123,0.01728,0.060574,0.036087,0.014421,0.080125,0.21002,0.074396,0.088621,0.1221,0.085967,0.047392,-0.071643,-0.13424,-0.11365,-0.09998,0.034065,0.20395,0.23296,0.1962,0.09315,-0.03582,-0.14195,-0.19391,-0.17402,-0.09757,-0.0074549,0.13092,0.20483,0.16816,0.11853,0.061407,-0.013842,-0.047445,-0.057946,-0.048352,0.09217,0.22504,-0.28507,-0.53345,-0.78659,0.02632,-0.0065561,0.049102,0.33323,0.26531,0.14592,0.29313,0.19553,-0.25489,-0.22998,0.33558,0.27955,-0.13268,-0.021233,0.16451,0.61265,-0.1947,-0.04442,-0.23,0.014698,0.076016,-0.62585,-0.085284,0.28142,0.096844,0.094738,-0.29266,2.7435,-0.036066,-0.22396,0.59194,-1.1889,0.0050731,-0.092084,-0.070746,-0.52477,-0.41381,-0.51834,0.11721,-0.42544,-0.19256,0.042826,-0.27193,0.44878,0.80541,-0.045094,0.1057,-0.19173,0.20853,0.066371,-0.03068,-0.084967,0.22402,-0.075072,0.31865,-0.032886,0.12421,2.6315,-0.39223,-0.30868,-0.71387,-0.13469,0.51658,0.10514,0.15219,0.20878,-0.18175,-0.20215,-0.45381,-0.399,-0.67912,0.14543,-0.54058,-0.21032,-0.24367,-0.12894,-0.71776,-0.19598,-0.061053,-0.32829,0.21602,0.1174,0.13423,0.08489,-0.05224,0.092007,-0.2193,0.1718,0.15926,0.080562,0.4661,-0.12344,0.061523,0.21441,-0.02375,-0.38128,0.21551,0.27744,0.04065,-0.093462,0.3682,0.064141,0.18255,-0.039249,0.13173,-0.43634,-0.30991,0.11874,-0.49926,-0.087849,0.076158,-0.45909,-0.11209,-0.015507,-0.27619,0.20463,0.12212,3.4407,0.61852,0.58737,-0.04401,-0.27203,0.10372,-0.22954,-0.070156,0.2345,0.24582,-0.048602,0.40104,0.24109,0.28352,0.41691,-0.60311,-0.31298,0.15132,-0.20212,0.2456,-0.39249,-0.19222,0.051147,0.049684,-0.3223,-0.0030097,0.070721,-0.15857,-0.13461,-0.003735,0.14594,0.080209,-0.22233,0.12282,-0.2056,-0.2954,0.20035,-0.42158,0.3429,0.56566,-0.18077,-0.24479,-0.0018189,0.032836,-0.14777,-0.14909,0.019246,-0.34078,-0.3269,-0.19481,0.17822,0.50146,-0.22002,0.3544,-0.073581,-0.38149,0.029022,0.044698,-0.024885,0.14971
-0.24131,-0.16353,-0.15141,-0.24502,-0.26983,-0.13208,0.047746,0.089716,0.13404,0.1966,0.17913,0.12801,0.096947,0.11042,0.11627,0.090559,0.023346,-0.026833,-0.010858,0.047906,0.093304,0.084091,-0.034925,-0.16622,-0.27532,-0.35909,-0.38246,-0.3261,-0.12138,0.10014,0.15192,0.17697,0.2116,0.15194,0.17925,0.23331,0.2361,0.17598,0.092269,0.018734,0.079057,0.15846,0.16087,0.15855,0.12821,0.013857,-0.041365,0.041853,0.087278,0.042228,-0.065261,-0.092952,0.0034088,0.085306,0.096883,0.060291,-0.00062353,0.0030772,0.033113,0.038678,0.048178,0.052658,0.11119,0.17552,0.17347,0.13032,0.12784,0.066818,-0.046793,0.025106,-0.0067609,-0.056829,-0.076976,-0.12717,-0.2105,-0.26945,-0.22489,-0.10417,-0.022751,0.0030672,0.054107,0.17764,0.29356,0.32469,0.2821,0.23404,0.14754,0.10505,0.11872,0.038237,-0.0058943,0.025205,0.0082744,-0.0078795,-0.062573,-0.12845,-0.21075,-0.28529,-0.25913,-0.23323,-0.12907,-0.12595,-0.147,-0.16947,-0.17407,-0.16811,-0.23279,-0.32229,-0.17785,0.052692,0.04712,0.084705,0.1289,0.15377,0.15061,0.10216,0.041375,0.0086277,0.021705,0.067941,0.10506,0.091677,0.15003,0.15838,0.053078,-0.13458,-0.28656,-0.24956,-0.19675,-0.20939,-0.17996,0.16555,0.24829,-0.012636,-0.27035,-0.31306,-0.29925,-0.26949,-0.20341,-0.11373,-0.0069458,0.072686,0.092335,0.11004,0.12756,0.19336,0.34916,0.51291,0.58814,0.52417,0.30338,-0.027168,-0.3121,-0.43544,-0.44588,-0.40101,-0.30399,-0.20271,-0.11698,-0.038416,0.02402,0.065326,0.088999,0.15298,0.28874,0.36964,0.29917,0.11422,-0.021571,0.046715,0.0080551,-0.006615,0.016216,0.040163,-0.058632,-0.12613,-0.083439,-0.076226,-0.10876,-0.13962,-0.16797,-0.067029,0.04289,-0.043722,-0.051836,-0.034663,0.076926,0.1874,0.17819,0.24342,0.32357,0.35213,0.29998,0.17782,0.13115,0.1155,0.036128,-0.018336,0.017879,0.077324,-0.89557,-0.50681,-1.0747,-0.14974,-0.39263,-0.30962,0.95402,0.52311,-0.29489,0.33505,0.81484,-0.82007,-0.39255,-0.53703,0.58538,-0.3801,-0.018399,0.87009,-0.1964,0.12788,-0.47072,-0.29572,0.019159,0.35835,0.13854,0.21285,0.1637,0.29683,0.1821,0.14646,2.6052,-0.45095,-0.2278,0.12976,-0.85318,0.11447,0.52603,0.17567,-0.52674,0.95217,-0.44269,0.073117,-0.14618,-0.43203,0.40546,-0.042853,-0.53424,0.21367,-0.21669,-0.30355,-0.19891,-0.43599,-0.10566,0.058043,0.041964,0.45441,-0.29224,0.33815,-0.19264,-0.23169,2.5335,-0.33447,-0.55838,-0.88145,0.0337,-0.68763,-0.28471,-0.52014,0.14095,-0.63307,0.61647,-0.56473,-0.39266,-0.38955,-0.29844,-0.48241,0.54251,-0.52312,-0.18,0.57714,-0.38105,0.31612,0.041712,-0.17046,0.42322,0.23333,-0.24609,-0.11408,-0.40862,0.03686,0.17422,0.28772,0.10931,0.37261,0.23012,0.39674,-0.47279,-0.18999,0.58224,-0.45024,-0.36296,-0.20264,-0.43635,-0.028131,0.52627,0.11825,-0.44297,0.58791,-0.38674,-0.29269,0.12237,0.29366,-0.26736,0.16609,0.26142,-0.065239,-0.088636,0.041086,0.05812,-0.35573,3.3431,0.054136,0.65168,0.44098,0.76545,-0.43211,-0.91175,-0.25314,0.16342,0.082972,0.82878,0.4878,0.041775,0.46013,-0.13736,0.59978,-0.082441,0.42778,-0.27206,0.013028,-0.13067,0.35997,-0.17864,-0.16276,0.12152,0.34805,0.29852,-0.23866,0.05856,-0.22481,0.14438,0.1295,-0.34089,-0.052848,-0.26095,-0.36665,-0.21497,-0.26396,0.57084,-0.63087,0.49283,0.094651,-0.29462,-0.16037,0.30442,0.20211,-0.36198,-0.51795,-0.21164,-0.58464,0.19107,0.10413,0.14997,-0.21357,-0.18111,0.1169,-0.14857,-0.22392,-0.22063,0.17076
-0.38731,-0.30343,-0.059658,-0.075591,-0.10151,-0.00052247,0.11776,0.12233,0.11876,0.13482,0.11088,0.10313,0.10499,0.12019,0.13048,0.11098,0.057696,-0.017962,-0.064773,-0.13456,-0.18797,-0.20984,-0.28305,-0.34301,-0.29804,-0.21676,-0.15781,-0.037762,0.083157,0.11221,0.066297,0.14547,0.22968,0.1646,0.15935,0.1237,0.0585,0.0041186,0.0016163,0.021612,-0.0011755,-0.023213,-0.03946,0.071111,0.15815,0.14006,0.15227,0.10199,0.04756,0.052445,0.009355,-0.027314,0.04042,0.12432,0.12733,0.080129,0.012394,-0.033437,-0.053662,-0.054758,-0.037553,-0.011852,0.011575,0.12148,0.20602,0.18346,0.18574,0.24961,0.20197,0.060043,0.09501,-0.17075,-0.54212,-0.72191,-0.59584,-0.36395,-0.21632,-0.097288,-0.050902,-0.11451,-0.13816,-0.022489,0.18072,0.33055,0.3778,0.34918,0.30238,0.22603,0.18026,0.18015,0.20275,0.23289,0.18743,0.14282,0.10108,-0.070591,-0.21323,-0.25735,-0.026436,0.20055,0.47652,0.12704,-0.2271,-0.25213,-0.15931,-0.11562,-0.23521,-0.30462,-0.17817,0.013101,0.031298,0.04417,0.11381,0.18429,0.17878,0.1285,0.065023,0.029265,-0.0027583,0.024672,0.10318,0.09834,0.019967,-0.055353,-0.1367,-0.18719,-0.1684,-0.15233,-0.14969,-0.11137,0.064349,0.49911,0.55598,0.20416,-0.079614,-0.13855,-0.13266,-0.088407,-0.054269,-0.068785,-0.083449,-0.068625,-0.033895,0.019198,0.12322,0.24168,0.25411,0.19802,0.18019,0.18926,0.11435,-0.14224,-0.41998,-0.52411,-0.49843,-0.42399,-0.31147,-0.21989,-0.16663,-0.10692,-0.020091,0.087825,0.17383,0.23073,0.29435,0.32326,0.28303,0.20788,0.14036,0.074365,0.092107,-0.044007,-0.025902,0.093114,0.021639,-0.067928,-0.084018,-0.081508,-0.070957,-0.035807,-0.036688,-0.079588,-0.065494,-0.07133,-0.15863,-0.18869,-0.19572,-0.1029,0.010264,0.05088,0.11355,0.10633,0.30729,0.39523,0.27034,0.17301,0.083328,0.01123,0.27441,0.52704,-0.655,-0.43858,-0.72184,0.15982,-0.84785,-0.4824,1.3829,-0.11603,-0.21377,0.18127,1.2056,-0.54212,-0.12431,0.17445,-0.22918,-0.22678,0.45517,0.51611,-0.39575,-0.045196,0.060761,-0.38854,0.33625,0.11899,0.077478,-0.33641,0.024151,0.39965,0.074159,0.11763,2.4479,-0.31377,-0.40866,0.59913,-1.1046,0.47038,-0.055421,0.77952,-1.1247,0.67871,0.027534,0.31789,0.05332,-0.096217,0.30279,-0.074187,-0.28116,-0.37966,-0.28325,0.12197,0.18738,-0.12911,-0.35317,-0.065309,-0.15988,0.2369,0.0086431,0.18737,0.017524,-0.24105,2.4362,-0.53997,-0.61475,-0.92149,0.43548,-0.25258,-1.098,-0.15932,-0.078317,-0.91848,0.24562,-0.34363,-0.035917,0.22997,-0.087978,0.27934,-0.13931,0.15706,0.061905,0.28197,-0.42673,-0.30571,0.16354,0.025304,0.14789,0.12021,0.058992,0.021818,-0.09606,-0.064612,-0.26505,-0.050044,0.23074,0.25159,0.31998,0.68117,0.13184,-0.77226,0.55148,0.032239,-0.37305,-0.010986,0.15258,-0.10094,0.015712,0.42887,0.043378,-0.24725,-0.43319,-0.0017632,-0.15386,0.031415,-0.057059,-0.34371,0.52101,0.2304,-0.0011919,0.28081,0.017243,-0.3612,3.4948,-0.03117,0.85866,0.35416,1.1991,0.19503,-1.0541,0.35897,0.043456,0.73884,0.29953,0.30702,-0.39079,0.20918,-0.34166,-0.090086,0.65521,0.21572,0.19507,0.064727,0.015535,-0.064152,0.014721,0.16139,-0.050698,0.18037,0.089263,-0.23166,-0.12206,0.16489,-0.32427,-0.053301,-0.34762,-0.1602,-0.012607,-0.89783,0.088394,-0.7602,0.12193,-0.95595,0.42548,0.035291,-0.095161,0.038577,-0.096276,0.052121,-0.49558,0.042431,0.38372,0.34698,0.34674,-0.4554,0.12616,0.015536,0.1275,0.19507,0.12839,0.0042751,-0.1375,-0.035805
-0.26901,-0.24475,-0.05907,0.020474,0.04343,0.11932,0.20879,0.21226,0.1692,0.12421,0.09018,0.0921,0.11635,0.12033,0.11413,0.023648,-0.076177,-0.10869,-0.1508,-0.17028,-0.15337,-0.18724,-0.29088,-0.35311,-0.29321,-0.085372,0.12971,0.17924,0.16361,0.15331,0.06491,0.080569,0.16651,0.10047,0.11024,0.15246,0.12745,0.051744,0.030499,0.03047,-0.0059972,-0.027653,-0.040856,0.069216,0.13222,0.09781,0.11292,0.1678,0.23717,0.2192,0.12431,0.01302,0.02083,0.10769,0.10426,0.038828,-0.052728,-0.10721,-0.11669,-0.10395,-0.076915,-0.049115,-0.027896,-0.021367,-0.078588,-0.13673,-0.13975,-0.16106,-0.09722,0.035003,0.17518,0.27502,0.2176,0.038779,-0.10926,-0.14836,-0.1151,-0.052625,-0.017873,-0.029085,-0.036331,0.020045,0.10812,0.22251,0.30544,0.28486,0.21716,0.17591,0.099279,0.077353,0.14489,0.20631,0.23882,0.14268,0.083927,0.075812,-0.032171,-0.14103,-0.030513,0.11809,0.41865,0.13157,-0.1846,-0.26412,-0.2897,-0.34175,-0.25051,-0.047906,-0.040499,-0.022899,-0.00036094,0.059316,0.1086,0.10441,0.082895,0.20481,0.28949,0.2595,0.22688,0.18625,0.12305,0.058284,-0.00054644,-0.051768,-0.017453,0.007724,-0.023058,-0.03541,-0.036392,-0.0081383,0.09729,0.47513,0.51144,0.078117,-0.30574,-0.41793,-0.37685,-0.28764,-0.18866,-0.13113,-0.098557,-0.048634,-0.00032649,-0.064085,-0.13799,-0.068543,0.11083,0.285,0.41979,0.40981,0.16144,-0.22671,-0.52649,-0.62023,-0.54294,-0.39057,-0.23999,-0.14264,-0.066483,0.0042814,0.086155,0.18581,0.25208,0.23748,0.10474,-0.13636,-0.31779,-0.3184,-0.11569,-0.032692,-0.029266,0.0062566,0.0056667,0.0027245,0.014122,-0.063506,-0.1184,-0.088945,-0.087005,-0.090838,-0.10672,-0.17092,-0.27475,-0.2243,-0.10465,-0.1271,-0.065925,-0.011813,0.087613,0.21397,0.2856,0.29899,0.2461,0.32754,0.40653,0.35389,0.23291,0.12167,0.21966,0.36122,-0.6197,-0.80465,-0.2627,0.024555,-0.0052097,-0.58318,0.44671,-0.17693,-0.64799,-0.14543,1.7047,-0.32244,0.061089,-0.12508,-0.15649,0.023469,-0.10412,0.52588,0.029271,0.31039,0.12489,-0.18297,0.3618,-0.19574,-0.035863,0.12542,-0.2465,0.35848,-0.12797,-0.042156,2.6665,-0.25212,0.28708,0.89131,-1.6257,-0.2004,0.82342,0.73967,0.0025067,0.76405,0.66017,0.19828,-0.56118,-0.17343,0.32506,0.349,-0.31282,0.26036,-0.066055,-0.051171,0.40504,-0.19065,0.011905,0.36716,0.079801,0.16621,0.066619,0.084757,0.21305,-0.2686,2.2808,-0.35685,-0.50947,0.09411,0.283,0.090946,-0.83287,-0.9713,0.11339,-0.36917,0.39199,-0.44446,0.27163,-0.43851,0.14857,0.13823,-0.044774,0.15176,0.040862,0.42295,0.47535,-0.22536,-0.16475,0.032624,0.0093917,0.21729,0.0097471,-0.1066,0.08644,0.066675,-0.023597,0.03489,-0.31754,-0.44941,0.11423,0.23476,0.26877,0.030846,0.89324,0.21988,-0.56517,-0.10275,0.016781,-0.73897,0.45309,0.25544,0.17285,0.0076993,-0.0031544,0.3324,-0.075838,0.11335,0.17836,0.17017,0.19676,-0.088914,-0.1308,0.16226,-0.27827,-0.095015,3.1357,0.15279,0.22677,-0.55807,0.93942,0.018636,-0.44205,0.83911,-0.42508,0.1924,0.044709,-0.35716,-0.28435,0.33977,0.0035007,0.74571,0.45482,-0.62361,-0.26844,0.35384,-0.15298,0.033753,0.12045,-0.075309,0.016713,0.014761,-0.021287,-0.02197,-0.24618,-0.20535,-0.13347,0.13558,0.15777,-0.19485,0.65065,-0.35139,0.32677,-0.25148,-0.13975,-0.87786,-0.13782,-0.23803,0.21922,0.30918,0.3657,0.67796,-0.1723,0.091823,0.24723,-0.35977,-0.00063008,-0.45264,-0.023563,-0.13971,-0.032864,0.37508,0.23644,-0.2375,0.27283,0.090952
-0.025045,0.064616,0.25826,0.31302,0.19287,0.127,0.14684,0.12163,0.10433,0.10935,0.083034,0.081366,0.097186,0.094591,0.017564,-0.053617,-0.10208,-0.16541,-0.17149,-0.12679,-0.0745,-0.14017,-0.16312,-0.0098798,0.065007,0.072181,0.094169,0.12152,0.13589,0.089565,-0.089481,-0.19513,-0.15102,-0.059959,0.10065,0.16838,0.162,0.086158,0.016162,-0.034873,-0.080106,-0.081021,-0.081858,-0.11195,-0.15774,-0.17172,-0.1083,-0.0089028,0.060987,0.038426,-0.054286,-0.080996,0.0019904,0.057605,0.042603,-0.010859,-0.079132,-0.076528,-0.023496,-0.027621,-0.03791,-0.010326,0.0139,0.022475,0.014826,-0.042022,-0.10439,-0.097491,0.039323,0.18852,0.2429,0.31434,0.32907,0.26028,0.19696,0.19604,0.22755,0.29036,0.34902,0.33896,0.27705,0.22013,0.1738,0.17176,0.075177,-0.0073878,-0.0065892,0.0090031,0.021107,-0.067562,-0.11803,-0.054725,-0.022708,-0.01587,-0.038447,-0.061766,-0.084814,-0.10944,-0.034445,0.02823,0.24804,-0.095566,-0.28445,-0.31577,-0.23022,-0.15868,-0.23939,-0.28724,-0.18344,-0.03937,0.017838,0.11051,0.18096,0.17633,0.11919,0.003623,-0.11876,-0.16545,-0.15428,-0.10507,-0.051322,0.09588,0.15396,0.1474,0.16909,0.1551,0.21193,0.26411,0.263,0.17725,0.10283,0.47931,0.63252,0.18466,-0.28162,-0.48013,-0.49614,-0.40642,-0.29565,-0.19416,-0.10735,-0.060223,-0.048376,-0.050546,-0.054348,-0.011387,0.13347,0.3302,0.47433,0.48747,0.30955,-0.034946,-0.31398,-0.37529,-0.3202,-0.22923,-0.099504,0.033269,0.090328,0.1151,0.21459,0.32453,0.35148,0.29327,0.14637,-0.10482,-0.31511,-0.2879,-0.26077,-0.25118,-0.21735,-0.19392,-0.17841,-0.2063,-0.22709,-0.19964,-0.15482,-0.12703,-0.13627,-0.14302,-0.1547,-0.059479,0.051049,-0.0026617,0.031048,0.11116,0.1379,0.11035,0.06011,0.11006,0.22709,0.29844,0.2705,0.16614,0.14702,0.16509,0.13598,0.12386,0.21065,0.31206,-0.50292,-1.3298,0.52037,-0.19283,0.65698,-0.20612,-0.069279,0.33038,-0.48492,0.16481,1.3609,-0.12644,-0.15314,-0.12848,0.14333,0.29458,0.058137,0.24242,-0.10322,0.27691,-0.051098,-0.0046919,0.073057,-0.24767,0.25091,0.040446,-0.34112,0.1203,0.090422,-0.34522,2.4391,-0.092368,1.3306,1.1544,-1.5605,-0.86029,1.4534,-0.030796,0.85708,0.078568,0.1613,-0.041653,-0.5521,-0.19176,0.17251,0.21707,-0.1519,0.012647,-0.16857,-0.34302,0.39554,-0.077673,-0.2028,0.19124,0.27105,0.15873,0.14238,0.028304,0.0046117,-0.48855,2.3055,0.51142,-1.3225,0.65677,-0.10357,-0.29536,0.088469,-0.66161,0.56928,0.011171,0.2209,-0.84738,0.3577,-0.38138,0.044586,0.13809,0.028892,0.29096,-0.23173,0.038733,0.29408,-0.075957,-0.1304,0.38138,0.20717,0.24337,0.053378,-0.11019,-0.04837,-0.043122,0.10597,-0.13858,-1.3587,-0.71438,-0.31404,-0.14041,0.13439,0.55835,0.2975,-0.09512,-0.11079,0.056826,-0.15424,-0.45823,0.40524,0.088643,0.18378,0.21236,0.1758,0.31644,-0.25045,0.19348,-0.1641,-0.032772,0.11593,-0.0059202,0.034481,0.081674,-0.31235,-0.10202,3.3209,0.10459,-0.62917,-0.85444,0.95853,-0.99325,-0.37882,0.53685,-0.40248,-0.38037,-0.26236,0.15381,0.20413,0.032088,0.080489,0.36656,0.15811,-0.14673,-0.06816,0.35798,-0.087004,-0.071305,0.070555,-0.076537,0.043105,-0.32817,-0.058933,-0.18347,-0.15371,-0.12635,-0.0029805,-0.046824,1.204,0.064764,0.90428,0.3776,0.23188,-0.0078171,-0.17034,-0.36491,-0.20008,-0.24812,0.18229,0.02505,0.032067,0.56487,-0.31214,-0.0072646,-0.16855,-0.24349,-0.18659,-0.4491,0.3297,-0.017635,-0.059312,0.15151,0.10668,-0.3793,0.2137,0.35992
0.33465,0.62392,0.5287,0.29378,0.080497,0.013665,0.029557,0.057389,0.046259,-0.025776,-0.014866,0.057055,0.059384,0.056865,0.037679,-0.080284,-0.21749,-0.26822,-0.23763,-0.15724,-0.10476,-0.12758,-0.16016,-0.13912,-0.087842,-0.012565,0.050993,0.13071,0.25659,0.34264,0.37293,0.46692,0.4806,0.18889,-0.046168,0.017548,0.015128,-0.050981,-0.026232,-0.0045965,-0.0545,-0.061899,-0.060012,-0.074534,-0.093593,-0.14489,-0.1463,-0.069809,-0.027369,-0.06882,-0.042355,0.0052329,0.070429,0.16647,0.18144,0.13367,0.05465,-0.0046352,-0.032532,-0.034848,-0.01704,0.0076046,0.029621,0.084982,0.069863,0.011964,0.02626,0.046153,0.091138,-0.050863,-0.2613,-0.24583,-0.20504,-0.15009,-0.0044409,0.17483,0.3009,0.32205,0.23222,0.061028,-0.0846,-0.10717,-0.063524,0.0045554,0.072207,0.091157,0.08736,0.10733,0.14775,0.15891,0.18471,0.20817,0.13462,0.10962,0.13426,0.055622,0.0027421,-0.10412,-0.041623,0.10877,0.053309,-0.32516,-0.34305,-0.28009,-0.23815,-0.1791,-0.1636,-0.24311,-0.29566,-0.25373,-0.102,0.037178,0.065562,0.080397,0.056344,0.08685,0.10305,0.073329,0.11047,0.18536,0.16536,0.1387,0.17097,0.15359,0.12728,0.11487,0.12088,0.12929,0.10722,0.077847,0.11513,0.27721,0.051785,-0.28892,-0.45309,-0.58679,-0.52389,-0.42273,-0.33914,-0.25355,-0.17994,-0.070609,0.083054,0.2089,0.27902,0.3345,0.44537,0.58069,0.63788,0.55915,0.3205,-0.091295,-0.49123,-0.70681,-0.79776,-0.80809,-0.70505,-0.51978,-0.34574,-0.19825,-0.045957,0.087845,0.1525,0.11678,-0.00048549,-0.18578,-0.28955,-0.1822,0.014052,-0.033097,-0.055936,-0.018244,-0.0045,0.0037661,-0.106,-0.17946,-0.14728,-0.14,-0.15036,-0.13033,-0.087313,-0.10643,-0.11486,-0.053438,-0.047535,-0.094868,-0.10783,-0.016772,0.084272,0.11341,0.15883,0.13743,0.30845,0.40782,0.32778,0.27242,0.2301,0.35744,0.62334,0.75857,-0.73697,0.44319,0.47535,0.24054,0.06106,-0.25299,0.040196,-0.37331,-0.75983,0.15397,0.28214,0.16873,-0.039552,0.010539,-0.2098,-0.092514,0.033973,-0.13948,0.67891,-0.10896,0.079752,-0.26268,0.37538,-0.074594,-0.31084,0.17228,0.19584,0.032699,0.256,0.059818,1.6592,-2.2607,0.335,0.49239,-1.8138,0.022991,-0.26406,0.27154,0.15858,-0.33286,0.094565,0.11358,-0.43937,0.35706,0.45486,0.14384,0.16315,0.52267,0.15502,0.21573,-0.16372,0.12805,-0.32761,-0.38168,0.25789,0.33017,0.012104,0.47504,0.19462,-0.036347,2.792,-1.2275,-0.76519,0.31493,-0.23093,1.5428,-0.36437,-0.48085,-4.2638e-05,0.019714,0.075533,0.16834,0.16287,-0.25036,0.28598,-0.11847,-0.35227,-0.17686,0.098747,-0.55894,0.14094,-0.017816,-0.32572,0.11521,0.21415,0.082385,-0.020411,-0.024532,-0.051363,-0.73815,0.17585,-1.2748,-0.073452,-0.44374,-0.0076974,0.03687,0.7031,0.50786,-0.3099,0.23857,-0.081184,0.22316,0.0846,-0.30154,0.13329,0.17421,-0.30463,-0.023052,-0.078919,-0.16198,0.14856,-0.39035,-0.21852,0.34317,-0.38843,0.18616,-0.099024,-0.1486,-0.24474,0.053418,2.9052,2.1202,0.066925,-0.1095,0.54301,-0.039228,0.14933,0.78469,-0.53935,-0.17267,-0.31559,0.34062,0.22726,0.25719,0.41695,-0.29834,-0.21662,-0.25274,-0.1014,-0.083546,0.055443,-0.43241,-0.19845,-0.34295,-0.13035,-0.055714,0.30183,-0.020759,0.37361,0.039295,0.1382,-1.0676,-0.020142,-0.24022,0.63925,-0.17493,0.31076,-0.074326,-0.025217,0.47897,-0.67447,0.17493,-0.13045,0.5154,0.10738,0.21539,-0.12206,0.050543,0.11014,-0.30513,-0.18286,0.41822,-0.35321,0.19963,-0.21841,-0.19899,0.14888,0.055278,-0.027188,0.37168
-0.011813,0.075379,0.12913,0.015795,-0.072582,-0.054689,0.044814,0.12672,0.10426,0.071382,0.066922,0.065182,0.094305,0.10691,0.081987,-0.059757,-0.22012,-0.27382,-0.25717,-0.20877,-0.12613,-0.041041,-0.098538,-0.26123,-0.29675,-0.095104,0.11335,0.14596,0.11205,0.10342,0.18371,0.27814,0.32173,0.20936,0.14437,0.20425,0.19613,0.1282,0.05692,-0.0044696,-0.061317,-0.063353,-0.052766,-0.06908,-0.10038,-0.095546,-0.030192,0.041736,0.077165,0.034518,-0.053593,-0.056623,0.060078,0.15196,0.16495,0.12076,0.046232,-0.011499,-0.037601,-0.041187,-0.036005,-0.044012,-0.061628,0.064902,0.21145,0.21796,0.21875,0.11907,-0.020269,0.028662,-0.12408,-0.2799,-0.41613,-0.50598,-0.38331,-0.068163,0.21445,0.39481,0.50317,0.49094,0.37551,0.26095,0.19336,0.18695,0.16503,0.17383,0.15819,0.14976,0.16296,0.19427,0.21978,0.067911,-0.07623,-0.075924,-0.10298,-0.15464,-0.14562,-0.15107,-0.10364,-0.03756,0.56512,-0.051149,-0.29453,-0.13867,0.00084269,-0.06255,-0.16668,-0.2974,-0.34765,-0.22773,0.0076512,0.16388,0.25659,0.26512,0.19646,0.14735,0.10279,0.065645,0.093423,0.13812,0.14721,0.14713,0.14825,0.04204,-0.028455,0.048846,0.092001,0.10396,0.13439,0.16699,0.11103,0.080552,0.019539,-0.20401,-0.45637,-0.56451,-0.52782,-0.44833,-0.32796,-0.18928,-0.053412,0.024056,0.032752,0.021659,0.024927,0.095593,0.24451,0.37899,0.42164,0.34234,0.12607,-0.25062,-0.64448,-0.83788,-0.8496,-0.77238,-0.63805,-0.45029,-0.22248,-0.049311,0.013586,-0.0085434,-0.061899,-0.068406,0.072441,0.26027,0.27364,0.16594,0.048077,0.074526,-0.12372,-0.21289,-0.13576,-0.070946,-0.096026,-0.089271,-0.076706,-0.11126,-0.1165,-0.1271,-0.15075,-0.041315,0.095433,0.042333,0.024511,-0.020608,0.011029,0.084166,0.14861,0.23326,0.23606,0.33896,0.35916,0.2364,0.17191,0.13476,0.14797,0.15855,0.22752,0.33509,-0.76276,0.070351,-0.26026,0.18785,-0.24363,0.0098869,0.38141,0.19985,-0.38527,0.67987,0.87055,-0.38187,0.081077,0.55764,0.21671,-0.11979,-0.034954,-0.092205,-0.19179,-0.21014,-0.23741,0.34295,-0.12267,0.053202,-0.048381,0.22707,-0.2837,0.080031,0.17013,-0.23171,2.7706,-0.72142,-0.57755,1.3507,-1.1804,-0.068524,-0.013255,-0.17188,-0.49264,0.085568,0.36743,-0.18423,-0.21096,-0.25995,-0.20361,-0.68376,0.035474,-0.12446,-0.35755,-0.38062,-0.063436,0.11076,0.047537,-0.098231,-0.00019106,0.0023735,0.06777,0.33331,0.031353,-0.22034,2.7864,-1.1765,-0.99671,-0.17216,0.32996,0.4936,-0.089727,-0.74328,0.41106,-0.28969,-0.22342,-0.11877,0.092362,0.065131,-0.25068,-0.13373,0.12783,-0.068315,0.023405,0.051848,-0.71075,-0.011166,-0.56491,0.1528,0.18465,-0.0309,-0.4359,-0.098911,0.059603,0.30536,0.28572,-0.67354,0.292,-0.060451,-0.037311,0.038086,0.034828,0.23056,0.27044,0.14744,0.32071,0.14208,0.097337,0.16683,-0.46728,0.15337,0.16204,0.40932,0.093346,0.11308,0.080307,-0.090806,0.060527,-0.16514,0.19497,-0.010267,0.17352,-0.39192,-0.049587,0.25004,3.497,1.1753,0.71849,-0.032143,0.74206,-0.31931,-0.42898,0.28434,0.22244,-0.093424,-0.027911,0.082659,-0.36734,-0.40786,-0.087803,0.50194,0.12111,0.56575,-0.27843,-0.32179,-0.3177,0.11465,-0.10119,0.29839,-0.38925,-0.60881,0.22719,-0.036394,-0.13465,0.034597,0.3083,-0.69915,-0.41332,-0.11878,0.090772,0.11364,0.0053295,-0.043038,0.49623,-0.088215,-0.13255,-0.0096537,0.10415,0.34848,-0.71706,-0.069926,-0.20157,0.12913,-0.12884,-0.43171,-0.16579,0.24157,0.1162,-0.10105,-0.08153,0.17942,-0.28051,0.1639,0.034123,0.06987
0.070294,0.17761,0.0080829,-0.21084,-0.23114,-0.14915,-0.059079,0.075001,0.17264,0.15284,0.12284,0.10734,0.13403,0.14455,0.11199,0.045981,-0.049007,-0.12684,-0.23877,-0.3211,-0.31621,-0.31187,-0.3054,-0.24805,-0.14812,-0.0087356,0.13994,0.18433,0.10788,-0.022247,0.16196,0.29358,0.45139,0.3492,0.25874,0.27085,0.20646,0.10814,0.024986,0.039976,0.093084,0.16459,0.1826,0.16553,0.2188,0.2433,0.094786,-0.067462,-0.026747,-0.036159,-0.093305,-0.07024,0.063752,0.15887,0.17019,0.12193,0.044311,-0.040862,-0.094635,-0.094476,-0.074246,-0.048923,-0.025733,-0.012754,-0.0108,0.11014,0.17423,0.19976,0.1031,-0.14689,-0.18667,-0.31644,-0.34025,-0.30829,-0.26916,-0.22411,-0.14088,-0.037965,-0.010375,-0.12124,-0.2538,-0.23267,-0.056121,0.15553,0.26582,0.2626,0.21313,0.17848,0.096107,0.077075,0.1411,0.19271,0.2056,0.068779,-0.081951,-0.15485,-0.29921,-0.39956,-0.23019,-0.067126,0.095723,-0.17596,-0.17254,-0.094631,-0.0598,-0.070123,-0.15702,-0.13372,-0.045635,-0.053402,-0.01266,0.13996,0.2718,0.26859,0.19191,0.083574,0.06095,0.067297,0.028234,-0.004253,-0.014636,-0.012292,0.010653,-0.0064291,-0.031464,-0.0093554,-0.003209,-0.0060676,0.021398,0.049299,-0.23131,-0.22523,-0.06381,-0.21614,-0.37326,-0.32882,-0.18309,-0.044957,0.058377,0.10675,0.050068,-0.14759,-0.28141,-0.19774,0.062062,0.22595,0.25031,0.24842,0.30674,0.29814,0.14009,-0.21539,-0.58656,-0.77011,-0.80546,-0.74165,-0.56921,-0.34545,-0.15769,-0.020014,0.087558,0.15686,0.21483,0.25261,0.21161,0.2529,0.40954,0.40661,0.2051,0.098383,0.062738,0.021213,0.050235,0.0418,0.039752,0.062748,0.044793,-0.037588,-0.076514,-0.028489,0.031235,-0.0065432,-0.10983,-0.11522,-0.090675,-0.13536,-0.099362,-0.053356,0.099921,0.27442,0.33091,0.31342,0.22803,0.17061,0.11365,0.011587,-0.076588,-0.098158,0.099132,0.28848,-0.18298,0.18301,-1.2965,0.44528,-0.22029,-0.37384,0.70483,0.43092,0.02263,0.28744,0.59964,-0.39397,0.20026,0.32389,0.1611,-0.22768,0.21721,0.27229,0.29141,-0.20356,0.025631,-0.0026099,0.17099,-0.40321,-0.20515,0.24108,-0.34751,0.087218,-0.32004,-0.33817,1.4144,-1.511,-0.72169,-1.0528,-1.5063,0.15432,0.36416,0.064338,-0.58163,0.56572,0.084505,0.193,-0.47048,-0.15878,0.078508,0.20173,0.096915,0.24231,-0.09396,0.22948,-0.091651,0.16454,0.18014,0.30099,-0.28996,-0.42635,0.11649,0.021887,0.15737,-0.18174,2.6822,-1.3039,-0.30731,-1.0725,0.54311,-0.16603,-0.11644,0.20561,0.18667,-0.12113,-0.41771,0.05419,-0.31378,0.1896,0.27599,-0.14812,0.04418,0.17402,0.13893,0.10013,0.26905,-0.17928,0.06043,0.095955,0.038627,-0.028756,-0.14874,0.27296,0.33154,0.04416,-0.13916,0.046173,0.98362,0.58022,0.31159,0.007513,-0.019407,-0.35777,0.12087,0.22622,0.30289,-0.25756,-0.098269,0.13196,0.043599,0.20795,-0.060225,0.096485,-0.016762,-0.048446,-0.13495,0.1232,0.050203,-0.055149,-0.094381,0.10355,-0.27256,0.13848,-0.17326,0.23947,3.3796,0.81219,1.6192,0.082742,0.17215,-0.051716,-0.63887,-0.17755,0.38784,0.31502,0.031538,-0.39987,0.28499,0.23943,-0.013148,0.098054,0.018476,-0.080592,0.069077,0.12283,-0.19958,0.22316,0.16708,0.10831,0.22182,-0.48877,-0.032431,0.2252,0.00074733,0.11274,-0.075651,-0.071762,-1.1409,-0.2271,-0.4303,-0.41267,0.34245,-0.5513,0.49559,0.090746,0.17658,-0.030831,-0.13144,0.23257,0.02872,0.062961,-0.11333,0.12839,-0.27092,0.073568,0.19937,-0.073582,-0.078304,0.16886,-0.17725,-0.085626,-0.27045,-0.013216,0.429,-0.19103
0.066025,0.21918,0.25809,0.21321,0.16981,0.12226,-0.011089,-0.10367,0.046165,0.18689,0.16332,0.11716,0.13058,0.18068,0.17525,0.10693,-0.038505,-0.16559,-0.2573,-0.31278,-0.32028,-0.32128,-0.26164,-0.026414,0.17445,0.1366,0.034636,0.013874,0.10102,0.1813,0.21739,0.29472,0.31987,0.19831,0.13863,0.19887,0.18936,0.11668,0.080899,0.059641,0.014732,-0.0092353,-0.023532,0.013214,0.024543,-0.033621,-0.016234,0.071054,0.11548,0.072392,-0.028187,-0.045269,0.067653,0.16154,0.17398,0.1265,0.049118,-0.034658,-0.088032,-0.088951,-0.068415,-0.040575,-0.016928,-0.006421,-0.0080567,-0.0086437,-0.005242,0.0093442,0.072119,-0.057682,-0.27873,-0.27038,-0.2291,-0.16607,-0.02345,0.09099,0.18079,0.25594,0.13139,-0.031223,-0.062965,0.034342,0.21281,0.29955,0.28674,0.20308,0.15888,0.17333,0.17234,0.19045,0.21667,0.14554,0.093219,0.091883,-0.099001,-0.28399,-0.31154,-0.25769,-0.052143,0.10163,-0.043749,-0.19879,-0.20034,-0.25642,-0.33329,-0.35579,-0.305,-0.25055,-0.1825,-0.013852,-0.020682,0.090096,0.23891,0.29118,0.24887,0.1372,0.059901,0.021872,0.0037502,-0.008412,-0.045208,-0.045011,0.029857,0.18711,0.24347,0.20056,0.13127,0.084951,0.085169,0.10677,0.13975,0.19928,0.087566,-0.16336,-0.45457,-0.59913,-0.57906,-0.48812,-0.33121,-0.18836,-0.11681,-0.071512,-0.021308,-0.0074667,-0.020168,0.096063,0.32818,0.51287,0.59408,0.51791,0.24048,-0.20866,-0.59628,-0.74885,-0.7429,-0.65697,-0.50645,-0.3189,-0.13517,0.014036,0.12406,0.17852,0.20968,0.22997,0.19074,0.11994,0.07942,0.13013,0.2294,0.050559,-0.017801,0.014246,0.02166,0.026742,-0.08518,-0.16934,-0.14836,-0.13691,-0.14253,-0.13726,-0.13992,-0.084188,-0.081065,-0.19514,-0.24365,-0.2282,-0.10791,0.012021,0.060472,0.15208,0.17925,0.39672,0.52181,0.40327,0.32409,0.26509,0.093801,0.038855,0.24505,0.41229,-0.34326,0.041016,-0.11329,0.38006,0.10166,-0.46693,0.53015,0.21092,-0.42854,0.76841,0.79298,-0.31926,0.23669,0.07961,0.1527,-0.059392,0.22633,0.32078,0.46537,0.12608,0.073727,-0.048488,0.080446,-0.33219,-0.17122,0.020775,-0.060116,0.25244,-0.076105,-0.074691,1.2495,-2.0696,0.0010949,-0.1612,-1.892,0.063798,0.21619,-0.036587,-0.21619,0.44683,0.37913,-0.30646,-0.81351,-0.23114,0.16871,0.27292,-0.012883,0.43468,0.070616,0.21203,-0.27488,0.067212,0.11213,0.24282,-0.16685,-0.06589,0.064498,0.021256,0.020364,-0.28447,2.3341,-1.0577,-1.6008,-0.11953,-0.25576,-0.86643,-0.04761,-0.97487,-0.0079653,0.40711,-0.023908,-0.49438,0.027905,-0.10268,0.30967,-0.23012,0.094375,-0.3268,0.10966,-0.25059,-0.0067604,-0.16552,0.025617,-0.30456,-0.11529,-0.0088728,-0.26732,0.19195,-0.051224,-0.046099,-0.12273,-0.74919,0.17961,-0.1097,0.05389,-0.2571,0.28657,0.065255,0.28447,0.21529,0.68968,0.065528,0.10714,-0.29899,0.20871,0.42773,-0.17754,0.18479,-0.13833,-0.15232,-0.02388,0.12497,-0.13908,0.11217,-0.21041,0.11531,-0.31008,-0.064671,-0.17699,-0.04392,3.4231,0.73681,0.88462,-0.51535,1.1067,-0.64033,-0.28991,0.46971,0.29243,-0.10529,-0.11261,-0.14791,0.38398,0.14166,0.14769,-0.0020153,-0.20695,0.028523,0.079268,0.34656,-0.051629,-0.021515,0.010726,-0.14715,0.26182,-0.066777,0.31339,-0.11323,-0.024502,0.067697,-0.096789,-0.72403,-0.30935,-0.30803,0.25823,0.11011,0.51441,-0.083723,0.2142,-0.12536,-0.24692,-0.10841,0.11707,0.49575,-0.092901,0.27624,-0.21851,0.074539,-0.56673,-0.19651,0.11105,-0.078846,-0.15909,0.19717,-0.50232,0.065223,0.083245,-0.1659,0.21546,0.028816
-0.61181,-0.33026,0.15897,0.20074,0.33778,0.32891,0.23193,0.18762,0.195,0.18174,0.18478,0.11638,0.051329,0.039539,0.021024,0.0012355,-0.021495,-0.096323,-0.17353,-0.1629,-0.11373,-0.082706,-0.12797,-0.20222,-0.21197,-0.1538,-0.035394,0.037038,0.016685,-0.015075,-0.22001,-0.33974,-0.29655,-0.35453,-0.1734,0.0065074,0.033698,0.012234,-0.04542,-0.027533,0.0058435,-0.003349,0.00064685,0.002107,-0.016752,-0.02967,0.014878,0.091969,0.13291,0.08614,-0.024192,-0.056497,0.047548,0.14404,0.16548,0.12818,0.053749,0.032683,0.047681,0.015662,0.0003752,0.028934,0.050565,0.056519,0.046404,0.03914,0.046941,0.053631,0.062542,0.0079834,-0.12783,-0.11576,0.027965,0.15495,0.4621,0.75338,0.57603,0.22786,0.314,0.4119,0.40511,0.31939,0.17681,0.079249,0.07467,0.065447,0.085488,0.036833,0.0088188,0.067888,0.12887,0.17548,0.18392,-0.048092,-0.30344,-0.39089,-0.472,-0.54075,-0.43832,-0.33781,0.28386,-0.0066471,-0.28607,-0.23742,-0.22942,-0.26485,-0.10849,0.16182,0.16899,0.21583,0.19322,0.18618,0.17419,0.12537,0.072151,0.031388,0.018318,0.035695,0.038838,0.047558,0.091038,0.1115,0.12386,0.093098,0.053727,0.061623,0.079118,0.041792,0.017599,0.10598,0.23547,0.59057,0.74053,0.36062,0.028868,-0.092966,-0.1573,-0.15823,-0.098881,0.0066878,0.10235,0.1544,0.19199,0.23558,0.3049,0.43088,0.60069,0.74541,0.80229,0.72483,0.48089,0.06945,-0.31829,-0.5059,-0.55094,-0.50676,-0.3585,-0.14199,0.03756,0.14342,0.23859,0.34523,0.40254,0.36823,0.20556,-0.074688,-0.26804,-0.23953,-0.1011,-0.057492,-0.06408,-0.28075,-0.46802,-0.45276,-0.49448,-0.49802,-0.37716,-0.25923,-0.22302,-0.1952,-0.22068,-0.26108,-0.11151,0.14295,0.16707,0.21925,0.21383,0.22192,0.27152,0.34142,0.38168,0.35948,0.26939,0.21976,0.098807,-0.068978,-0.22674,-0.3266,-0.12145,0.071701,-1.0596,-0.51735,0.72425,0.54125,0.52277,-0.38891,0.57653,0.40831,-0.42924,0.58132,1.61,-0.57557,-0.096693,0.20629,0.28008,-0.41843,0.16639,0.23423,0.1841,0.1668,-0.055717,-0.75797,0.32849,0.44468,-0.31322,0.18845,0.0012501,0.41259,-0.072171,-0.079198,1.3331,-2.4405,1.1236,0.8193,-1.0345,0.70526,0.4083,-0.98651,-1.3168,1.7888,-0.35978,0.71238,-0.31554,0.16325,-0.24042,0.78668,0.29102,-0.028776,0.4055,0.54872,-0.26713,-0.18792,-0.29571,0.024662,0.40129,0.035017,-0.15437,0.34237,-0.094297,-0.14054,2.1771,0.45045,-1.8654,0.15868,0.99036,-0.96489,0.20435,-0.90621,0.124,-0.91798,0.02786,-0.81277,-0.72071,0.43724,0.48733,0.023184,-0.80279,0.06877,-0.15253,0.26359,0.24228,0.61222,-0.54661,0.394,-0.01481,0.14228,-0.2701,-0.19169,-0.55238,-0.41061,0.02447,-0.96279,-0.92977,-0.76872,-0.00075799,-0.071486,-0.95953,0.012494,1.0314,-0.094936,-0.084523,-0.006926,0.33813,0.025928,0.38735,0.15655,-0.27914,-0.15273,-0.11229,0.35064,-0.21322,-0.52496,-0.36789,0.053885,-0.35146,-0.060695,-0.07497,0.062381,-0.12704,-0.036257,3.3265,0.55151,-0.39088,-0.70623,1.5619,-0.77852,-0.40429,0.51533,0.073192,0.22463,0.78224,-0.20182,-0.50633,0.44448,-0.023378,-0.33988,0.38307,-0.73929,-0.17565,-0.2481,-0.12494,-0.16388,0.098648,-0.034309,-0.037581,0.044611,0.49234,-0.25795,0.092412,0.07012,-0.17516,-0.8305,0.74569,-0.53099,0.77006,0.46091,-0.1064,0.096657,1.2626,-0.66848,0.50193,0.15958,0.13657,0.29822,0.12352,0.21137,-0.32231,-0.25423,-0.059842,0.045993,0.13655,-0.11816,-0.49267,0.21255,0.52598,-0.19857,0.0686,-0.34915,0.20911,0.56071
0.023608,0.28385,0.59355,0.46648,0.12175,-0.035208,-0.050924,0.059005,0.1713,0.152,0.11594,0.07471,0.071183,0.076485,0.055154,0.0026571,-0.14437,-0.26728,-0.28376,-0.26237,-0.22803,-0.23725,-0.26919,-0.1656,0.11653,0.26558,0.17918,0.088034,0.069427,-0.026867,-0.044678,0.056445,0.16531,0.11429,0.11238,0.17623,0.18023,0.12457,0.09288,0.065359,0.010032,-0.02239,0.11695,0.23386,0.20695,0.079186,-0.005238,0.072076,0.10938,0.060977,-0.040258,-0.1195,-0.073266,0.025776,0.040548,-0.007669,-0.01741,-0.015581,-0.042034,-0.038499,-0.01902,-0.0024333,0.010484,0.028215,0.041834,0.053476,0.060198,0.062367,0.0015232,-0.25363,-0.25913,-0.1578,0.041046,0.2717,0.46077,0.45423,0.27978,0.14521,0.010925,-0.12287,-0.14971,-0.075924,0.032478,0.12427,0.16748,0.16041,0.10711,0.043878,0.094972,0.19433,0.24627,0.23598,0.075878,-0.056949,-0.11801,-0.25071,-0.27662,-0.16948,-0.0344,0.040978,0.37815,-0.12516,-0.29071,-0.33084,-0.33703,-0.3224,-0.36113,-0.25868,-0.094175,-0.12643,-0.11708,0.0021885,0.13467,0.16293,0.12242,0.040739,0.045427,0.07565,0.066661,0.081294,0.10751,0.090964,0.048233,0.077357,0.14889,0.14192,0.13807,0.14829,0.16606,0.070377,-0.08048,0.15382,0.14475,-0.084915,-0.28804,-0.41717,-0.42772,-0.39627,-0.34379,-0.29574,-0.22265,-0.11242,0.10247,0.29048,0.37554,0.44828,0.53513,0.58794,0.55428,0.41161,0.13901,-0.25779,-0.62462,-0.80725,-0.84275,-0.79669,-0.6954,-0.55834,-0.39008,-0.21624,-0.059847,0.042571,0.088962,0.12566,0.12241,0.042484,0.016913,0.12751,0.11415,-0.047637,-0.015775,-0.010626,-0.14388,-0.20353,-0.097944,-0.067551,-0.12482,-0.093869,-0.0068536,0.042943,0.040449,-0.029555,-0.078082,-0.1218,-0.19888,-0.23475,-0.19024,0.056022,0.36917,0.49757,0.49163,0.38803,0.37457,0.3701,0.28,0.2234,0.1441,0.11803,0.25919,0.37371,-0.56675,0.28696,0.009834,0.4512,0.072889,-0.26765,0.19514,-0.035066,-0.42312,0.38237,0.63311,-0.48886,0.080313,-0.15703,0.3026,0.19733,0.80633,-0.031667,0.5391,0.38876,0.37345,0.13919,0.060294,-0.13028,-0.4828,0.26834,0.21901,0.21263,0.087821,0.13829,2.4906,-1.0772,-0.28721,1.2623,-1.453,-0.076228,0.023552,0.35377,0.21466,0.13743,-0.2514,-0.15645,-0.57768,-0.50795,0.20879,0.56134,0.20679,0.77056,0.040481,0.37483,-0.15231,0.064199,-0.15428,-0.52718,0.79785,-0.1929,0.45271,0.19577,0.1671,0.26241,2.5355,-1.1306,-1.3072,-0.0051869,0.23354,0.86784,-0.40689,-0.30299,0.35823,0.57782,0.37446,-0.15457,-0.31516,-0.17552,0.86286,-0.35522,-0.22419,-0.41642,-0.099122,-0.24918,0.3551,0.1359,0.17112,-0.29065,0.12987,0.13079,-0.38951,-0.11985,-0.035994,-0.23932,0.20742,-1.0678,0.12643,-0.52055,0.27335,0.070738,0.23003,0.49342,0.043592,-0.50091,-0.070393,0.13227,-0.48965,-0.31287,-0.10779,0.53625,-0.028538,-0.30432,-0.056118,-0.13002,0.18621,0.072053,-0.48727,0.17908,-0.87269,0.37262,0.033978,-0.19099,-0.19725,0.47181,3.52,0.86271,0.82624,-0.52307,1.0643,-0.64182,0.098878,0.85925,-0.11529,0.38232,0.14261,-0.2623,0.9451,0.57845,0.22476,-0.063969,-0.3801,0.02109,0.33264,0.23772,-0.50371,-0.084812,0.28226,-0.60593,-0.091511,-0.22791,0.70983,0.094828,0.41296,0.19864,-0.034331,-1.0173,-0.34225,-0.27282,0.36649,-0.074953,0.19204,0.13131,-0.079854,-0.097623,-0.46544,-0.1888,-0.18142,0.18764,0.068087,0.40712,-0.44302,0.16284,-0.46546,0.093197,0.0003031,0.0028756,-0.27227,0.71064,-0.63038,-0.39517,0.051987,0.015461,0.43935,0.12573
0.42308,0.4339,0.27084,0.049474,-0.085521,-0.067357,0.025151,0.072099,0.069859,0.059145,0.076284,0.10118,0.095826,0.051925,0.022569,-0.048962,-0.22214,-0.34866,-0.38217,-0.3646,-0.30968,-0.20361,-0.15543,-0.2058,-0.21946,-0.18646,-0.10841,0.0075827,0.21974,0.45331,0.47192,0.35643,0.2543,0.18356,0.19151,0.22799,0.24958,0.22618,0.16305,0.09476,0.042196,0.056483,0.13693,0.13488,0.065812,0.093849,0.028941,-0.079612,-0.018486,-0.0066342,-0.064347,-0.068643,0.042532,0.13455,0.14356,0.092425,0.0062573,-0.057292,-0.081029,-0.081373,-0.04788,-0.008482,0.013401,0.022243,0.018911,0.19563,0.36228,0.18181,-0.049126,-0.017706,-0.10902,-0.18058,-0.40334,-0.55198,-0.52628,-0.4563,-0.28497,-0.011947,0.11455,0.0036874,-0.12384,-0.035169,0.149,0.22299,0.23181,0.19651,0.17514,0.16093,0.15877,0.18424,0.12908,0.11799,0.15297,0.10925,0.0088064,-0.071978,-0.098448,-0.097049,-0.098871,-0.12704,-0.68266,-0.49454,-0.25377,-0.24074,-0.28159,-0.30363,-0.22703,-0.021032,0.091936,0.21035,0.31011,0.32504,0.24627,0.15919,0.10351,0.028644,-0.019361,-0.049261,-0.090075,-0.094542,-0.039862,-0.047645,-0.13141,-0.19106,-0.20758,-0.17683,-0.13571,-0.060048,0.014636,-0.092626,-0.11617,0.31818,0.3598,0.031863,-0.23808,-0.24738,-0.25897,-0.31988,-0.32461,-0.27968,-0.20746,-0.090871,0.14947,0.46319,0.64847,0.54164,0.30856,0.21825,0.30782,0.33989,0.18644,-0.19247,-0.55375,-0.67951,-0.63953,-0.51933,-0.40219,-0.3307,-0.24899,-0.14377,-0.019519,0.11627,0.23698,0.30752,0.28974,0.25251,0.18907,0.11293,0.068176,0.11203,0.092552,0.1194,0.011205,-0.081409,-0.078949,-0.073551,-0.078639,-0.1241,-0.15672,-0.12872,-0.090896,-0.032367,-0.029414,-0.13331,-0.19031,-0.13966,-0.060174,-0.024306,0.088452,0.16519,0.42332,0.58636,0.51871,0.35032,0.23977,0.19504,0.17009,0.17409,0.18091,0.19631,-0.74115,0.127,-0.58741,0.36624,-0.34753,-0.6033,0.82052,-0.024466,0.29846,-0.12189,0.88235,-0.42977,-0.50433,0.45731,-0.39685,0.33477,0.42968,0.53667,-0.21877,0.37953,0.12693,-0.1264,0.17682,0.27608,0.11571,-0.24475,0.16503,0.20633,0.42859,0.12737,2.5473,-0.89657,-0.80966,0.58486,-1.4659,-0.19397,0.69555,1.0878,-0.48693,0.23207,0.10165,0.17184,-0.1802,-0.36112,0.35583,-0.10555,0.11874,-0.18658,-0.34685,0.18377,0.25688,0.36961,-0.1946,-0.23945,0.096116,0.48035,-0.22844,0.04645,-0.11117,-0.12308,2.5909,-1.3207,-1.0562,-0.69651,-0.13076,-0.74907,-0.92368,-0.13725,-0.25456,-0.39831,0.30718,-0.15768,0.3305,-0.44073,0.12794,0.54771,-0.075179,-0.018001,0.30667,0.11773,-0.29575,0.079745,0.12721,-0.097345,0.47938,0.13256,-0.021543,-0.19448,-0.03433,-0.097159,0.28609,-0.51935,0.61262,0.0051116,0.24352,0.28728,0.24015,-0.74085,0.16089,0.0093835,-0.49934,0.11544,-0.082465,-0.243,-0.022495,0.071132,0.14786,-0.55985,-0.28239,-0.19799,0.12649,0.16277,-0.23963,0.2269,0.32969,-0.010524,0.051539,0.0335,0.24008,0.12684,3.4721,0.70333,1.139,-0.14979,0.9266,0.36555,-0.68963,0.37487,0.0071072,0.78264,-0.3537,0.10562,0.14501,-0.067171,-0.040859,0.34521,0.77669,0.17401,0.10918,0.22174,-0.21173,-0.36258,-0.11656,-0.46862,-0.30986,0.26649,0.36842,-0.24469,0.050124,-0.2529,0.25955,-0.62175,-0.69831,-0.12549,0.14709,-0.86239,0.41692,-1.0239,0.28576,-0.51035,-0.1461,-0.2044,-0.16096,0.11761,-0.024261,0.094307,-0.18148,0.049644,0.16516,0.25579,-0.051419,-0.11363,0.18409,0.029017,-0.45547,0.0023403,-0.053129,0.02285,-0.35037,-0.052847
0.19506,0.34906,0.23786,0.021972,-0.048407,-0.02533,-0.036258,0.077395,0.21346,0.19346,0.14576,0.10514,0.12008,0.13683,0.11723,0.080984,-0.028665,-0.13426,-0.14839,-0.14162,-0.13719,-0.15564,-0.18271,-0.16705,-0.12515,0.0059022,0.16439,0.24267,0.21784,0.15582,0.18086,0.25125,0.30114,0.18679,0.13459,0.19072,0.17449,0.1007,0.016101,-0.055196,-0.1065,-0.13968,-0.16137,-0.06453,0.0098297,0.055809,0.14977,0.22039,0.26978,0.22903,0.082002,-0.091893,-0.1186,-0.035791,-0.029515,-0.072207,-0.10893,-0.12737,-0.14454,-0.16245,-0.16642,-0.1439,-0.13276,-0.13761,-0.020251,0.14186,0.12633,-0.0069478,0.0024355,0.0088639,-0.2656,-0.3984,-0.28468,-0.14667,-0.051875,0.059738,0.29494,0.50092,0.37519,0.13787,0.04141,0.031275,0.053111,0.081428,0.10165,0.10717,0.13186,0.16331,0.16223,0.17331,0.19807,0.12375,0.058707,0.040302,-0.093841,-0.2283,-0.26524,-0.1917,0.015198,0.13206,0.027687,-0.18914,-0.18066,-0.175,-0.20299,-0.22309,-0.25219,-0.19139,-0.11204,-0.15304,-0.15251,-0.03824,0.11286,0.1575,0.12903,0.080063,0.13043,0.1787,0.17379,0.17578,0.17399,0.16604,0.14096,0.11485,0.10176,0.16737,0.22104,0.17151,0.13828,0.16655,0.085796,0.019788,-0.027739,-0.25566,-0.47028,-0.54678,-0.47822,-0.38287,-0.31597,-0.26361,-0.21082,-0.17692,-0.11989,-0.11113,-0.07897,0.063657,0.23184,0.35857,0.42839,0.34554,0.14677,-0.099787,-0.35296,-0.48096,-0.47567,-0.42325,-0.3449,-0.26344,-0.16328,-0.051517,0.085223,0.21435,0.30697,0.33535,0.55539,0.48913,0.053879,-0.22531,-0.11298,-0.020862,-0.10149,-0.14017,-0.16899,-0.19978,-0.1901,-0.16312,-0.12372,-0.092091,-0.12407,-0.076453,-0.0093424,-0.03867,-0.02977,-0.010929,-0.059977,-0.10174,-0.079655,-0.039213,-0.019355,0.068417,0.11833,0.35281,0.46795,0.32376,0.19267,0.11426,0.038816,0.039521,0.19325,0.33364,-0.43734,-0.29218,-0.28168,0.37184,0.0099333,0.024963,0.27797,0.51731,-0.78102,0.61607,1.0466,-0.35384,0.15608,0.39885,-0.25582,-0.09846,0.37959,0.16635,0.12315,-0.40335,0.1089,0.14144,0.16927,-0.31748,-0.15262,-0.20296,-0.034621,0.13672,-0.067509,-0.35372,1.1807,-1.9705,0.36584,-0.56055,-1.5741,-0.076964,0.41926,-0.57364,-0.14804,0.44989,0.44344,-0.31616,-0.65531,0.16565,0.26729,0.053154,0.10734,0.063616,-0.25967,0.44072,-0.13957,0.4013,0.22166,-0.16508,-0.25192,-0.11302,0.056327,0.20221,0.29912,-0.1945,2.7053,-0.68239,-0.92185,-0.15796,0.078841,0.41447,0.20284,-0.54521,0.4396,-0.028082,-0.37954,-0.033847,-0.31928,0.67602,0.07641,0.25764,0.42398,0.067864,0.37781,-0.2729,0.098615,-0.3059,-0.30834,0.017762,0.094615,0.16332,0.013706,0.0031325,-0.018629,0.16848,-0.10101,-0.46762,-0.0046947,0.038303,-0.1467,-0.2512,0.033202,0.47959,0.37414,0.48399,0.4087,0.11303,0.35873,0.15485,-0.052796,0.44339,0.080225,-0.19757,-0.19022,-0.084837,-0.040742,0.032029,-0.13529,-0.227,0.044383,0.090514,-0.14622,-0.1783,-0.35964,0.00048841,2.6786,2.2885,0.08048,0.27074,-0.50706,-0.67378,-1.0969,-0.066296,-0.22516,-0.94024,-0.37405,0.21267,-0.57336,-0.12828,0.048518,0.11482,0.20611,-0.097146,0.28231,-0.22496,0.095932,0.24069,-0.26251,-0.10485,-0.39745,-0.36707,-0.025994,0.074341,-0.14786,-0.041215,-0.015131,-0.46102,-0.18838,-0.22143,0.22124,0.39745,0.052155,-0.26457,0.19695,0.012952,-0.080157,0.28919,0.50041,0.30733,-0.15453,0.14735,-0.20641,0.2766,-0.11261,0.09964,0.17244,0.1304,-0.036318,0.13903,-0.20007,0.34278,0.088164,0.16085,0.099569,0.10281
-0.018939,0.10548,0.16708,0.071755,-0.043949,-0.073114,0.072842,0.19954,0.18848,0.14109,0.09011,0.054066,-0.028471,-0.074941,-0.088823,-0.16249,-0.26968,-0.3529,-0.35791,-0.31057,-0.26963,-0.19431,-0.14624,-0.17632,-0.17983,-0.14886,-0.076535,0.10584,0.18229,0.097331,0.32598,0.46993,0.53013,0.33778,0.11452,0.16326,0.14671,0.07887,0.18491,0.27649,0.2188,0.17296,0.16171,0.19541,0.20462,0.18026,0.070257,-0.02043,0.023719,-0.0011094,-0.078521,-0.15169,-0.11593,-0.027322,-0.016051,-0.057974,-0.06383,-0.051306,-0.075877,-0.09478,-0.1027,-0.070083,-0.014261,0.014681,0.0078442,-0.023673,-0.03229,-0.02377,-0.0098162,0.03088,-0.35501,-0.55048,-0.39901,-0.1638,-0.043713,0.0011475,0.014962,-0.068384,-0.2127,-0.3074,-0.27275,-0.079709,0.1207,0.19573,0.21777,0.25764,0.31706,0.32635,0.31419,0.3082,0.13908,0.101,0.19392,0.16714,0.087629,-0.039107,-0.096305,-0.099119,-0.057164,-0.0089847,0.14654,-0.061504,-0.11979,-0.11172,-0.10353,-0.10988,-0.10698,-0.099993,-0.15164,-0.16093,-0.13716,-0.057974,0.19321,0.35534,0.31764,0.20051,0.057661,-0.044573,-0.040532,0.011118,0.050301,-0.0075516,-0.10265,-0.14839,-0.16857,-0.15558,-0.13454,0.0058255,0.13942,0.21484,0.0038712,-0.23068,-0.21593,-0.26263,-0.3299,-0.41797,-0.37863,-0.31351,-0.25705,-0.27782,-0.33751,-0.30699,-0.15544,0.090191,0.22823,0.21759,0.25016,0.33758,0.40234,0.37716,0.23537,-0.039844,-0.33656,-0.48638,-0.48653,-0.42075,-0.29042,-0.20323,-0.20157,-0.2067,-0.1735,-0.067979,0.06593,0.18721,0.29105,0.32047,0.29873,0.22089,0.17035,0.18698,0.0091704,-0.04804,-0.11997,-0.18799,-0.18294,-0.10448,-0.024232,-0.03181,-0.0098817,0.045103,0.012021,0.011562,0.0043571,-0.098715,-0.16188,-0.081284,0.025934,-0.0068015,0.042143,0.010619,0.26546,0.50673,0.52014,0.37546,0.20949,0.14422,0.13672,0.11062,0.17445,0.26231,-0.57311,0.041839,-1.0925,0.36146,-0.059676,-0.20626,0.45708,0.40333,0.06861,0.54954,0.96157,-0.24908,0.14215,0.18405,-0.2535,-0.28729,0.28744,-0.055326,0.59635,0.2419,-0.12086,0.26098,-0.10499,-0.31333,-0.26454,-0.18412,0.11827,0.20494,-0.21743,-0.036053,2.4944,-0.50975,-0.98975,0.19131,-1.2825,-0.1062,-0.015517,0.31425,-0.35784,0.069528,0.13827,-0.34363,-0.37291,-0.19093,0.057523,-0.1149,0.11827,0.63222,0.0029441,0.5369,0.11147,0.31759,0.006101,-0.112,0.14072,0.082475,-0.12107,0.082809,0.10267,-0.15447,2.582,-1.2236,-0.44039,-1.0523,0.11966,0.24452,-0.3135,-0.28961,0.1141,0.0045724,-0.1035,-0.39138,0.30838,-0.010282,0.3936,-0.1192,-0.10496,-0.011602,0.29125,-0.55345,-0.26508,0.03272,0.011898,0.0092348,0.17431,0.24862,0.030542,-0.04319,0.2256,0.065953,0.094167,0.045953,0.76937,0.389,0.064891,0.047035,0.18836,-0.15376,0.15634,0.15899,0.49337,0.18697,0.087651,-0.18186,0.052276,0.2934,-0.046352,-0.20753,-0.072154,-0.21295,0.30274,-0.049465,-0.26494,-0.045544,-0.38891,-0.026935,0.086362,0.037333,0.052683,0.21687,3.3761,0.54273,1.4384,0.223,0.37217,-0.3256,-0.68956,0.2784,0.44165,0.24964,-0.16269,-0.015256,0.27505,0.0027923,0.093665,-0.18605,-0.28969,-0.49715,-0.093821,0.27077,-0.5139,-0.0055762,-0.02773,-0.0083723,0.12103,0.0091211,0.067934,0.01535,-0.047932,0.19003,0.046972,-0.11716,-1.0453,-0.011543,-0.3415,-0.3885,0.17164,-0.47306,0.27754,0.024761,-0.22466,-0.032426,0.28789,0.42225,-0.023637,0.30536,-0.4695,0.021303,-0.345,0.32719,-0.060415,0.31354,-0.16841,0.2626,-0.44192,-0.15451,0.18288,0.37139,0.097175,-0.040311
0.51147,0.44284,0.16963,-0.052998,-0.12548,-0.035018,0.11272,0.19755,0.13042,0.055324,0.082799,0.10789,0.12552,0.10934,0.022353,-0.097632,-0.17585,-0.20776,-0.20704,-0.17624,-0.1182,-0.090698,-0.16876,-0.28891,-0.28777,-0.13186,0.0011061,0.074699,0.1939,0.33974,0.50438,0.5989,0.62383,0.43452,0.29306,0.34766,0.33146,0.25413,0.15847,0.12453,0.1166,0.093561,0.084797,0.075036,-0.0078535,-0.094012,-0.061492,0.010476,0.046469,-0.00027267,-0.038382,-0.090007,-0.079702,0.018858,0.034211,-0.011759,-0.086656,-0.14484,-0.17314,-0.17558,-0.15869,-0.14099,-0.13023,-0.1334,-0.14721,-0.14495,-0.10486,-0.078019,-0.044336,-0.11113,-0.17582,-0.13212,-0.10417,-0.066673,0.15134,0.50921,0.50238,0.15285,0.00096381,-0.0060044,0.011641,0.054949,0.12531,0.19281,0.2155,0.19009,0.17251,0.10404,0.062057,0.082504,0.098763,0.016114,-0.029048,0.017364,-0.055063,-0.15667,-0.22576,-0.30702,-0.27138,-0.20724,-0.69975,-0.45806,-0.1662,-0.074849,-0.038538,-0.06764,-0.20398,-0.34542,-0.35008,-0.10814,0.21016,0.29455,0.29083,0.2209,0.14868,0.14691,0.15332,0.13965,0.14413,0.17267,0.22236,0.23636,0.15887,0.027278,-0.0091156,0.058516,0.093711,0.092499,0.065126,-0.012434,-0.1249,-0.0057623,-0.040805,-0.22348,-0.44389,-0.56959,-0.52263,-0.40796,-0.28504,-0.1585,-0.041295,0.035652,0.090679,0.098385,0.047275,0.06461,0.21026,0.35249,0.39064,0.28304,0.056021,-0.27303,-0.57865,-0.72802,-0.7242,-0.65236,-0.50431,-0.32367,-0.14473,0.025825,0.18109,0.34263,0.46809,0.52309,0.47615,0.30691,0.098213,-0.018089,0.010328,-0.054322,-0.057746,-0.0094469,0.0063137,-0.05089,-0.22965,-0.24583,-0.22457,-0.18786,-0.083476,-0.07954,-0.09383,-0.14495,-0.079836,0.020757,-0.031366,-0.020031,-0.0032525,0.07646,0.17513,0.20924,0.21155,0.31899,0.39799,0.31955,0.19341,0.10769,0.055145,0.0043049,0.040159,0.11864,-0.884,0.45841,-0.48178,0.28685,0.26769,-0.041058,-0.16551,0.74218,-0.58513,0.37655,1.0571,-0.52023,-0.42896,-0.07158,-0.25667,0.21991,0.052321,0.25495,0.42322,-0.17095,0.37179,0.033186,0.037013,-0.055441,-0.38299,0.043423,-0.037041,0.0087584,0.11608,0.011343,2.6356,-0.74112,-0.53102,0.74317,-1.2375,-0.46316,0.72346,-0.32052,0.13416,0.19285,0.20018,-0.059008,-0.25814,0.37028,0.22935,-0.13296,0.18817,1.0315,-0.77946,0.18827,-0.020815,0.17114,0.24223,0.10688,0.12801,0.22425,0.029573,0.041659,-0.17358,-0.30885,2.7125,-1.0668,-1.0363,-0.2792,-0.22788,-0.17065,0.46998,-1.0983,0.52711,-0.074061,0.37865,-0.2118,-0.68972,-0.36305,-0.38882,-0.10433,0.29562,0.089071,0.17622,-0.47243,-0.23239,-0.33823,-0.041362,-0.43319,-0.060145,-0.11901,-0.18656,0.092653,-0.040418,0.051542,0.39143,-0.44684,0.40021,0.014092,-0.012642,-0.12342,-0.4488,0.57686,0.42224,0.10074,0.004176,0.3046,0.09203,0.071017,0.44481,-0.012092,0.32016,-0.28895,-0.5224,-0.10903,0.1915,0.10354,0.15796,0.13158,-0.36404,0.19697,-0.30552,-0.2841,-0.093101,0.086282,3.4605,0.49843,1.2576,-0.46514,0.81852,-0.61559,0.54886,0.3924,0.14435,0.59191,-0.87877,-0.549,-0.32115,0.98969,0.60578,0.47754,-0.071531,-0.051798,0.010733,0.17136,-0.41339,0.15298,0.014141,0.050664,0.081918,0.053107,0.4525,-0.12288,0.20161,-0.04316,0.43697,-0.54181,-0.5167,-0.14981,0.042515,0.37287,-0.017925,-0.50356,0.074797,-0.25383,-0.18178,0.28576,0.71227,-0.10786,0.28563,0.13262,0.42861,0.058975,-0.28874,-0.077983,0.12,0.13393,0.049166,0.37999,-0.3261,0.15058,0.2877,0.14161,0.19036,0.11045
0.57454,0.59949,0.43387,0.20825,-0.017762,-0.10686,-0.054495,0.084456,0.19158,0.17713,0.14278,0.1003,0.11417,0.16093,0.15773,0.092721,-0.036649,-0.13975,-0.16696,-0.16027,-0.17708,-0.19136,-0.20482,-0.26379,-0.26258,-0.11353,0.030885,0.016697,0.0047968,0.065265,0.25713,0.3101,0.41859,0.27011,0.10915,0.14723,0.10565,0.010447,-0.041702,-0.055383,-0.073666,-0.075271,0.062064,0.16104,0.1177,0.11511,0.050042,-0.020087,0.025193,0.0019128,-0.074979,-0.08345,0.00095728,0.039493,0.0059604,-0.052865,-0.10147,-0.11561,-0.11025,-0.097221,-0.081928,-0.064518,-0.040366,-0.02302,0.19015,0.26946,0.19245,0.1124,-0.082182,0.009815,-0.073559,-0.26429,-0.47433,-0.56034,-0.43783,-0.18247,0.082306,0.30305,0.36944,0.23084,0.07369,0.03576,0.084023,0.12027,0.12738,0.11702,0.11888,0.14562,0.15639,0.18076,0.20211,0.06411,-0.077807,-0.095771,-0.20326,-0.34286,-0.35552,-0.24619,-0.040477,0.066088,-0.66803,-0.44026,-0.18636,-0.13943,-0.11273,-0.10678,-0.16905,-0.1472,-0.082005,-0.13575,-0.16266,-0.071967,0.11617,0.22883,0.21829,0.12001,0.056347,0.0358,0.010783,0.0024707,0.042507,0.098769,0.09606,0.025568,-0.010057,-0.012277,-0.031001,-0.032355,-0.017763,-0.021107,-0.28941,-0.23494,-0.086249,-0.17132,-0.31605,-0.39178,-0.31008,-0.19427,-0.052868,0.056301,0.10341,0.11374,0.02253,0.10315,0.36653,0.40821,0.31611,0.33286,0.39631,0.356,0.15751,-0.16141,-0.3756,-0.37418,-0.2809,-0.18519,-0.13856,-0.13873,-0.11704,-0.073339,-0.0067625,0.083679,0.17359,0.23164,0.42369,0.61512,0.62029,0.30397,-0.087763,0.0047195,-0.14302,-0.21282,-0.10834,-0.046934,-0.084946,-0.13089,-0.1342,-0.12316,-0.11984,-0.11964,-0.072576,-0.058988,-0.063403,-0.046896,-0.082716,-0.10012,-0.0088266,0.10251,0.13675,0.186,0.16951,0.28058,0.30305,0.16665,0.059022,-0.034954,-0.067882,-0.0058072,0.15288,0.28261,-0.56766,-0.16924,-1.1961,0.23117,-0.27716,-0.10425,0.51147,0.14632,-0.3114,0.4914,0.66618,0.2285,-0.19662,0.73734,0.062925,-0.066531,0.45996,0.5058,-0.2571,-0.53264,-0.41804,0.042842,0.043552,-0.2147,-0.035975,-0.10966,0.28834,0.18927,0.20391,-0.26068,1.2094,-1.6426,-0.14075,-1.074,-1.2771,0.16204,-0.0234,-0.032786,-0.46277,0.14867,0.25898,-0.036447,-0.59401,0.37327,0.27354,-0.30994,-0.50179,-0.40164,-0.28607,-0.34054,-0.32868,-0.0084102,-0.13079,-0.2846,-0.1066,-0.16991,0.077475,0.23202,0.16592,-0.28324,2.6302,-0.60117,-0.75856,-1.2526,-0.15735,-0.58326,0.033235,-0.12824,-0.058126,-0.049295,-0.58421,0.08612,0.047199,0.27425,-0.25519,0.7344,0.81908,-0.0333,-0.1955,0.30805,0.049342,0.28206,-0.066401,-0.035047,0.14407,0.096612,-0.29834,-0.22523,0.091116,0.051086,-0.10268,-0.1652,0.46516,0.6545,0.1821,0.30269,0.12752,0.050557,-0.021064,0.17215,0.064064,0.2111,0.38459,0.16773,-0.49544,0.25116,0.10599,0.13637,-0.19796,-0.31416,-0.19015,0.37096,-0.23597,-0.25392,0.34033,-0.018216,0.083675,-0.26413,-0.03562,0.14251,3.5087,0.47706,1.0662,0.4558,0.15696,-0.10124,-0.54492,0.3021,0.29929,0.059654,-0.45199,0.22797,-0.15387,-0.17963,-0.50968,-0.054824,-0.043531,0.76547,-0.14696,-0.071359,-0.21054,-0.23627,-0.040925,0.010606,-0.13109,-0.11547,0.080392,0.12573,-0.25924,0.11506,-0.08833,-0.15081,-0.64686,0.10935,-0.46334,-0.29489,0.037254,-0.71769,-0.38692,-0.1198,0.29451,0.23299,0.25617,0.028583,-0.58108,-0.15999,-0.30641,0.17253,0.020675,-0.00030971,0.10861,0.23175,0.39513,-0.096105,-0.14053,0.21855,-0.32379,0.030974,0.10945,-0.0025253
0.33863,0.35631,0.14204,-0.127,-0.21098,-0.073204,0.074887,0.10366,0.032088,0.013889,0.10169,0.15151,0.17314,0.15332,0.10313,-0.017921,-0.10571,-0.10822,-0.12098,-0.10609,-0.10777,-0.18316,-0.29839,-0.32986,-0.14806,0.081253,0.12617,0.13754,0.11826,0.06274,0.33779,0.52754,0.55517,0.32937,0.12423,0.18351,0.1706,0.098984,0.081532,0.073636,0.024388,-0.0015378,-0.014157,-0.024367,-0.052063,-0.075372,-0.040148,0.032445,0.074297,0.035284,-0.0074868,-0.016287,0.040205,0.11916,0.12613,0.083697,0.01594,0.011314,0.036107,-0.0018338,-0.028196,-0.0037804,0.018299,0.025665,0.016649,-0.014256,-0.033419,-0.021631,0.016026,-0.15208,-0.28594,-0.20498,-0.14386,-0.05485,0.045595,0.087116,0.044611,0.019843,0.032007,0.0049387,-0.055178,-0.026667,0.05861,0.1724,0.26879,0.27634,0.23223,0.19867,0.13347,0.13184,0.17737,0.19713,0.1971,0.068537,-0.10711,-0.18759,-0.23296,-0.29127,-0.19788,-0.083756,-0.5594,-0.40528,-0.17315,-0.096915,-0.10952,-0.12993,-0.20296,-0.29265,-0.2603,-0.01084,0.32543,0.41256,0.39189,0.31274,0.19735,0.16367,0.19358,0.20405,0.20319,0.21485,0.21637,0.14656,0.033754,-0.014866,-0.041508,-0.08767,-0.098651,-0.10625,-0.10362,-0.05929,-0.13308,-0.087756,-0.18351,-0.34801,-0.4671,-0.542,-0.47794,-0.39013,-0.29104,-0.20748,-0.13561,-0.063998,0.000751,0.05072,0.089726,0.16973,0.30575,0.43277,0.48448,0.40494,0.18532,-0.13736,-0.39385,-0.49228,-0.48465,-0.4266,-0.31605,-0.18477,-0.06003,0.045157,0.14198,0.22974,0.28155,0.3004,0.2776,0.19216,0.099055,0.10024,0.15066,0.0034414,-0.011258,0.019202,0.024462,-0.085355,-0.17073,-0.14283,-0.11356,-0.087917,-0.084161,-0.072185,-0.053473,-0.098905,-0.20155,-0.16383,-0.070984,-0.12124,-0.076345,-0.0065662,0.18609,0.36426,0.38145,0.32943,0.23702,0.3017,0.28928,0.16331,0.070748,-0.012759,0.10603,0.25649,-0.93311,0.015301,-0.89026,0.19896,-0.26584,-0.19432,0.51525,0.38448,-0.59127,0.54761,1.0636,-0.0030002,-0.15619,0.036183,0.17972,0.32804,-0.0040545,0.17557,0.58481,-0.11836,0.032892,-0.069547,0.24831,-0.22428,-0.17316,0.081567,0.061519,-0.1665,0.0014078,0.042095,2.3883,0.43393,-0.98107,1.4045,-0.36903,-0.080172,0.56838,-0.47052,-0.88132,0.063979,0.22626,-0.08932,-0.28346,0.19654,0.15782,-0.10422,0.24209,0.9569,-0.16443,-0.18421,-0.032938,-0.10632,-0.20357,-0.002085,0.23349,0.031189,0.30261,0.1239,0.17263,-0.35684,2.5572,-1.1826,-0.35139,-0.71987,0.58131,0.78383,-0.19888,-0.92054,0.45841,0.060509,0.12855,0.20551,-0.013191,-0.12985,0.053968,-0.28389,0.10467,-0.13138,-0.032677,-0.33515,0.34648,0.0090125,0.0046118,0.16141,-0.12179,0.34098,0.20132,-0.24815,-0.098909,-0.27254,0.1121,-0.095353,0.53684,0.11661,0.14019,0.17272,-0.345,0.45849,0.4112,-0.21348,-0.1645,0.29054,0.13404,-0.11627,0.38781,-0.2014,0.19561,0.01772,-0.041549,-0.45247,0.32027,-0.060214,0.0036446,0.073317,-0.2312,0.21583,-0.23777,-0.026415,-0.33859,0.048228,3.3359,0.62872,1.1534,0.076312,0.52676,-0.33365,-0.35905,0.39173,-0.0023795,-0.29848,-0.44528,-0.38603,-0.30112,0.58582,0.28679,0.25959,-0.26099,-0.3209,-0.32855,0.20694,-0.30374,-0.10027,0.085669,-0.10092,0.20488,0.10834,0.033945,0.17145,0.0055789,0.11658,0.050603,-0.17405,-0.80001,-0.19717,-0.10071,0.0067309,-0.053534,-0.35609,0.15988,-0.18539,0.091944,0.30356,0.32707,0.24104,0.083653,0.31566,0.11525,0.11483,-0.17861,-0.42247,0.16117,0.2357,-0.0010455,0.15098,-0.28045,-0.24168,0.17002,0.12475,0.29085,0.05924
0.074663,0.28004,0.2529,-0.056062,-0.17914,-0.052115,0.13234,0.22703,0.20737,0.14352,0.082807,0.057021,-0.0063423,-0.035444,-0.014376,-0.053878,-0.11598,-0.13068,-0.10471,-0.076995,-0.069296,-0.12689,-0.16774,-0.13999,-0.074069,-0.015945,0.072312,0.22278,0.33064,0.3478,0.45771,0.42661,0.43366,0.29646,0.11161,0.16796,0.15795,0.092597,0.075492,0.063247,0.013928,-0.0082588,-0.02733,-0.059045,-0.059788,-0.087305,-0.12177,-0.099313,-0.089822,-0.11016,-0.14185,-0.10725,0.010408,0.10182,0.11363,0.068592,-0.015441,-0.078965,-0.099546,-0.098115,-0.091322,-0.084808,-0.065513,-0.045964,0.081636,0.12238,0.13144,0.032527,-0.15566,-0.20397,-0.40923,-0.49981,-0.35721,-0.18286,-0.05879,0.095085,0.18077,0.12798,0.0068544,-0.073878,-0.053982,0.012023,0.10426,0.19472,0.22324,0.20091,0.18187,0.15739,0.1602,0.18317,0.20349,0.20401,0.069477,-0.024216,-0.014205,-0.025899,-0.15818,-0.29572,-0.16882,-0.036845,0.084365,-0.14349,-0.14675,-0.078387,-0.055696,-0.13143,-0.14735,-0.11546,-0.15018,-0.11846,-0.043818,0.04324,0.20387,0.33923,0.35491,0.2815,0.20626,0.13174,0.095519,0.12032,0.11902,0.1219,0.14553,0.13049,0.10949,0.091959,0.091096,0.084725,0.051848,0.026488,-0.20347,-0.33132,-0.34899,-0.36382,-0.36577,-0.44967,-0.40793,-0.34294,-0.22696,-0.10388,-0.023979,-0.0032949,-0.034326,-0.072979,-0.071191,0.0098598,0.10487,0.15617,0.16925,0.12378,-0.0079562,-0.23205,-0.45194,-0.54447,-0.52006,-0.43993,-0.34207,-0.25894,-0.17419,-0.090818,-0.028716,0.041787,0.13554,0.21315,0.39141,0.52857,0.40562,0.11964,0.020552,-0.1226,-0.20697,-0.11436,-0.13749,-0.18397,-0.12936,-0.086819,-0.10093,-0.077444,-0.048493,-0.035566,-0.0098615,-0.015926,0.0035824,0.03603,-0.029107,-0.036819,-0.037044,0.056273,0.15738,0.17498,0.18104,0.11267,0.18687,0.22083,0.13999,0.083232,0.039714,0.00064563,0.15179,0.32325,-0.58199,-0.40232,-1.1639,0.37315,0.093799,-0.039624,0.1237,0.54018,-0.29771,0.74982,0.92886,-0.0024693,-0.11478,0.52264,-0.16331,0.075824,0.38938,0.12546,0.18084,-0.31261,-0.038807,-0.089958,0.058096,0.0048573,-0.24749,-0.20808,-0.20736,-0.09553,0.2485,-0.317,2.5609,-0.43681,-0.59635,0.20624,-1.2059,-0.075738,0.16151,-0.33208,-0.13685,-0.03194,0.30868,-0.32068,-0.37962,0.28359,0.01409,-0.26823,0.25766,0.28606,-0.60358,0.029827,0.087431,0.22127,-0.11779,-0.10013,-0.079726,0.38295,0.090479,0.042502,-0.13075,-0.13039,2.6548,-0.83863,-0.50515,-0.91795,-0.017313,0.03582,0.16375,-0.6297,0.50437,0.12452,-0.65811,0.16204,-0.15045,0.29775,-0.15587,0.12173,0.14093,0.087476,-0.017894,-0.45799,-0.26896,-0.17653,0.047592,0.14794,0.19816,-0.10486,0.20105,-0.095469,-0.045208,-0.17848,-0.014034,0.2288,0.48195,0.42008,0.015318,-0.03638,-0.062567,0.35194,0.083371,0.30455,0.39405,0.44468,0.52746,0.22954,0.063875,0.13264,0.14329,-0.1268,-0.26943,-0.04902,-0.12665,0.17543,-0.063131,-0.14988,0.055769,0.24851,-0.15998,-0.38327,0.0043536,-0.096251,3.3428,0.36047,1.2051,0.057994,-0.027628,-0.64018,-0.31415,0.23688,0.48701,0.19414,-0.84708,-0.17232,-0.26288,0.286,0.21478,-0.15001,-0.13586,0.19742,0.28439,0.15678,-0.18628,-0.057575,0.16437,0.16947,0.083449,0.0040545,0.15732,-0.0094746,-0.0074623,0.22391,0.20994,0.12709,-0.66562,-0.16157,-0.30792,-0.020726,0.025058,-0.36855,0.22677,0.20584,-0.18684,0.44748,0.69095,0.19689,-0.34729,-0.1266,0.01493,0.14876,-0.42217,0.16611,0.10711,0.11969,0.069779,0.031113,-0.34237,0.1044,0.090562,-0.027716,0.099475,-0.053728
0.19763,0.19474,0.004398,-0.12362,-0.13759,-0.093702,0.10979,0.28726,0.26916,0.19791,0.1152,0.1093,0.14671,0.16065,0.13588,0.038698,-0.10181,-0.18764,-0.21652,-0.21816,-0.18624,-0.2105,-0.32739,-0.3138,-0.055631,0.12905,0.14285,0.14984,0.19884,0.27033,0.31808,0.27576,0.27511,0.17897,0.091832,0.11114,0.050695,-0.047151,-0.05032,0.0025037,0.0025766,-0.025797,-0.06478,-0.090021,-0.062137,-0.020215,0.08371,0.21599,0.27119,0.23964,0.13939,0.017487,0.008507,0.078278,0.059986,-0.0047045,-0.057505,-0.075939,-0.08561,-0.090054,-0.085671,-0.065001,-0.033173,-0.015192,-0.020225,-0.026975,-0.039166,-0.049129,0.025837,-0.054057,-0.30676,-0.35022,-0.30428,-0.2074,-0.067921,0.082134,0.29537,0.4195,0.23474,-0.021701,-0.1118,-0.096958,0.035656,0.16423,0.19838,0.1989,0.19161,0.1918,0.17498,0.16929,0.17944,0.11369,0.12497,0.18548,0.040497,-0.17633,-0.28964,-0.23516,-0.10322,-0.062995,-0.46542,-0.32243,-0.11647,-0.14111,-0.22289,-0.25392,-0.19579,-0.095884,-0.13011,-0.084048,0.081137,0.23428,0.28041,0.26802,0.19627,0.13696,0.13211,0.11888,0.091505,0.085927,0.11324,0.07276,-0.075054,-0.10581,0.036567,0.096922,0.041127,-0.017056,0.024228,0.013503,-0.14577,-0.14143,-0.18375,-0.27111,-0.30866,-0.33267,-0.22124,-0.10854,-0.007487,-0.0073458,-0.10364,-0.18606,-0.21566,-0.17574,-0.085068,0.066092,0.24814,0.39917,0.5103,0.50595,0.30783,-0.07457,-0.39197,-0.46752,-0.39106,-0.27558,-0.19731,-0.17718,-0.16704,-0.14794,-0.097303,-0.0017871,0.11646,0.23252,0.30039,0.25375,0.10736,0.040955,0.15714,0.059118,0.0074392,0.056263,0.056014,0.037753,-0.085584,-0.15954,-0.11661,-0.10224,-0.11258,-0.081719,-0.062577,-0.10333,-0.09631,-0.073387,-0.14436,-0.1938,-0.14969,-0.0788,-0.048741,0.034184,0.067536,0.32137,0.51057,0.44353,0.32766,0.1781,0.014826,0.0055905,0.1106,0.1934,-0.6142,-0.46212,-1.0288,0.18266,-0.12111,-0.33701,0.6968,0.23133,-0.72087,0.67358,1.0482,-0.27557,0.35242,0.20603,-0.2191,-0.13294,0.37133,-0.10824,0.55921,0.18543,0.22982,-0.22095,0.19114,0.18254,-0.27864,-0.24929,0.054658,-0.2397,-0.08832,-0.077013,2.4742,-0.12759,-0.58295,0.82104,-1.0706,0.43852,-0.54074,-0.34712,-0.73118,0.40069,0.31682,-0.23812,-0.22723,0.18032,-0.32214,0.039571,0.23188,0.44173,0.053468,0.28417,0.10839,0.074704,0.049141,-0.11637,0.11974,0.080548,0.18829,0.30929,0.32369,-0.44198,2.2956,-0.72979,-0.53366,-0.74871,-0.18724,-0.84155,-0.19377,-1.1735,0.44013,0.11633,-0.023233,-0.50561,0.1678,0.26959,0.30603,-0.62956,-0.33938,-0.19285,0.32825,-0.20112,0.044398,-0.10191,-0.10933,-0.024781,0.082854,0.18224,0.17242,0.068337,0.27817,-0.21966,-0.3257,0.25302,0.4869,0.18833,0.15392,0.11011,0.13662,0.15839,0.47356,0.20997,0.56043,0.18659,0.32317,-0.0813,0.19521,0.21495,-0.27515,-0.24827,-0.0082362,0.14897,0.073307,-0.46609,0.046031,-0.20501,-0.26601,-0.01302,-0.021016,-0.10321,0.020276,0.046409,3.1352,0.20517,0.88173,0.17229,0.56297,-0.22126,-0.28368,0.40879,0.21216,-0.34724,-0.26484,-0.50058,-0.10213,0.26955,-0.11804,-0.37127,-0.33095,-0.53868,-0.15703,0.15308,-0.1116,-0.062159,0.2278,-0.14024,0.04599,0.02698,0.09644,0.058676,-0.18645,-0.33975,-0.19263,0.20291,-0.60666,-0.2577,-0.097254,-0.25061,0.0010405,-0.1609,0.27795,-0.22917,0.078519,0.20225,0.54288,0.57601,-0.10794,0.32584,-0.03043,0.020011,-0.49766,-0.1038,0.053959,-0.091765,-0.49174,0.36158,0.12961,-0.014598,0.34884,-0.051671,0.097358,0.073337
-0.013288,0.22901,0.25289,0.011404,-0.085117,0.050637,0.20147,0.20333,0.1679,0.12363,0.08975,0.10138,0.13053,0.13091,0.080864,-0.028211,-0.13778,-0.19708,-0.20917,-0.1746,-0.1184,-0.049863,0.062527,0.17308,0.21639,0.16261,0.080057,0.053011,0.068114,0.14424,0.3171,0.25457,0.078114,-0.018793,-0.019824,0.040078,0.03238,-0.035478,-0.031459,-0.026443,-0.078631,-0.10229,-0.11831,-0.13574,-0.12006,-0.095473,-0.052602,0.029034,0.078367,0.041785,0.052399,0.13227,0.24691,0.31678,0.19879,0.060061,0.0064036,-0.048152,-0.074115,-0.064676,-0.10062,-0.14374,-0.1205,-0.10943,-0.10927,-0.10168,-0.094051,-0.091512,-0.078989,-0.012076,-0.13814,-0.23023,-0.18989,-0.12978,-0.048394,0.14177,0.39037,0.59633,0.47332,0.20279,0.10119,0.11376,0.13931,0.13727,0.10823,0.066364,0.083499,0.13781,0.15441,0.17303,0.18183,0.021818,-0.094385,-0.06014,-0.1186,-0.22384,-0.24341,-0.13718,0.015142,0.060152,0.050295,-0.27792,-0.31915,-0.25391,-0.24435,-0.31829,-0.23647,-0.012765,0.0020144,0.057297,0.17712,0.27088,0.28084,0.24262,0.13485,-0.015968,-0.12325,-0.16654,-0.17263,-0.14389,-0.087079,0.046724,0.26454,0.33291,0.26282,0.27316,0.30771,0.30008,0.2256,0.10766,0.029053,0.32711,0.35714,0.0046141,-0.37557,-0.53598,-0.52099,-0.44157,-0.29009,-0.13455,-0.026614,0.0074694,0.0060435,0.03021,0.037988,0.11541,0.2799,0.44259,0.5328,0.49293,0.32302,-0.045527,-0.41333,-0.45542,-0.37192,-0.36477,-0.2798,-0.11294,0.050463,0.16942,0.23867,0.30028,0.3468,0.33388,0.24508,0.040899,-0.13366,-0.13668,-0.033878,0.071944,-0.12887,-0.26797,-0.25783,-0.32439,-0.37534,-0.33911,-0.29109,-0.25863,-0.28194,-0.16383,-0.018928,-0.014104,-0.03061,-0.078242,-0.081009,-0.055736,0.034188,0.11121,0.12067,0.15024,0.12569,0.22005,0.29398,0.24109,0.20384,0.14427,0.06563,0.082323,0.19275,0.28769,-0.58062,-0.54373,0.54369,-0.1546,0.37786,-0.37117,0.40913,0.54514,-0.56955,0.69768,0.87424,-0.33986,0.14043,0.19515,0.092311,-0.032814,0.19453,-0.066893,0.17632,0.1712,-0.072072,-0.29565,0.055637,0.021395,0.28136,-0.33196,-0.081438,-0.15606,0.15656,-0.098512,2.3661,-1.0068,0.49147,1.3074,-1.8021,-0.2376,0.61378,-0.33954,0.022887,0.32973,-0.046167,-0.26812,-0.44484,-0.35231,-0.54619,0.1049,0.23022,0.060081,-0.24702,-0.27638,0.21943,0.19742,-0.41976,0.077808,-0.09734,0.2482,-0.27109,0.23764,0.30031,-0.14222,2.3751,-0.16531,-1.6998,0.38801,0.01702,-0.53129,0.38838,-0.50026,0.46299,-0.10097,-0.16395,-0.78147,0.43847,0.14476,-0.2712,-0.12085,-0.066436,-0.13124,-0.038932,0.07419,-0.048594,0.31026,0.016494,0.14534,-0.099928,0.26198,0.13793,-0.086039,0.050658,-0.23726,-0.094474,-0.65825,-0.65926,-0.61113,-0.077991,-0.42937,-0.18244,0.2504,0.17641,-0.35655,0.40433,0.19153,-0.023829,-0.20708,-0.060037,0.073108,-0.12703,0.018818,-0.10782,0.21388,-0.24509,-0.093719,-0.17288,-0.092728,0.37517,-0.053415,-0.037673,-0.14533,-0.24306,0.0086254,3.3472,0.6727,-0.15636,-0.84368,1.0005,-0.8679,-0.30892,0.22202,0.21485,-0.25661,-0.26088,-0.13004,0.10733,-0.23606,-0.21842,0.10955,0.22134,0.22504,-0.2288,0.056809,0.12797,-0.18223,-0.026138,-0.1733,0.078473,-0.14851,-0.17623,-0.026275,-0.40152,-0.33656,0.083465,-0.75284,0.72783,-0.073463,0.40131,0.59292,0.33241,-0.34534,0.16332,-0.073116,0.037703,-0.10134,0.30849,0.37843,-0.30052,0.20586,0.020331,-0.28868,-0.46029,0.14114,-0.04367,-0.053006,0.041644,-0.018387,0.16723,0.032697,0.1202,-0.19666,-0.026089,0.13816
0.40398,0.38802,0.19481,0.02644,0.0031674,0.11428,0.15311,0.15238,0.18,0.17011,0.14595,0.12575,0.16343,0.1979,0.17621,0.1059,-0.079896,-0.27712,-0.35051,-0.31287,-0.23018,-0.18598,-0.19459,-0.20927,-0.19432,-0.16935,-0.1351,-0.10091,-0.10802,-0.1548,0.19482,0.47678,0.56168,0.39527,0.20105,0.20641,0.14336,0.036828,-0.029977,-0.034391,-0.033246,-0.047654,-0.076812,0.038261,0.14698,0.1338,0.029635,-0.055161,-0.0015048,-0.02126,-0.10043,-0.099084,-0.0022849,0.044684,0.025803,-0.025718,-0.088278,-0.12108,-0.11851,-0.11122,-0.1089,-0.10079,0.031355,0.16337,0.19104,0.18282,0.15468,0.0052811,-0.13579,-0.073624,-0.19523,-0.35033,-0.42081,-0.39287,-0.27036,-0.072616,0.11107,0.20003,0.14264,0.0055411,-0.057092,-0.01437,0.03506,0.11419,0.19051,0.19265,0.17041,0.16515,0.10215,0.074328,0.11647,0.14422,0.14022,-0.073285,-0.26021,-0.23473,-0.14459,-0.087993,-0.08065,-0.098365,-0.75271,-0.49254,-0.18887,-0.096712,-0.078587,-0.13977,-0.21579,-0.13582,-0.031011,-0.079788,-0.092542,0.038632,0.22337,0.27401,0.21999,0.1108,0.068483,0.014006,-0.062157,-0.023732,0.062366,0.10577,0.099917,0.06368,0.040061,0.04083,-0.067031,-0.18477,-0.1624,-0.062593,-0.0042347,0.006582,-0.066579,-0.13746,-0.21702,-0.24158,-0.1502,-0.027564,0.042115,0.025513,-0.038627,-0.11515,-0.16063,-0.1514,-0.054472,0.067118,0.17917,0.28961,0.36395,0.33162,0.13797,-0.15618,-0.34374,-0.35493,-0.29612,-0.21811,-0.10251,-0.026207,-0.047925,-0.094447,-0.10572,-0.064105,-0.0064585,0.059324,0.14259,0.22208,0.24451,0.13037,0.074803,0.030159,-0.045963,0.045077,0.10064,0.094476,0.060977,-0.044189,-0.1159,-0.10853,-0.10156,-0.070046,-0.0077151,-0.0082584,-0.090399,-0.060467,0.0074776,-0.02484,-0.0072072,-0.0082499,0.072033,0.1989,0.25004,0.22482,0.13238,0.11219,0.089899,0.077894,0.13563,0.1584,0.13526,0.11224,-0.31098,-0.55742,-1.3304,0.092772,-0.088902,-0.15494,0.53212,-0.022515,0.026152,0.43363,0.86853,-0.16924,-0.17005,0.30713,0.26278,-0.11387,-0.086153,-0.073188,0.24761,-0.15768,-0.30677,-0.24521,-0.39504,-0.018415,-0.32251,-0.13694,-0.20251,-0.15703,0.040238,0.0454,2.4779,0.15535,-0.41195,0.1516,-1.1054,-0.21743,0.2644,0.49116,-0.20509,0.044418,0.031507,-0.070978,-0.44394,-0.28467,-0.15519,-0.42897,0.21753,0.2682,-0.36126,-0.16886,0.038748,0.16298,0.00079879,0.031321,-0.26603,0.20661,-0.081439,0.17436,-0.10149,-0.23339,2.414,-0.45919,-0.31743,-1.0022,-0.36536,-0.041392,-0.35413,-0.23974,0.18246,-0.28801,-0.35592,-0.61053,-0.044538,-0.12481,-0.41144,-0.29399,0.15502,-0.080968,0.3265,-0.27962,-0.43862,-0.064635,-0.15655,0.17955,-0.048464,0.094329,0.14941,0.081929,-0.067473,0.39457,-0.052683,0.40761,0.3011,0.59086,0.1628,0.33599,0.17063,-0.09564,0.10707,-0.30821,0.15324,0.010806,-0.034794,-0.21026,-0.12526,0.093371,0.18338,0.17678,-0.39188,-0.10342,0.038995,-0.18956,-0.20224,-0.41264,0.1338,-0.25342,-0.12047,-0.55948,0.090487,-0.10217,3.3626,-0.34345,1.0701,0.2677,0.44344,-0.063316,-0.26417,0.3928,0.39391,0.56814,-0.10394,0.12607,-0.059064,0.026923,0.065543,-0.18658,-0.31966,0.1524,-0.32391,0.25434,-0.22024,-0.039232,0.044872,0.21332,-0.013879,0.0077431,0.052261,-0.12823,-0.24779,0.04809,-0.05197,0.34248,-0.48148,0.17239,-0.40578,-0.59421,0.14873,-0.50878,-0.028554,-0.19683,0.11498,-0.25752,0.33996,0.19031,-0.33334,-0.050383,-0.10338,-0.14007,-0.22729,-0.092462,0.03192,0.49012,0.066744,0.013634,-0.021056,-0.00077143,0.1359,0.098076,0.016945,0.14331
0.50366,0.47621,0.20441,-0.068882,-0.16068,-0.028886,0.1936,0.25147,0.16133,0.096193,0.079492,0.094694,0.10661,-0.013194,-0.14903,-0.21028,-0.28537,-0.26035,-0.18386,-0.1608,-0.12782,-0.10954,-0.091309,-0.049235,-0.0075745,0.037286,0.12111,0.1982,0.10256,-0.079484,0.0067837,0.11935,0.08036,0.05029,0.11148,0.15592,0.1302,0.051537,0.061753,0.039849,-0.04855,-0.069605,-0.066935,-0.053682,-0.060703,-0.073572,-0.032302,0.046213,0.093887,0.059055,-0.039962,0.025635,0.2186,0.31845,0.32669,0.25857,0.13726,0.058896,0.050427,0.011016,-0.019421,-0.00015343,0.018784,0.028007,0.02439,0.0084709,-0.017971,-0.035771,0.0041132,0.074713,-0.095961,-0.32353,-0.268,-0.050576,-0.066525,-0.105,0.14602,0.41389,0.31585,-0.026768,-0.17439,-0.073969,0.13876,0.30506,0.31996,0.25417,0.16106,0.16497,0.19226,0.21978,0.22643,0.059098,-0.07294,-0.080144,-0.15192,-0.22982,-0.30673,-0.37499,-0.26554,-0.14689,-0.67678,-0.46989,-0.20135,-0.064469,-0.0025037,-0.075345,-0.24806,-0.34805,-0.18921,0.084467,0.18776,0.2367,0.22487,0.22556,0.18948,0.098587,0.023249,-0.076807,-0.1499,-0.13724,-0.10566,-0.077396,-0.051869,0.0066275,0.025662,0.034852,0.051255,0.049206,0.087849,0.15558,0.18062,0.35456,0.36193,0.039882,-0.29186,-0.39055,-0.33824,-0.244,-0.061937,0.094208,0.18352,0.2727,0.31566,0.29846,0.24203,0.24189,0.3596,0.5123,0.60363,0.57967,0.38823,0.038633,-0.33148,-0.53489,-0.53027,-0.38862,-0.2627,-0.19381,-0.10171,0.0016541,0.099882,0.18591,0.24526,0.26936,0.20775,-0.051643,-0.33771,-0.37231,-0.20276,-0.065077,-0.13799,-0.15376,-0.14691,-0.17736,-0.16179,-0.14717,-0.14179,-0.11421,-0.11665,-0.09421,-0.084376,-0.16959,-0.18401,-0.16147,-0.22004,-0.19571,0.035045,0.2597,0.29565,0.30597,0.23597,0.29678,0.33853,0.21786,0.092084,0.010522,-0.058449,-0.08763,0.033835,0.17433,-0.72859,-0.31331,-0.11567,0.17741,-0.10509,-0.67438,0.80262,0.2758,-0.29806,0.091262,0.99367,-0.31761,0.37564,0.3097,0.15874,-0.38958,-0.081962,-0.042044,0.28849,0.089601,0.076914,-0.22839,0.26034,-0.092896,-0.10465,0.065408,-0.11766,-0.054712,-0.083024,0.29678,1.705,-1.8437,0.19026,-0.053152,-1.8265,0.16443,0.45865,0.014155,-0.70238,0.60879,0.21678,0.48869,-0.37394,-0.11779,-0.23987,0.34816,-0.0057948,0.15391,0.31244,-0.057664,0.20791,0.17937,-0.12606,0.0026477,-0.049257,-0.0056903,-0.083775,0.19426,0.1065,-0.048814,2.5463,-0.60971,-1.1445,-0.085463,0.31909,-0.59996,-0.16188,-0.37277,-0.1223,-0.086787,0.13857,-0.12441,0.32312,0.087248,-0.23192,-0.31544,-0.67717,-0.24789,-0.044045,-0.023826,0.27985,0.066919,0.26201,0.36601,-0.12993,0.42281,0.084572,0.13742,0.031745,-0.16025,-0.046556,-0.34355,-0.016731,-0.31747,0.070873,-0.064217,-0.067606,-0.28898,0.38042,0.13879,0.037669,-0.23859,0.087206,-0.19249,-0.15354,0.041524,-0.26669,0.063266,0.037786,0.28941,-0.18067,-0.24545,0.061319,0.10908,-0.0079811,0.04499,-0.1144,0.11373,-0.24182,-0.17642,3.4464,0.67736,0.45099,-0.34026,1.055,-0.1417,-0.54126,0.084698,-0.32231,0.21496,0.073977,-0.29367,-0.026298,-0.04696,0.04564,-0.075404,0.10673,-0.23316,-0.2328,0.3194,-0.01301,-0.36291,0.22466,-0.015102,0.3251,-0.0058361,0.19991,0.16236,-0.21224,-0.071481,0.097382,-0.36305,-0.26045,-0.2915,0.47233,-0.023938,0.30404,-0.47905,0.71076,-0.10729,0.10002,-0.074108,-0.25541,0.55866,-0.12649,0.15942,0.046928,-0.013408,-0.016699,-0.13753,-0.20833,-0.24217,-0.08864,0.10414,0.056634,-0.050752,0.33187,-0.19726,0.14642,0.15021
0.3823,0.63898,0.52121,0.17184,-0.10412,-0.13149,0.022521,0.14603,0.14446,0.10733,0.070543,0.070168,0.11068,0.12917,0.10948,0.046549,-0.15274,-0.34523,-0.39422,-0.36068,-0.28474,-0.22686,-0.20248,-0.15591,-0.084238,0.018895,0.10894,0.12159,0.14198,0.23069,0.29462,0.24302,0.27533,0.19852,0.11526,0.17286,0.16543,0.10025,0.073724,0.057317,0.010231,-0.015107,-0.032017,0.083282,0.16673,0.14712,0.082703,0.037865,0.078108,0.03057,-0.065456,-0.069852,-0.028019,-0.02094,-0.01009,-0.05318,-0.12264,-0.092942,-0.03501,-0.026846,-0.010408,0.0047969,0.020566,0.030467,-0.0087015,-0.069754,-0.07263,-0.0017125,0.096212,-0.27909,-0.70671,-0.66358,-0.39716,-0.11375,0.18373,0.44129,0.5031,0.20695,-0.0083925,0.070744,0.10813,0.14824,0.23146,0.26427,0.23652,0.20684,0.16256,0.13908,0.14421,0.15831,0.17602,0.096776,0.054099,0.06368,-0.093744,-0.27353,-0.31814,-0.25708,-0.15503,-0.11512,-0.054751,-0.23693,-0.20414,-0.17301,-0.11751,-0.11129,-0.080639,-0.026414,-0.061385,-0.054989,-0.014764,0.10707,0.21994,0.22608,0.16648,0.063292,0.0061761,-0.041971,-0.089139,-0.058282,-0.016301,0.0070507,0.072862,0.12761,0.13178,0.14825,0.16239,0.16165,0.1312,0.051414,-0.1376,-0.23701,-0.23168,-0.26418,-0.34413,-0.46069,-0.44027,-0.37582,-0.2558,-0.13547,-0.06129,-0.026503,-0.025025,-0.082774,-0.099499,-0.0012864,0.20622,0.39602,0.44313,0.34924,0.12498,-0.17647,-0.39944,-0.48091,-0.48703,-0.42675,-0.30709,-0.17972,-0.088936,-0.013114,0.059262,0.12025,0.17599,0.30358,0.45874,0.46571,0.3783,0.31853,0.21778,-0.14169,-0.1115,-0.072856,-0.17166,-0.22639,-0.19854,-0.11392,-0.078342,-0.1052,-0.10456,-0.14428,-0.17235,-0.062217,0.042049,-0.039693,-0.057434,-0.064941,-0.014903,0.042798,0.052928,0.10584,0.11606,0.33325,0.47221,0.36747,0.22687,0.085127,-0.011189,-0.0042809,0.090865,0.18838,-0.74674,-0.11372,-0.74199,0.5001,0.4874,-0.095137,0.07177,0.33131,-0.16287,0.96567,0.77361,0.010171,0.07791,0.56007,-0.029265,-0.28707,0.4659,-0.26502,0.063842,-0.16662,-0.01789,0.068342,-0.067149,-0.32884,-0.12404,-0.38593,0.27372,-0.024564,0.056935,-0.42811,1.2813,-1.6068,0.014359,-0.9074,-1.4539,-0.41775,0.68702,-0.28473,0.1257,0.35039,0.23374,-0.50074,-0.98672,-0.01873,-0.092279,-0.1388,0.47478,0.13722,-0.031809,0.46193,-0.42134,0.53483,0.11481,-0.13446,-0.35271,-0.10792,-0.14702,0.012011,0.30491,-0.16602,2.2992,-0.66581,-1.3026,-0.76494,-0.3265,-0.71468,0.31914,-0.82687,0.30101,0.52601,-0.39221,-0.56449,0.023133,0.50365,0.17714,-0.35735,-0.038026,0.043975,0.19347,-0.61493,-0.45107,-0.074395,-0.061223,-0.23952,-0.19134,0.13936,-0.47059,-0.083381,0.0023463,-0.24849,-0.076324,-0.42701,0.3462,0.19126,0.19875,-0.066417,0.049522,0.3777,-0.093332,-0.27861,0.65527,0.48827,0.37699,0.0078876,-0.56461,0.066936,-0.17322,-0.31013,-0.16977,-0.2604,-0.12951,0.17641,-0.15468,-0.33313,-0.22726,0.12886,-0.055126,-0.15636,-0.056887,-0.086226,3.368,0.70102,1.0136,-0.10313,0.1219,-0.89611,-0.42328,0.31215,0.67392,-0.0023044,-0.5223,-0.25179,0.16047,-0.10439,0.15499,-0.68411,-0.23147,0.068171,0.29759,0.1637,-0.34409,-0.065849,0.094275,-0.023318,0.1625,-0.14911,0.35129,-0.27815,-0.068739,0.45472,0.057069,-0.23814,-0.44176,-0.076438,-0.34927,0.21896,0.24162,-0.44388,-0.20139,-0.11122,-0.045247,0.099882,0.71641,0.33977,-0.47824,-0.201,-0.36643,0.11597,-0.50595,0.37958,0.0065157,0.16908,-0.21212,0.44022,-0.079883,0.010452,0.13236,0.15783,0.14056,0.052534
0.24695,0.30587,0.12744,-0.068592,-0.08164,0.026215,0.12227,0.13536,0.12354,0.096348,0.063128,0.067079,0.092184,0.10067,0.014044,-0.081213,-0.14599,-0.22459,-0.24727,-0.20724,-0.14197,-0.084105,-0.011184,0.043967,0.059984,0.14137,0.17622,0.05561,-0.013917,0.095493,0.28941,0.23699,0.065943,0.050479,0.12873,0.18167,0.15702,0.071574,0.045101,0.043747,0.010027,-0.0059907,-0.012462,-0.018361,0.0028982,-0.022033,-0.040459,0.03185,0.083692,0.054934,-0.043205,-0.080399,0.0092647,0.093483,0.10105,0.054893,-0.015123,-0.063078,-0.072937,-0.054574,-0.025311,-0.00073771,0.014143,-0.024732,-0.071413,-0.063918,-0.053749,-0.054571,-0.004533,-0.23621,-0.42251,-0.25898,0.020883,0.18446,0.24664,0.30722,0.41707,0.56557,0.65152,0.57509,0.33645,0.14758,0.095904,0.11157,0.098814,0.1048,-0.067109,-0.15947,-0.10883,-0.11495,-0.13589,-0.098353,-0.096231,-0.14616,-0.16908,-0.17332,-0.15063,-0.11625,-0.034487,0.008571,-0.4472,-0.34343,-0.1649,-0.076916,-0.059745,-0.12838,-0.23459,-0.23386,-0.11871,-0.014452,0.0769,0.15776,0.20691,0.20147,0.13239,-0.011402,-0.15349,-0.22507,-0.24565,-0.21168,-0.14448,-0.016208,0.19332,0.26814,0.21414,0.25241,0.29669,0.28537,0.23274,0.16032,0.057952,0.23786,0.21081,-0.12472,-0.46409,-0.54591,-0.46044,-0.33504,-0.19389,-0.096059,-0.052924,-0.014519,0.025287,0.075869,0.13363,0.21652,0.33009,0.4543,0.54085,0.52906,0.36818,0.053399,-0.26501,-0.41662,-0.42622,-0.36543,-0.24962,-0.12338,-0.030306,0.036421,0.10234,0.15935,0.17773,0.19022,0.16865,0.048099,-0.044524,-0.022111,0.10033,-0.15762,-0.25764,-0.24225,-0.24401,-0.31247,-0.3646,-0.32588,-0.19873,-0.075324,-0.077237,-0.10687,-0.143,-0.011493,0.1473,0.10193,0.12077,0.12781,0.2803,0.46205,0.49363,0.37042,0.22902,0.12032,0.091231,0.028274,-0.080977,-0.11296,-0.082007,-0.041644,0.049725,0.13255,-0.36136,-0.57363,0.27411,-0.23354,0.29413,-0.23165,0.55187,0.7561,-0.59084,0.894,0.46375,-0.42149,0.29417,0.51476,0.35299,0.24488,0.054292,-0.043322,0.2832,-0.048969,-0.17533,-0.043722,0.087946,0.29453,-0.052131,0.23064,0.063314,-0.21203,0.36926,-0.36155,2.4711,-0.6772,0.18146,1.5856,-1.4861,0.38729,-0.3228,-0.87654,-0.92578,-0.046715,-0.00035955,-0.085298,-0.57753,-0.048857,-0.85113,-0.07657,0.1605,0.20482,-0.25781,-0.32251,-0.20364,0.07715,-0.1811,-0.033207,0.33982,-0.098885,-0.14101,0.43137,0.33048,-0.1486,2.5458,-0.09859,-1.2842,0.19797,0.27223,-0.50101,0.60743,-0.12043,0.86763,-0.056612,-0.41203,-0.54351,0.26597,0.2258,-0.36172,-0.36777,0.13587,-0.066611,0.16471,-0.25866,-0.051399,0.48977,-0.14351,0.59469,0.047438,-0.06966,-0.27546,-0.40019,-0.14718,-0.26525,-0.10743,-0.32821,-0.49914,-0.308,-0.26484,-0.52089,-0.28267,0.099457,0.10217,-0.10062,0.84297,-0.02346,-0.014438,0.43342,-0.054948,-0.099577,0.11437,0.28178,0.027992,0.27213,-0.061556,-0.29678,-0.15792,-0.14265,0.20375,-0.051144,-0.016139,-0.18854,-0.19388,0.33679,3.3504,0.68115,-0.02046,-0.76155,0.73754,-0.78796,0.095895,-0.17534,0.38705,-0.40777,-0.12401,-0.21786,-0.074953,-0.022174,-0.011201,-0.034022,-0.09511,0.13185,-0.69031,-0.13964,-0.19242,-0.12069,0.086442,-0.078077,-0.26536,-0.44977,0.1425,-0.44298,-0.28367,0.1317,0.06981,-0.36841,0.42324,0.08901,0.32037,0.68842,0.28744,-0.17328,0.63184,0.18855,0.043618,-0.27024,0.33326,0.1765,-0.67849,0.082804,0.03523,-0.17824,-0.55824,-0.19245,-0.16619,0.30469,0.027264,-0.17034,0.22009,-0.14848,-0.4788,0.10691,0.10062,0.16032
-0.19563,-0.27501,0.034899,-0.0013471,-0.076717,0.093882,0.26428,0.2177,0.16684,0.17564,0.14839,0.10306,0.095869,0.12401,0.12107,0.065016,-0.057568,-0.16653,-0.1857,-0.1393,-0.090722,-0.086585,-0.1263,-0.12926,-0.037953,0.082847,0.10349,-0.016156,-0.13217,-0.19753,0.0065848,0.27014,0.43086,0.27353,0.10253,0.12418,0.080278,-0.0011311,-0.030869,-0.026507,-0.040582,-0.042131,0.094834,0.15565,0.096826,0.11553,0.18621,0.2647,0.27327,0.21059,0.096483,-0.051353,-0.064663,0.021275,0.023096,-0.029678,-0.052089,-0.052132,-0.072108,-0.071061,-0.026227,0.01255,-0.00054042,-0.033051,-0.057183,-0.036072,-0.036062,-0.059796,0.024035,0.097885,0.12724,-0.80132,-1.0745,-0.49887,0.27121,0.56999,0.54075,0.17227,-0.10471,-0.12428,-0.033945,0.11205,0.21845,0.24259,0.21705,0.16198,0.13659,0.12977,0.14863,0.18289,0.1642,0.17753,0.12456,-0.083138,-0.24415,-0.27738,-0.26371,-0.20814,-0.043698,0.045015,1.0083,0.39622,-0.27752,-0.30728,-0.20354,-0.19304,-0.34249,-0.408,-0.23922,0.012321,0.046548,0.14839,0.23481,0.252,0.21814,0.12795,0.0077511,-0.082549,-0.093815,-0.046722,0.002078,0.005209,0.028687,0.048606,0.11021,0.16566,0.14726,0.12759,0.13453,0.17385,0.087913,-0.0317,0.080449,-0.0018982,-0.18566,-0.26549,-0.20357,-0.11169,-0.0042781,0.066845,0.0872,0.077565,-0.092977,-0.2935,-0.32245,-0.06362,0.27704,0.45029,0.42143,0.27557,0.1103,-0.16158,-0.46205,-0.58428,-0.54729,-0.4526,-0.33428,-0.25663,-0.20222,-0.11963,0.047391,0.3112,0.56674,0.70864,0.67785,0.45768,0.12677,-0.036257,0.058937,0.11408,0.13958,0.047741,-0.19507,-0.33809,-0.18371,-0.051007,-0.050276,-0.05544,0.031895,0.031699,-0.010146,-0.030994,-0.070528,-0.15568,-0.19317,-0.10493,0.02438,0.10532,0.22373,0.26239,0.4342,0.5616,0.48895,0.28553,0.076641,-0.088586,-0.19623,-0.14463,0.044845,0.1764,-0.41626,-0.1015,-0.82741,0.64974,0.10008,-0.14952,0.52987,0.23954,-0.11599,0.85746,1.0916,-0.74596,0.33409,0.70674,0.37424,-0.57609,0.42737,-0.34706,-0.044689,-0.39113,0.24627,-0.4007,-0.34264,-0.4786,-0.33602,-0.62511,-0.16185,0.28263,-0.32127,0.03266,1.152,-1.9494,-0.13202,-0.60141,-1.1912,0.15158,0.26169,-0.19579,-0.35189,1.1961,0.035889,-0.14087,-0.76993,-0.22434,-0.49995,0.1016,0.53117,-0.048206,-0.45117,0.44575,-0.22952,0.30906,0.040714,-0.009789,-0.38526,0.073789,0.14908,-0.33553,0.20065,-0.058452,2.47,-0.63318,-1.1363,-0.8696,0.52841,-0.30284,0.013105,-0.1768,0.47076,-0.42931,-0.84079,-0.89548,-0.62038,0.99776,0.23435,-0.31292,-0.050582,-0.071014,0.41375,-0.14468,-0.21197,-0.083861,0.11387,-0.16329,-0.38772,-0.092761,0.13296,0.29011,-0.088941,0.32452,-0.30971,-0.60726,0.28831,0.33032,0.18202,0.19693,-0.13684,-0.1035,0.60112,-0.4046,0.84059,-0.066379,0.12374,0.28516,-0.26003,0.44934,-0.23008,-0.50394,-0.51494,0.21938,-0.30519,-0.033997,-0.1721,-0.56791,-0.17564,0.04879,-0.089978,-0.072228,-0.088612,-0.48486,3.344,0.48897,0.98955,-0.038303,0.77292,-0.40039,-0.12614,0.3849,0.76493,0.4398,0.06531,-0.69317,-0.36891,0.209,-0.42421,-0.87033,-0.29561,0.06808,0.19806,0.29681,0.18011,0.34657,0.25993,0.14022,0.29214,-0.066416,-0.3563,-0.39178,-0.098258,0.06872,-0.39142,-0.69126,-0.37887,-0.1216,-0.1739,-0.045645,0.052115,0.065021,0.58078,-0.22859,0.33123,0.046743,0.24256,0.18016,-0.62994,-0.18138,0.11805,-0.24087,-0.8454,0.64061,0.30604,-0.33194,-0.18297,0.41342,0.078361,0.34747,0.48269,0.36584,0.1242,0.089948
-0.076263,0.0095681,0.07143,0.038913,0.0013688,0.038406,0.18217,0.27325,0.23965,0.17224,0.11075,0.086202,0.094742,0.083458,0.056417,0.030304,-0.023147,-0.076882,-0.076104,-0.057554,-0.055277,-0.12604,-0.26086,-0.3468,-0.278,-0.11673,-0.023078,-0.028646,-0.026999,-0.053531,0.17905,0.32664,0.42301,0.2621,0.065291,0.095632,0.077041,0.02354,0.026298,0.031393,-0.016546,-0.052706,0.0942,0.22778,0.19977,0.062127,-0.029779,0.044207,0.087133,0.047542,-0.049198,-0.065094,0.037901,0.11719,0.1228,0.080486,0.012655,-0.069588,-0.12002,-0.11057,-0.084179,-0.056743,-0.029453,-0.014086,-0.015107,0.10757,0.17899,0.070816,-0.031673,-0.007899,-0.33707,-0.50931,-0.40007,-0.17742,0.084626,0.27833,0.25656,0.11441,-0.021352,-0.1151,-0.13576,-0.054232,0.051885,0.16275,0.24142,0.2278,0.17817,0.15436,0.095709,0.089964,0.15638,0.20552,0.21509,0.092154,0.0039625,-0.039903,-0.20031,-0.26824,-0.14287,-0.063947,0.031119,-0.089436,-0.13928,-0.21443,-0.28778,-0.33002,-0.26364,-0.14044,-0.18149,-0.16474,-0.099864,0.03643,0.12953,0.11295,0.064231,0.02246,0.12541,0.21136,0.21546,0.23836,0.25141,0.2036,0.075774,-0.044587,-0.020239,-0.056498,-0.15067,-0.14569,-0.12293,-0.061319,-0.16974,-0.15476,-0.063894,-0.082976,-0.17644,-0.26681,-0.24958,-0.21439,-0.21149,-0.23873,-0.22524,-0.18113,-0.081725,0.030491,0.097523,0.20129,0.35994,0.49198,0.55145,0.47403,0.22301,-0.14185,-0.42837,-0.53098,-0.5227,-0.46199,-0.32938,-0.14237,0.0066799,0.083429,0.12142,0.16264,0.22968,0.27025,0.23535,0.38206,0.54871,0.43947,0.12478,0.11136,-0.076809,-0.1406,-0.16769,-0.21984,-0.19518,-0.12713,-0.11108,-0.10316,-0.07111,0.013905,0.062876,-0.014633,-0.12492,-0.11912,-0.063299,-0.08411,-0.023602,0.029544,0.15188,0.29294,0.34698,0.33565,0.25573,0.2206,0.25608,0.24742,0.098939,0.018565,0.16664,0.28704,-0.7682,-0.17958,-1.2069,0.26354,-0.43163,-0.083305,0.31543,0.18961,-0.38591,0.73605,1.2248,-0.41214,-0.27806,-0.094086,0.11036,-0.19517,0.49615,-0.069625,0.15499,-0.035798,0.093378,-0.16438,0.0060303,-0.027129,0.0077555,-0.18432,0.22735,0.17397,-0.05459,-0.15923,2.5061,-0.55046,-0.66667,0.44874,-0.87402,0.090869,0.0932,0.11145,-0.14731,0.64758,0.082496,-0.52383,-0.28122,-0.16061,0.27255,-0.016265,0.46028,0.35598,-0.34044,0.25847,-0.15558,0.069042,-0.024898,-0.03925,-0.048842,0.067097,-0.037685,0.26638,0.16198,-0.098324,2.4926,-0.95795,-0.42594,-1.0381,0.62154,0.71697,-0.46815,-0.82162,0.54616,-0.25398,0.21717,-0.29855,-0.30735,0.50086,0.30026,-0.33538,-0.089124,0.061703,-0.084022,-0.25033,-0.035042,0.11918,-0.13502,-0.11194,0.056751,0.017267,0.27129,0.14698,0.041773,-0.24449,0.15556,-0.10886,0.53007,0.32347,0.36074,0.4418,-0.35378,0.43284,0.45314,-0.61714,-0.1365,0.39316,-0.020865,-0.039877,0.12023,0.29572,-0.18262,-0.098292,-0.458,-0.22686,0.1066,-0.13009,-0.19033,-0.11028,-0.012188,0.16405,0.21843,-0.23101,-0.26888,-0.077125,3.4262,0.43658,1.1752,0.51356,0.40752,-0.61104,-0.98986,0.54193,0.30953,-0.33237,-0.12818,-0.34615,-0.071193,0.53543,-0.075453,-0.45316,-0.12672,-0.11032,0.10569,-0.032971,-0.12762,-0.0073993,-0.24411,-0.061547,-0.030691,0.13949,-0.14335,0.29145,-0.098199,-0.16219,0.044681,-0.17225,-0.70917,-0.28309,-0.27128,-0.37129,-0.24773,-0.026193,0.19035,-0.34344,0.042259,0.40655,0.17533,0.17912,-0.015379,0.21473,-0.21657,-0.25478,-0.32268,-0.085919,0.29941,-0.051393,-0.29092,0.49935,-0.048322,-0.045668,0.075865,0.28354,0.0253,0.10002
0.16868,0.35273,0.36674,0.22256,0.12133,0.11587,0.085261,0.010486,-0.045945,-0.023326,0.06145,0.097262,0.14187,0.14727,0.081229,-0.04457,-0.15801,-0.2073,-0.18908,-0.12093,-0.066009,-0.12195,-0.085978,0.1316,0.21946,0.16848,0.071617,-0.043833,-0.086323,-0.084546,-0.0663,-0.019105,0.097706,0.052203,0.094724,0.15507,0.15529,0.0901,-0.0053712,0.026739,0.084249,0.079853,0.083393,0.069108,0.020207,-0.021061,0.068684,0.2082,0.26216,0.23196,0.1465,0.043117,0.049714,0.12929,0.12379,0.064471,-0.010768,-0.094962,-0.15066,-0.14584,-0.14001,-0.14005,-0.13043,-0.13766,-0.1452,-0.12621,-0.11847,-0.10516,-0.07727,-0.041415,0.014129,-0.23352,-0.54874,-0.63071,-0.46035,-0.17962,0.11742,0.37144,0.54086,0.54245,0.29523,0.045959,0.015189,0.13392,0.2265,0.21624,0.11378,0.097683,0.17634,0.21622,0.26657,0.29497,0.13607,0.0052623,-0.0050771,-0.12151,-0.21138,-0.15853,0.015414,0.12412,-0.26585,-0.31262,-0.22882,-0.25768,-0.31774,-0.35059,-0.33701,-0.28186,-0.26219,-0.077324,0.17048,0.25248,0.29518,0.27265,0.1527,-0.037912,-0.17289,-0.19959,-0.1752,-0.14179,-0.12803,-0.022397,0.14629,0.21997,0.18211,0.12657,0.19671,0.28065,0.29325,0.11562,-0.022393,0.51823,0.58142,0.1995,-0.19471,-0.35599,-0.38897,-0.3378,-0.23211,-0.076192,0.042774,0.072025,0.064569,0.034255,0.0053662,0.051563,0.19018,0.34863,0.43235,0.39128,0.19534,-0.15854,-0.44962,-0.53553,-0.4781,-0.3647,-0.21691,-0.11793,-0.068377,-0.00025928,0.011797,0.02275,0.051241,0.057832,0.0052949,-0.14288,-0.27345,-0.21669,-0.11493,-0.045379,0.025747,-0.047942,-0.032894,0.0072004,-0.078242,-0.13767,-0.13841,-0.12072,-0.10947,-0.11656,-0.13686,-0.042594,0.011319,-0.1249,-0.23666,-0.26666,-0.16854,0.053273,0.21543,0.25297,0.28789,0.2449,0.41719,0.48656,0.37411,0.31917,0.20111,0.12107,0.27256,0.40413,-0.58072,-0.72105,0.50555,-0.014603,0.2211,-0.586,0.54914,-0.3418,-0.15808,0.51352,0.79968,-0.64628,0.2929,0.56763,0.16982,-0.23224,0.094707,0.015394,0.033023,0.17799,0.01117,-0.27529,-0.2124,-0.096703,-0.23736,-0.22811,0.13115,0.12973,-0.16289,0.20344,2.468,-0.6378,0.48977,1.536,-1.6617,-0.024101,0.19898,0.54217,-0.22129,0.30029,0.045609,-0.0058427,-0.44482,-0.78008,-0.65997,-0.2513,0.32632,-0.29436,-0.11161,-0.33828,0.14003,0.31086,-0.16034,-0.32785,-0.027612,0.11406,0.20952,0.011774,-0.021155,-0.22437,2.4187,-0.34801,-1.1302,0.51606,0.37245,0.89516,-0.61785,-0.02432,-0.16144,0.027392,-0.46923,-0.44844,0.3991,0.15358,-0.16617,-0.14491,-0.41936,-0.12561,0.39478,0.051599,-0.40753,-0.072935,0.084149,-0.13447,0.19032,0.26467,0.03515,-0.025491,0.023106,0.28292,0.085497,-0.56077,-0.74428,-0.81847,0.23327,-0.037425,0.19799,-0.25744,0.36447,-0.62517,0.18859,0.049713,-0.21106,-0.54235,-0.56964,-0.044339,0.0043239,-0.025451,-0.3546,0.23078,0.17511,0.017282,-0.2005,0.15889,0.41176,0.16145,0.0052211,-0.063846,0.096473,0.046273,3.2558,0.60188,-0.21401,-0.802,1.399,0.087755,0.31411,0.67588,0.40277,0.40582,0.27595,-0.23266,0.020266,-0.40517,-0.14161,-0.44002,0.16307,-0.0046005,-0.26499,0.20433,-0.033297,-0.19809,-0.047509,0.068643,0.15967,0.37355,0.14005,0.12543,-0.42887,-0.34188,0.059297,-0.52131,0.66208,-0.18207,0.56734,0.025595,0.56227,0.027042,0.22179,-0.30142,-0.061532,-0.52421,-0.30899,0.70376,-0.46395,-0.14166,-0.088807,-0.19977,-0.055171,0.2402,-0.19035,-0.14649,-0.19964,0.019472,-0.11475,0.22914,0.19652,-0.027121,-0.30063,-0.053247
0.13768,0.24759,0.28072,0.19063,0.041503,0.045047,0.19895,0.31573,0.1985,-0.031391,-0.11476,-0.091896,-0.073825,-0.11633,-0.11575,-0.11198,-0.19226,-0.23663,-0.20854,-0.10644,0.044778,0.14475,0.13877,0.12119,0.12495,0.15141,0.1388,0.11328,0.077999,0.082949,-0.038914,-0.14643,-0.10272,-0.028744,0.11968,0.17851,0.17024,0.10062,0.065591,0.039957,-0.008514,-0.027931,-0.035451,0.081826,0.1616,0.1463,0.18402,0.25489,0.3042,0.26149,0.15882,0.045231,0.052754,0.1424,0.1493,0.096149,0.013717,-0.09231,-0.1631,-0.15746,-0.15483,-0.1509,-0.1328,-0.12713,-0.13014,-0.099736,-0.068501,-0.053498,-0.02847,0.02397,0.10361,-0.092775,-0.31013,-0.29211,-0.089664,0.066924,0.18926,0.2726,0.27064,0.23224,0.18484,0.21095,0.26491,0.2566,0.20393,0.15566,0.14997,0.14648,0.15329,0.16899,0.04492,-0.017187,0.043603,-0.002123,-0.14332,-0.22666,-0.24429,-0.24505,-0.06562,0.088939,-0.24895,-0.26628,-0.19602,-0.19838,-0.21626,-0.19189,-0.27078,-0.4282,-0.41963,-0.15447,0.13179,0.28295,0.31934,0.20858,-0.0083418,-0.19289,-0.25515,-0.25413,-0.19032,-0.069075,0.020226,0.033564,0.0038997,0.14138,0.23454,0.18834,0.16356,0.15836,0.16661,0.096604,0.030613,0.38012,0.53191,0.11613,-0.31576,-0.48414,-0.48723,-0.40755,-0.26412,-0.11748,-0.022687,0.032126,0.051933,-0.015241,-0.048057,0.056039,0.2962,0.53429,0.61538,0.52837,0.29223,-0.098712,-0.46015,-0.60366,-0.57717,-0.46212,-0.27622,-0.10287,0.025934,0.15,0.26443,0.37413,0.4569,0.4608,0.361,0.11852,-0.12295,-0.15313,-0.089504,-0.015218,0.048724,-0.12401,-0.22682,-0.21981,-0.27557,-0.28651,-0.19069,-0.11527,-0.12927,-0.13787,-0.14539,-0.088679,-0.054255,-0.12156,-0.13934,-0.054166,0.045568,0.087619,0.15968,0.16996,0.34709,0.48812,0.46437,0.3946,0.24901,0.11653,0.062338,0.048436,0.22768,0.39034,-0.74856,-0.29505,0.38847,0.062407,0.46105,-0.47831,0.47472,0.27332,-0.2725,0.46737,0.87346,-0.50559,0.086257,0.23557,-0.077721,-0.23733,0.10401,0.21528,-0.05447,0.1068,-0.032783,-0.29223,0.053488,-0.25822,0.33363,-0.10832,-0.35888,0.09486,-0.299,-0.03369,2.5326,-0.89143,0.15039,1.6123,-1.4994,-0.41117,0.68651,-0.060811,-0.11542,0.30297,-0.060352,-0.099521,-0.57277,-0.46273,-0.34111,0.02049,0.076713,-0.12328,-0.30625,-0.032625,0.42984,-0.0045446,-0.36372,0.34622,-0.12982,0.25038,-0.22046,-0.17248,0.18741,-0.26693,2.4759,-0.6116,-1.5541,0.28706,0.37322,-0.24798,0.12414,-0.29571,0.1154,-0.19243,-0.07343,-0.88917,0.44786,-0.1281,-0.03493,0.047958,-0.11581,0.20747,0.12695,0.27755,-0.1843,-0.10766,0.12986,0.13526,-0.10518,0.29745,-0.14602,0.078147,-0.01553,-0.010876,-0.02495,-0.88696,-0.39827,-0.54551,0.036544,-0.36596,-0.19636,-0.041231,0.28387,-0.26815,0.17922,0.043126,-0.072644,-0.37308,0.0045457,0.19774,-0.08608,-0.12426,-0.10732,0.14888,-0.24451,0.26049,-0.1126,0.053068,0.29725,-0.046798,-0.039857,0.29879,-0.17193,-0.31304,2.8395,1.6604,-0.21632,-0.52187,0.52014,-0.36065,-0.31312,0.055501,0.18136,-0.057775,0.12234,0.030328,-0.25901,-0.072125,-0.10508,0.0077353,0.43302,-0.47199,0.13395,0.50464,0.067268,0.122,0.11182,-0.072247,0.0056184,-0.024264,-0.14654,-0.35329,-0.25275,-0.082246,0.030364,-0.88288,0.49831,-0.14297,0.51041,0.40378,0.19245,-0.27366,0.19538,-0.30214,0.10383,-0.40649,0.061321,0.29999,-0.15736,0.1151,-0.35283,-0.18955,-0.038165,0.10492,-0.011818,-0.54723,-0.022497,-0.058593,0.052752,0.27575,0.23794,0.0047673,0.11152,-0.045588
-0.24661,-0.19813,-0.1273,-0.10095,-0.075908,0.027957,0.10952,0.13513,0.1248,0.098097,0.075679,0.071829,0.10093,0.14108,0.16096,0.13972,0.071709,-0.029347,-0.10883,-0.12173,-0.096304,-0.16053,-0.21447,-0.08825,0.055878,0.026847,-0.076993,-0.092287,-0.091129,-0.13939,-0.33713,-0.46121,-0.41716,-0.47631,-0.3852,-0.26543,-0.11377,0.069783,0.20994,0.21032,0.16525,0.13392,0.1297,0.095841,0.067133,0.069446,0.072532,0.09752,0.085619,0.11808,0.14684,0.13782,0.080702,0.017248,0.047067,0.024032,-0.031826,-0.073021,-0.033584,-0.078953,-0.17151,-0.14518,-0.12878,-0.12983,-0.17913,-0.24822,-0.29596,-0.31527,-0.19075,0.012643,0.070155,0.024068,0.0074065,-0.057276,0.085783,0.34144,0.36167,0.27695,0.21447,0.099981,0.014709,0.022058,0.11411,0.19683,0.20732,0.18078,0.17073,0.096896,0.044727,0.067282,0.076986,0.064357,0.009265,-0.024572,-0.017179,-0.056158,-0.1133,-0.13292,-0.10197,-0.07944,-0.022727,-0.049211,-0.04118,-0.016985,-0.038915,-0.099336,-0.069788,0.026741,0.018365,0.018324,0.0073126,0.044473,0.14039,0.21119,0.21798,0.16199,0.077737,-0.01739,-0.0951,-0.1193,-0.096798,-0.0062048,0.067221,0.11348,0.13309,0.098559,0.092342,0.11667,0.14096,0.17524,0.25927,0.66227,0.81526,0.42769,0.37908,0.42962,0.32438,0.21442,-0.11118,-0.47285,-0.29746,0.10328,0.2524,0.17872,0.061264,0.032735,0.08019,0.11587,0.087274,0.098511,0.14288,0.065389,-0.13029,-0.26775,-0.31182,-0.28205,-0.182,-0.063637,0.024774,0.086002,0.15555,0.24989,0.26749,0.21663,-0.014367,-0.35496,-0.57225,-0.53323,-0.24257,-0.19602,-0.28271,-0.27827,-0.26077,-0.32085,-0.3641,-0.30105,-0.19641,-0.11124,-0.1126,-0.094692,-0.079467,-0.072211,-0.0043942,0.036647,-0.0050522,-0.00059747,-0.010181,0.038379,0.14375,0.2056,0.18463,0.082231,0.017533,0.11389,0.16115,0.082345,-0.0077624,-0.042842,0.0059851,0.066769,-0.34879,-1.2507,0.032921,-0.093309,1.1716,-0.37845,-0.19259,1.1889,-0.36687,0.29124,1.5997,-0.17755,-0.013544,0.44514,-0.035672,0.15399,0.063624,0.24875,0.26409,0.065357,0.11476,-0.38045,0.13849,-0.16436,-0.013207,-0.029363,-0.25008,0.13238,0.27447,-0.2981,2.4969,0.22676,0.80092,0.88479,-1.8794,-0.3432,0.89456,-1.0831,-0.26085,0.1478,0.50848,-0.037999,-0.92033,0.11399,-0.18867,0.24187,0.03521,0.31071,-0.44941,0.29628,0.56143,0.11702,0.013071,0.058382,0.10753,0.28455,0.24159,0.19426,0.040589,-0.39152,2.3424,0.37156,-0.38023,0.55488,0.34418,0.45476,0.75472,-0.64416,0.55405,-0.26379,0.079763,-0.65395,0.57504,-0.15797,-0.1569,0.04866,-0.17342,0.57936,0.25492,-0.36123,0.28198,-0.22956,-0.11776,0.31603,0.012624,0.031633,0.32022,-0.12517,0.095984,-0.10796,0.10446,0.66075,-0.97741,-0.53235,-0.3172,-0.80043,-0.66806,0.59823,0.35941,-0.027149,-0.069571,0.3005,0.1953,-0.32263,0.31347,-0.26922,0.16424,-0.24615,-0.058235,0.3094,-0.37338,-0.082594,-0.10469,-0.084808,0.28177,-0.14003,-0.23606,-0.20371,-0.17193,0.0048744,2.952,-0.29005,-0.41038,-0.98626,0.39607,-1.1899,-0.18132,-0.20609,-0.052777,0.18208,-0.47702,0.014651,-0.36873,0.10768,0.3725,0.062897,-0.022368,-0.56329,-0.19925,0.47395,-0.061541,-0.46127,0.11769,-0.028192,-0.062544,0.068034,-0.24284,0.089928,-0.21449,0.0027822,0.24627,0.66734,0.71002,0.19043,0.60765,0.87845,0.4382,-0.52558,0.5026,-0.057172,-0.25995,-0.083844,1.0629,0.35813,0.11306,0.47059,0.15866,-0.17907,-0.034121,0.1221,-0.16859,0.034533,0.088021,0.028738,-0.019865,0.26396,0.041422,-0.14999,0.15683,0.11064
0.25,0.31359,0.071871,-0.12962,-0.1656,-0.012179,0.17142,0.21321,0.13668,0.089017,0.085745,0.070021,0.10092,0.1339,0.11956,0.01142,-0.1218,-0.18404,-0.16659,-0.089883,-0.028351,-0.043528,-0.10219,-0.14349,-0.15487,-0.11736,-0.033794,0.049065,0.099171,0.094042,-0.18173,-0.37516,-0.33141,-0.39015,-0.3168,-0.2254,-0.19578,-0.19585,-0.2568,0.036169,0.17184,0.15711,0.20053,0.1918,0.17318,0.15623,0.073644,0.014474,0.060234,0.026079,-0.066015,-0.14046,-0.097434,-0.0066139,0.0091212,-0.029719,0.19553,0.36501,0.34392,0.2589,0.16831,0.15595,0.16667,0.10631,0.024653,0.016078,0.001404,0.015379,0.051421,-0.061529,-0.14267,-0.12206,-0.12727,-0.1382,-0.094737,-0.021782,-0.0030728,0.00076003,-0.011201,-0.11319,-0.20813,-0.18962,-0.060175,0.1283,0.24587,0.24367,0.19794,0.16861,0.097588,0.078687,0.13004,0.16487,0.1664,0.027624,-0.11679,-0.1351,-0.087432,-0.066838,0.05983,0.19614,-0.035129,-0.30039,-0.29066,-0.18445,-0.1396,-0.17002,-0.26623,-0.37727,-0.40162,-0.28519,-0.10023,0.034597,0.17744,0.25225,0.222,0.14852,0.068114,0.013164,0.033372,0.098545,0.15108,0.13296,0.075565,0.080182,0.090309,0.077464,0.086518,0.095048,0.059638,0.07068,0.20972,0.60451,0.75643,0.37157,0.01254,-0.1154,-0.177,-0.20118,-0.13705,-0.37237,-0.60298,-0.50258,-0.082737,0.217,0.28911,0.28109,0.31448,0.39547,0.45154,0.39223,0.18172,-0.14703,-0.45035,-0.59386,-0.62373,-0.609,-0.64574,-0.54942,-0.24826,-0.034342,-0.069499,-0.11694,-0.084326,0.032182,0.17309,0.1945,0.17045,0.1598,0.065128,-0.098307,-0.10484,-0.060121,-0.036914,-0.016039,0.0047307,-0.010361,-0.022404,-0.04721,-0.0725,-0.028711,0.0050239,-0.029078,-0.094993,-0.082905,-0.061197,-0.10119,-0.059154,-0.0099722,0.12291,0.27003,0.3117,0.28561,0.19815,0.26271,0.29915,0.2424,0.23245,0.21577,0.31564,0.4404,-0.37107,0.32787,-0.18061,0.19192,-0.28225,-0.02279,0.36946,0.18008,-0.71381,0.45779,0.54813,-0.016078,0.18116,-0.29395,-0.51035,-0.23484,0.022936,0.24238,0.58665,0.078981,-0.29328,0.087898,0.31898,-0.19905,-0.23503,0.090966,-0.26321,0.1895,-0.048157,0.14965,2.5208,0.0066283,-0.92974,1.8949,-0.78223,-0.30083,0.43861,-0.21806,-0.37144,-0.48629,-0.079859,-0.24218,-0.29631,-0.27201,0.099439,-0.019248,-0.11298,0.40602,0.19606,-0.015974,0.13094,-0.13672,0.20664,0.085611,0.048954,0.19336,0.15636,0.31535,-0.15688,-0.02988,2.7803,-1.3034,-0.38417,-0.10339,-0.12131,0.89433,-0.12627,-0.74385,0.25468,-0.18481,0.017137,0.16376,0.19303,-0.4803,0.29872,-0.19775,-0.0099447,-0.3718,-0.26057,-0.37649,-0.069299,-0.39205,0.055172,0.39385,0.54098,0.16353,-0.1217,0.17154,-0.037688,-0.56732,0.078906,-0.68271,0.37519,-0.13837,0.081251,-0.11364,0.052998,0.46894,-0.14406,-0.18224,-0.11299,0.31112,0.077654,-0.36901,0.44655,0.15192,-0.1141,0.19791,0.36405,-0.23002,0.11289,-0.23952,0.19787,0.12719,-0.02439,-0.20002,-0.20203,-0.27129,0.011385,-0.18394,3.1114,1.6387,0.53068,0.30603,0.66413,-0.19621,-0.28015,0.20434,-0.26057,-0.72815,-0.1795,0.48151,0.083062,0.085307,0.27152,0.1518,-0.074699,-0.31388,0.077274,0.30249,-0.20686,-0.28041,0.12425,0.33544,-0.0027493,-0.016705,0.23645,0.2135,0.019457,-0.014843,0.032539,-0.7367,-0.36143,-0.094057,0.056228,-0.021249,0.27587,-0.3044,-0.13952,0.15767,-0.2305,0.040226,0.39797,0.17707,-0.02351,0.30528,-0.4276,0.074471,-0.30157,-0.55185,0.0068389,-0.0026849,0.23771,0.066492,0.034693,-0.35579,0.38722,-0.53686,0.10884,-0.094864
-0.0032464,0.081554,0.1799,0.12749,-0.03568,-0.054162,0.096457,0.13694,0.16105,0.20138,0.17301,0.13349,0.14829,0.19651,0.20608,0.16578,0.0027305,-0.18263,-0.25359,-0.23099,-0.1865,-0.19528,-0.26636,-0.32701,-0.25334,0.017484,0.17634,0.085892,0.079551,0.16796,0.29398,0.3701,0.45375,0.27913,0.12576,0.18097,0.16357,0.08684,0.032227,-0.0031234,-0.044812,-0.061084,-0.066129,-0.081457,-0.12494,-0.17013,-0.056587,0.1096,0.1791,0.17826,0.1206,-0.026147,-0.088789,0.005801,0.018692,-0.026697,-0.02743,-0.016069,-0.043269,-0.051308,-0.053238,-0.059908,-0.020748,0.036256,0.025471,-0.0022005,0.015615,0.064481,0.15318,0.1615,-0.21807,-0.53367,-0.51134,-0.28141,-0.0825,-0.019281,-0.043163,-0.039264,-0.03432,-0.033131,0.019846,0.085151,0.15532,0.21611,0.22354,0.18215,0.15705,0.14093,0.15403,0.18594,0.23631,0.27787,0.18438,0.11813,0.072041,-0.098267,-0.2103,-0.1923,-0.038188,0.063372,0.38303,-0.041693,-0.26097,-0.29442,-0.25571,-0.19746,-0.26195,-0.36458,-0.23252,-0.00048265,0.030352,0.15854,0.28592,0.32109,0.28938,0.20528,0.18456,0.1495,0.079564,0.0914,0.13607,0.14122,0.075381,-0.00067478,0.024682,0.098077,0.099607,0.079683,0.072195,0.074018,-0.091091,-0.1065,-0.054076,-0.21506,-0.40375,-0.49735,-0.43517,-0.33193,-0.18498,-0.060841,0.0040221,0.042451,0.043282,0.022767,0.0069435,0.033243,0.052808,0.13105,0.2465,0.25709,0.11269,-0.20666,-0.52261,-0.6706,-0.65578,-0.56993,-0.41127,-0.25513,-0.15688,-0.097722,-0.064675,-0.045787,-0.051537,-0.033173,0.066901,0.15307,0.13884,0.15004,0.17431,0.079968,-0.099572,-0.07273,-0.069924,-0.1511,-0.17086,-0.09706,-0.010492,0.022908,0.042695,0.045329,0.0098296,-0.059196,-0.036648,0.012493,-0.030303,-0.0054244,0.020108,0.11349,0.20133,0.21604,0.25052,0.22533,0.4662,0.58284,0.44013,0.21191,0.015418,0.015397,0.17936,0.30983,-0.58493,-0.12534,-0.77291,0.44349,0.0087074,-0.27998,0.36588,-0.23179,-0.071966,0.66832,1.1491,-0.11398,0.08746,0.5007,0.25266,0.14927,0.11101,0.18995,0.13359,0.22676,-0.043932,0.1154,-0.21394,-0.22218,-0.085431,-0.025676,-0.073797,-0.18489,0.11421,0.073767,1.3478,-1.6309,-0.042468,-0.71292,-1.4701,-0.24686,0.54176,0.401,-0.030173,0.69167,0.59138,-0.18607,-0.72057,-0.054187,-0.080342,0.018349,0.061024,0.34576,0.039621,-0.022141,-0.14427,0.41853,0.35277,-0.092334,-0.43075,0.058025,-0.22552,-0.097656,0.024355,-0.09873,2.8439,-1.1355,-0.089517,-0.36668,0.098357,0.34446,-0.43418,-0.55663,0.13778,-0.28918,-0.70251,-0.19192,0.13462,0.24156,-0.044338,-0.2484,0.12382,0.10481,0.2033,-0.18158,0.21781,-0.1449,0.22566,-0.0040856,0.29928,-0.16799,-0.059107,-0.25901,-0.010484,0.10818,-0.14972,-0.27498,0.38474,0.055149,0.41184,0.31132,0.33477,0.12479,0.3892,-0.20265,0.30215,0.23594,0.16922,-0.34797,-0.11749,-0.093948,0.16022,0.036457,0.038551,-0.095055,0.010349,-0.01836,0.053591,-0.10644,-0.11321,0.18761,-0.11898,-0.18193,0.092916,-0.13088,3.2955,0.58409,0.95927,-0.10066,0.90822,-0.00068485,-0.14575,0.62711,0.33822,-0.047446,-0.29921,-0.462,-0.17576,-0.16354,0.11463,-0.044353,-0.19807,0.11056,-0.090059,0.22572,-0.14495,0.20946,0.26231,-0.073645,0.18298,0.013344,0.19664,-0.13823,-0.0040053,-0.082376,-0.20483,-0.27896,-0.52424,-0.29874,-0.031991,-0.38778,0.212,-0.41047,-0.18676,-0.54941,-0.045987,-0.074224,0.37979,0.45971,-0.3933,-0.021363,0.11813,0.15187,-0.38305,-0.24971,-0.073649,-0.094398,0.10845,0.1717,-0.18002,-0.068733,0.20051,0.028753,0.0071031,-0.037027
-0.048759,0.045696,0.14037,0.052742,-0.046141,-0.031235,0.049924,0.16492,0.21893,0.16544,0.098559,0.06709,0.077156,0.0048061,-0.087078,-0.11576,-0.14512,-0.16749,-0.1392,-0.081553,-0.048512,-0.10201,-0.22632,-0.29761,-0.28047,-0.18996,-0.06699,0.020935,0.080184,0.15669,0.3965,0.42603,0.40574,0.26777,0.12439,0.19697,0.20102,0.13463,0.10505,0.085204,0.029574,-0.004488,-0.022783,0.10907,0.21178,0.19652,0.20394,0.24259,0.28557,0.25071,0.15993,-0.0050236,-0.071988,0.021989,0.035715,-0.008412,-0.060536,-0.098199,-0.12687,-0.085437,-0.030159,-0.010612,0.010081,0.021642,0.0010106,-0.028423,-0.036372,-0.0092902,0.052849,-0.11641,-0.28767,-0.31762,-0.28603,-0.22724,-0.14583,-0.03461,0.023528,-0.061144,-0.16259,-0.22762,-0.23986,-0.17109,-0.060273,0.094551,0.21584,0.23079,0.19944,0.17367,0.10902,0.11698,0.1856,0.23387,0.2564,0.1662,0.052645,-0.016563,-0.15549,-0.24726,-0.1463,-0.057684,0.50025,-0.064865,-0.30578,-0.20727,-0.082559,-0.10319,-0.20181,-0.23272,-0.20639,-0.20733,-0.11358,0.04661,0.17395,0.26275,0.27213,0.22572,0.19803,0.18503,0.14869,0.12981,0.15411,0.16155,0.10185,0.014348,0.0075294,0.055101,0.045258,0.008011,0.014119,0.01452,-0.18649,-0.32386,-0.42815,-0.52021,-0.63292,-0.74301,-0.66166,-0.51338,-0.36262,-0.27336,-0.23623,-0.17827,-0.093837,0.041162,0.198,0.32987,0.40506,0.44951,0.46341,0.38437,0.15584,-0.21833,-0.5543,-0.71192,-0.72061,-0.65953,-0.55345,-0.41745,-0.25816,-0.046164,0.19635,0.36508,0.42222,0.37776,0.30939,0.24298,0.19798,0.26533,0.17182,-0.063517,-0.05067,-0.0012877,0.0086602,0.00032798,-0.045317,-0.066722,-0.032346,-0.026075,-0.021408,0.0094689,0.0084061,-0.055714,-0.1123,-0.073881,-0.05129,-0.10858,-0.083424,-0.038482,0.1512,0.35991,0.41052,0.3846,0.3116,0.30749,0.28377,0.1772,0.104,0.086375,0.20495,0.33381,-0.7874,0.58596,-0.91722,0.45779,-0.051767,-0.089962,0.017102,0.40696,-0.31491,0.36743,0.95801,-0.0032,-0.16964,-0.09532,-0.0047046,-0.17262,0.15965,0.073396,0.37095,0.17683,-0.22443,-0.090927,0.36991,-0.4728,0.067357,-0.15006,0.25323,0.054374,-0.079664,-0.13816,2.7357,-0.57791,-1.3437,0.96038,-0.99059,-0.036322,-0.19722,-0.28558,-0.33258,-0.041487,-0.0016689,-0.17362,-0.43987,0.019412,0.48702,-0.12407,-0.072245,0.73605,-0.096674,0.10052,0.013862,0.057511,-0.26895,-0.1216,-0.098201,0.23359,0.16106,0.05472,0.40668,-0.26912,2.7348,-1.637,-0.51668,-0.90085,0.04042,0.46956,0.022922,-0.74318,0.40832,-0.10985,0.20173,-0.081315,-0.046638,-0.27678,0.012401,-0.19307,0.014694,0.19902,0.010363,-0.18903,0.24545,0.099824,-0.12263,-0.42551,0.2363,0.040862,0.12136,0.058284,-0.046289,-0.15375,0.13133,-0.49002,1.0575,0.25692,0.10174,-0.06401,0.042504,0.43384,0.11411,0.19857,-0.027604,0.20589,0.12308,-0.1195,0.36323,0.11245,0.071367,-0.1172,-0.27803,-0.41056,0.32724,0.20355,-0.20932,0.26374,-0.23403,0.13913,-0.19613,0.037405,-0.2217,-0.13793,3.4195,1.087,1.6329,0.10306,0.58946,-0.25561,0.06158,0.33769,0.020118,0.079564,-0.41201,-0.22683,0.017373,0.59107,0.083216,0.26805,-0.062653,-0.063793,-0.13398,0.28708,-0.13604,-0.20446,-0.21361,-0.41943,0.21281,0.16044,0.16554,0.011644,-0.070577,-0.016984,0.12567,-0.60366,-1.1682,-0.10536,-0.29702,-0.021685,0.13796,-0.59303,-0.26101,-0.19366,-0.16592,0.035021,0.40651,0.0021879,0.23994,0.21247,-0.069041,0.076446,0.014882,-0.23577,0.30831,0.062768,-0.098744,0.26129,-0.46131,0.002711,0.11882,0.018725,0.33238,0.028558
0.50022,0.59608,0.43726,0.12204,-0.12355,-0.12467,0.075079,0.25722,0.27295,0.22696,0.12713,0.087694,0.12531,0.15706,0.14304,-0.014769,-0.18447,-0.246,-0.24823,-0.17839,-0.12023,-0.18459,-0.30048,-0.2909,-0.12693,-0.0036992,-0.022641,-0.026838,-0.012952,-0.0092298,0.21012,0.40655,0.47432,0.2842,0.12672,0.1793,0.15115,0.057549,0.0041168,-0.0060107,-0.012193,-0.010857,-0.020901,-0.037794,-0.059407,-0.07308,-0.036379,0.028,0.059509,0.026868,-0.00091602,-0.005252,0.060355,0.14705,0.14967,0.092972,0.0098748,-0.040329,-0.048321,-0.04154,-0.031098,-0.021533,-0.0080539,0.12854,0.22099,0.15478,0.13075,0.07863,-0.026305,0.030193,-0.17025,-0.36194,-0.37929,-0.22932,-0.024018,0.089232,0.090236,0.06268,0.037252,0.034396,0.075399,0.14901,0.21183,0.23316,0.19664,0.16749,0.062689,0.012311,0.059473,0.094987,0.11222,0.11641,-0.065676,-0.2435,-0.25864,-0.25106,-0.27336,-0.28138,-0.087236,0.085166,-0.23371,-0.28659,-0.21264,-0.23132,-0.24978,-0.26144,-0.19337,-0.094609,-0.17246,-0.1894,-0.071089,0.11113,0.22494,0.26613,0.21713,0.17014,0.12886,0.07954,0.083801,0.14526,0.20741,0.14818,0.024241,0.011313,-0.023942,-0.10588,-0.12056,-0.11819,-0.098982,-0.03984,-0.041319,0.0458,0.0026881,-0.19332,-0.40749,-0.50918,-0.42556,-0.28337,-0.078853,0.058131,0.047398,-0.0047689,-0.04503,-0.042628,0.078208,0.29932,0.44387,0.46353,0.42602,0.35621,0.21083,-0.11909,-0.45977,-0.59569,-0.55958,-0.43657,-0.2561,-0.11459,-0.057773,-0.027082,0.0082889,0.047141,0.08845,0.20757,0.37195,0.48083,0.4415,0.23844,0.026653,0.068151,-0.11587,-0.19042,-0.16358,-0.18615,-0.19407,-0.17002,-0.14159,-0.11213,-0.093391,-0.092119,-0.068762,0.028139,0.068204,0.00091717,0.014181,0.040361,0.16606,0.33308,0.40334,0.39678,0.33725,0.21643,0.10548,0.024366,-0.033341,-0.043064,-0.018769,0.013581,0.19135,0.36293,-0.53785,-0.1147,-0.79738,0.38773,-0.48942,0.15836,0.43402,0.14537,-0.027301,0.59273,1.0381,-0.034979,-0.090855,0.37337,0.24616,-0.1749,0.14599,0.25942,0.033485,-0.36944,-0.17702,0.25191,-0.064607,-0.32338,-0.029188,0.019318,-0.067887,-0.062335,-0.069145,-0.087246,1.7141,-1.8098,-0.16957,-0.71104,-1.1116,-0.17756,0.56464,0.1868,-0.055246,0.43887,0.12088,-0.33783,-0.28029,0.19695,-0.051604,-0.25551,0.1294,0.3181,-0.12131,-0.16232,-0.14522,0.024832,0.0079064,0.075657,0.028735,-0.025592,-0.061904,0.035493,-0.055644,-0.076019,2.5796,-0.98135,-0.8846,-0.92974,0.53403,0.67468,-0.42296,-0.24891,0.45552,0.198,-0.19587,0.34283,-0.053078,0.38119,-0.26983,0.092374,0.081397,-0.28702,-0.24057,-0.22105,-0.22347,0.033023,-0.093745,0.55979,0.026849,0.17377,0.22495,-0.03732,-0.10016,0.21817,-0.07688,-0.66418,0.46892,0.20276,0.22378,0.52181,0.02153,0.27943,-0.12819,-0.17935,-0.049575,0.12687,0.2533,0.2565,-0.18198,0.024704,-0.058039,0.26828,0.10743,-0.35,-0.064162,0.11966,0.010941,-0.36369,-0.0031045,0.12141,-0.24065,-0.095563,-0.12233,0.011815,2.9163,1.4593,0.61917,0.62388,0.10313,0.058473,-0.24803,0.17355,0.21543,-0.093004,-0.042039,0.46294,-0.60211,0.16792,-0.24299,-0.08534,-0.30456,0.16113,-0.13149,0.25298,-0.26353,0.041013,0.13238,-0.013181,-0.025955,-0.28073,0.22341,-0.20185,-0.29453,0.32227,-0.10529,-0.53185,-0.57007,-0.10935,-0.19844,-0.29955,-0.14645,-0.43229,-0.16671,-0.1039,0.3489,0.27201,0.21533,0.096888,-0.35566,-0.10294,-0.17514,0.10942,-0.27953,-0.44682,0.077786,0.033271,0.27802,0.048006,0.081623,-0.061155,0.1739,0.015496,0.11129,0.26028
0.61671,0.5702,0.26889,-0.055595,-0.16716,-0.064612,0.1463,0.26881,0.23417,0.15898,0.092396,0.09585,0.15803,0.17617,0.13173,0.059663,-0.10327,-0.26436,-0.30532,-0.27308,-0.23546,-0.21473,-0.15468,-0.037866,0.047799,0.067673,0.11472,0.11352,0.077,0.19717,0.36934,0.25754,0.062592,0.048107,0.12538,0.17583,0.14691,0.060146,-0.00097963,-0.037349,-0.072976,-0.080619,-0.090662,-0.12824,-0.17471,-0.19958,-0.13464,-0.025766,0.03435,0.0072489,-0.081053,-0.079951,0.045047,0.13663,0.14593,0.098023,0.023945,0.10297,0.19469,0.19795,0.10312,-0.0073771,0.0087514,0.012118,0.009739,0.019647,0.025358,-0.0051273,-0.093635,-0.22026,-0.22897,-0.13467,-0.046004,0.0014247,0.053565,0.17327,0.29526,0.30805,0.26486,0.23329,0.19694,0.17371,0.19535,0.20972,0.19703,0.18308,0.16625,0.14935,0.15346,0.024996,-0.033563,-0.00075744,-0.052999,-0.19437,-0.31683,-0.34024,-0.31025,-0.18993,0.025828,0.13764,-0.70318,-0.49391,-0.223,-0.17808,-0.21493,-0.27639,-0.24458,-0.13851,-0.16193,-0.11561,-0.04689,0.04652,0.14146,0.16207,0.11954,0.052768,0.052466,0.031466,-0.010633,0.018397,0.052667,0.076455,0.12377,0.15152,0.1326,0.10361,0.15171,0.20878,0.18332,0.10652,-0.035371,0.18823,0.18706,-0.12482,-0.43443,-0.49495,-0.39926,-0.27834,-0.12686,-0.00043589,0.058805,0.065838,-0.023188,-0.10713,-0.096307,-0.0066217,0.15519,0.32432,0.43558,0.42115,0.23929,-0.10486,-0.44088,-0.59678,-0.60943,-0.53723,-0.38683,-0.21201,-0.057195,0.040054,0.099383,0.15781,0.19367,0.16774,0.099217,0.0092424,-0.04627,-0.080272,-0.1203,-0.12285,-0.078721,-0.10332,-0.14314,-0.12749,-0.097334,-0.10249,-0.11807,-0.11785,-0.12901,-0.13325,-0.027648,0.060458,-0.0195,-0.093857,-0.059089,0.0062884,0.016515,0.071474,0.084413,0.28792,0.46731,0.43067,0.26271,0.11575,0.014914,-0.047138,-0.035804,0.06131,0.23981,0.36037,-0.28145,-0.5299,0.037533,0.29784,0.10146,-0.17207,0.41264,0.19873,-0.29384,0.71671,0.93977,-0.15786,0.11327,0.29653,0.60691,0.0040647,-0.020862,0.11615,0.29805,-0.018392,0.010874,-0.05247,0.32415,-0.16956,0.00092514,0.12498,-0.085913,-0.10659,0.094958,-0.21284,1.2896,-1.8243,0.52006,-0.37891,-1.838,-0.19886,0.7115,-0.27995,-0.040985,0.53572,0.39316,-0.12489,-0.50044,-0.14275,-0.39254,-0.0046806,0.0074342,0.43857,0.2071,-0.15778,-0.17782,0.0033671,0.11046,0.1084,0.048743,0.23337,0.17453,0.21245,0.084908,-0.21511,2.5628,-0.55221,-1.0904,0.1899,-0.099954,-0.63131,0.040827,-0.59793,0.38814,0.20241,-0.59578,-0.10044,-0.13766,0.30283,-0.20531,-0.47384,0.2925,-0.12473,0.23242,-0.11019,0.4682,-0.1275,-0.0724,0.40544,0.12727,0.088714,-0.1908,-0.016351,0.0058962,-0.24562,-0.27119,-0.42009,-0.30834,-0.28341,0.067902,-0.07569,-0.045076,0.3307,0.13857,-0.31203,0.30496,0.029826,0.10989,-0.062439,-0.06189,-0.098514,0.081242,0.29181,0.11086,0.046906,-0.08283,-0.2125,0.22256,-0.052391,-0.098925,0.03433,-0.35923,-0.19179,-0.2216,0.060204,2.5664,1.8858,-0.2287,-0.064142,-0.43364,-0.34437,-0.99787,-0.018871,0.013371,-0.76034,-0.20289,-0.17648,-0.41978,0.072399,0.29014,-0.073819,-0.12874,-0.028156,-0.14006,0.21994,0.099648,-0.14522,0.19167,-0.42879,-0.028945,-0.43388,0.30825,-0.034029,0.16659,-0.094545,-0.25186,-0.41625,0.21365,-0.02509,0.20086,0.28522,0.34271,-0.29686,-0.027831,-0.0285,0.24655,-0.23404,0.2582,0.2831,-0.32712,0.096303,0.096317,0.051004,-0.48984,-0.22723,-0.15938,0.045834,0.11899,0.0009947,0.049643,-0.14014,0.11202,-0.3021,0.35186,-0.018914
0.21774,0.47681,0.4115,0.24589,0.17328,0.21044,0.20917,0.12963,0.049104,0.033516,0.051338,0.057269,0.077801,0.096192,0.095502,0.018341,-0.10982,-0.24837,-0.33004,-0.32144,-0.3226,-0.34288,-0.26667,-0.091577,0.00086902,-0.0025696,-0.025598,-0.018378,-0.017066,-0.043232,0.3158,0.52501,0.61689,0.41619,0.21412,0.23538,0.18049,0.09988,0.05353,0.021474,-0.0072993,0.10374,0.18281,0.14329,0.14209,0.0019622,-0.12037,-0.039416,0.034154,0.029989,-0.044099,-0.12627,-0.095529,-0.0090586,-0.0056399,-0.056503,-0.075701,-0.072526,-0.092941,-0.097582,-0.064758,-0.01775,0.0078572,0.014602,0.0060518,0.18539,0.36443,0.18978,-0.01433,0.032641,-0.076071,-0.15296,-0.36352,-0.57213,-0.65674,-0.54816,-0.18961,0.1221,0.086359,-0.12145,-0.18369,-0.010332,0.17953,0.2214,0.20191,0.13763,0.10102,0.094523,0.10318,0.13089,0.14783,0.043171,-0.00029855,0.070936,-0.01454,-0.14327,-0.21408,-0.23207,-0.038745,0.13299,-0.014176,-0.34763,-0.36756,-0.24344,-0.15002,-0.19614,-0.27223,-0.22874,-0.10608,-0.014534,0.088869,0.144,0.18585,0.20858,0.1862,0.13993,0.062215,0.00063118,-0.01561,-0.028121,-0.060015,-0.092449,-0.058152,0.011246,-0.019287,-0.089908,-0.10855,-0.10484,-0.086057,-0.033144,-0.22643,-0.15502,-0.079564,-0.20549,-0.32569,-0.33904,-0.22834,-0.13472,-0.12747,-0.14237,-0.13887,-0.042439,0.22424,0.42821,0.28681,0.068836,0.061724,0.21316,0.3463,0.37978,0.24499,-0.085269,-0.41814,-0.54843,-0.51959,-0.42969,-0.31487,-0.24282,-0.20141,-0.14223,-0.017392,0.16881,0.32455,0.40208,0.38062,0.27888,0.17022,0.14333,0.18911,0.20713,0.13875,0.14038,-0.00065071,-0.072439,-0.0034933,-0.020258,-0.091355,-0.11414,-0.09264,-0.02837,-0.016446,-0.013142,-0.026921,-0.10875,-0.13648,-0.054387,0.051626,0.068491,0.12158,0.15614,0.12836,0.27131,0.39959,0.35826,0.23716,0.12116,0.065186,0.077641,0.24966,0.41344,-0.36975,0.31945,-0.88777,0.27974,-0.31416,-0.39152,0.48093,-0.23559,0.048043,0.10948,0.42563,0.07623,-0.17186,0.8866,-0.082033,0.43182,0.11202,0.65081,-0.03128,-0.088706,-0.055385,0.019245,-0.080705,-0.48672,0.033905,-0.30553,0.30864,0.26127,0.038453,0.13531,1.4825,-1.8863,-0.65712,-0.702,-1.4884,0.077653,0.16981,0.75589,-0.23378,0.10472,0.17867,0.23025,-0.67708,0.10749,0.16719,0.053673,0.00083553,-0.012137,-0.48296,-0.18908,-0.17949,0.42144,-0.23695,-0.3907,-0.14354,0.25043,-0.039831,-0.13627,0.24032,-0.31033,2.5399,-1.3789,-0.16023,-0.86432,0.48925,1.0276,-0.64743,0.14922,0.11374,0.02777,-0.23661,0.16816,0.11778,-0.037667,-0.4423,0.41113,-0.27811,0.26782,-0.28455,-0.14098,-0.12394,0.17388,0.1535,-0.3042,0.12022,0.19317,0.14895,0.055791,-0.093333,-0.024651,-0.16725,-0.50874,0.75068,0.13482,0.52227,0.30263,0.37405,-0.098316,-0.31587,-0.51758,-0.4067,0.075396,-0.025915,-0.17119,-0.27781,-0.29177,0.25423,-0.33176,-0.41438,-0.30453,-0.11319,0.37907,-0.31613,0.027246,0.18099,0.17369,-0.052566,-0.097085,0.013811,-0.06515,2.8745,1.7003,1.1826,0.31943,-0.47521,0.3605,-1.0917,0.43715,0.15045,0.18455,-0.29844,-0.22389,0.23356,-0.011368,0.13109,-0.1906,0.05842,0.28424,0.033511,0.13664,0.10895,-0.24361,0.033159,-0.4391,0.025012,0.20084,-0.35228,-0.11395,-0.26922,-0.1101,-0.2662,-0.54989,-0.93418,-0.20477,-0.12674,-0.87345,0.49079,-0.3727,0.056055,0.198,-0.22768,-0.071937,-0.025501,0.27642,-0.18771,-0.18548,0.057165,0.058095,0.18891,0.1986,-0.081229,-0.11132,0.32113,-0.056839,-0.44041,0.016956,-0.15243,0.12735,-0.091537,0.1594
-0.020483,-0.00028907,0.05137,0.049188,-0.034415,-0.0474,0.08553,0.20172,0.20642,0.15329,0.0822,0.032268,0.053924,0.11261,0.15407,0.14494,0.013293,-0.097554,-0.067716,-0.039958,-0.24279,-0.21038,0.045644,0.17194,0.12789,-0.0053672,-0.10173,-0.073697,0.0053134,0.030289,0.22553,0.1605,0.25864,0.38903,0.20661,-0.023092,-0.04364,-0.068993,-0.088448,-0.10535,-0.10188,-0.10897,-0.080708,-0.084909,-0.14455,-0.17455,0.029582,0.25083,0.27409,0.21501,0.037788,-0.11399,-0.070397,-0.04016,-0.013258,0.0093275,-0.01029,-0.021653,-0.017436,0.11464,0.24133,0.2745,0.29654,0.13772,-0.059906,-0.059162,-0.11819,-0.19206,-0.21583,-0.25283,-0.13399,0.01761,0.073182,0.023096,-0.11452,-0.22506,-0.22408,-0.17017,-0.10801,-0.042441,0.040392,0.12151,0.17982,0.19751,0.16413,0.1391,0.12755,0.10869,0.10521,0.060145,0.046213,0.086391,0.11761,0.084743,0.052223,0.054972,0.0045189,-0.11001,-0.58092,-0.86441,0.26602,0.015569,-0.14237,-0.17484,-0.090017,-0.021814,-0.080808,-0.15862,-0.23081,-0.2425,-0.20182,-0.054616,0.13788,0.25268,0.28102,0.23214,0.26324,0.3142,0.33166,0.31316,-1.6007,-1.6837,0.24707,0.3162,0.23771,0.16527,0.12544,0.079604,0.059164,0.059452,-0.30951,-0.4808,-0.31674,-0.013571,0.082367,0.042866,0.038619,0.027584,0.011638,0.033507,0.0059697,-0.00246,-0.087675,-0.19524,-0.21071,-0.12773,0.032457,0.18252,0.19299,0.068596,0.019801,-0.0016872,-0.15313,-0.17784,-0.16826,-0.16982,-0.12974,-0.086331,-0.07759,-0.13076,-0.084881,0.082672,0.17098,0.10595,0.005963,-0.076828,-0.067829,0.045769,0.03401,0.010441,0.038561,0.025469,0.0088433,0.025838,0.00045155,0.0010202,0.055985,0.091653,0.090562,0.06345,0.045429,0.0014348,-0.088628,-0.15901,-0.10897,-0.041984,-0.057626,-0.033917,-0.039739,0.045555,0.16099,0.18716,0.15933,0.20165,0.23474,0.19144,0.094566,-0.051169,-0.097185,-0.01532,1.7408,-0.78236,-1.5213,0.52922,0.82212,-1.8844,-0.067752,-0.12983,-0.79684,0.28506,0.22113,-0.11421,0.09791,0.48073,0.17511,-0.30787,-0.29567,0.59063,-0.19905,-0.36736,-0.11363,-0.12675,0.55708,-0.16383,-0.097917,-0.034888,-0.058753,-0.35382,0.01584,-0.099152,0.25117,0.43076,-0.10585,-0.65191,-1.7556,1.5501,0.48005,-0.094748,0.21086,-0.328,0.68812,0.22643,-0.18987,-0.71483,-0.20441,0.7008,-0.042388,0.77761,-0.23293,-0.022074,-0.3668,-0.38284,-0.89062,-0.35611,-0.84177,0.26742,0.12821,0.50008,0.12529,-0.27677,-0.51309,-0.70087,0.63377,-0.17435,-0.208,0.0066784,-0.25379,-0.13224,0.2195,-0.064235,-0.61434,0.0059001,-0.77958,-0.24101,-0.00095807,-0.053028,0.17302,0.017863,-0.16919,0.23852,-0.049483,0.2597,-0.28059,0.18674,-0.17292,0.52285,0.09824,0.11273,0.21385,-0.27926,-1.4042,1.7452,0.7804,-1.397,0.64316,0.60697,0.40037,0.78496,-0.46604,-0.25956,0.24351,-0.31753,0.13081,0.049322,0.03279,-0.56719,-0.66491,0.34333,-0.24021,-0.21189,0.36964,0.4784,-0.029658,-0.16202,-0.0015112,-0.073367,-0.3388,-0.0073465,-0.47011,-0.16097,0.070567,-0.083548,1.1512,-0.75418,-0.6769,0.38574,-0.25052,0.13987,0.13912,-0.25266,0.32171,-0.023409,-0.32842,0.30563,0.12927,0.20026,-0.23492,-0.17754,0.1166,-0.11473,-0.018012,-0.032151,-0.39144,-0.35267,0.29146,-0.33885,0.25047,0.12233,-0.25521,-0.11758,-1.4244,1.7686,-1.4248,-1.034,1.2155,-0.041852,0.00024162,-0.1063,-0.66193,0.37163,0.32842,-0.48906,-0.076638,0.39741,0.13734,-0.49587,0.084049,-0.173,-0.5074,-0.24701,0.084537,-0.030312,0.17512,0.042657,-0.10317,0.35884,0.13821,-0.27876,0.38979,0.20084
0.022764,-0.1462,0.15225,0.21928,0.16864,0.19565,0.27184,0.30583,0.24883,0.19356,0.13724,0.11764,0.13156,0.16384,0.1719,0.12595,0.05047,-0.010312,-0.029964,-0.084056,-0.59775,-0.62492,0.080319,0.166,0.016255,-0.10106,-0.039188,-0.015183,-0.02204,0.1012,0.12703,0.05882,0.035883,0.041132,-0.091125,-0.19611,-0.21156,-0.1475,-0.097975,-0.13295,-0.026233,0.047099,-0.036573,-0.10582,-0.12536,0.036132,0.19774,0.1635,0.016226,-0.0088349,0.070741,0.0066773,-0.086211,-0.11161,-0.14816,-0.16348,-0.12656,-0.043879,-0.0031915,0.010358,0.023134,0.018259,0.0024288,0.0011267,0.015752,0.0042655,-0.029935,-0.020514,-0.0058444,0.035603,0.033992,0.023022,0.037772,-0.0034574,-0.06182,-0.12986,-0.17637,-0.18376,-0.14623,-0.058956,0.057888,0.1749,0.23482,0.22301,0.13475,0.13225,0.21059,0.22623,0.22172,0.21575,0.12278,0.065688,0.09565,0.076071,0.045903,0.019241,-0.050302,-0.47241,-0.5184,0.45444,1.5943,1.1425,-0.25657,-0.44743,-0.45842,-0.2472,-0.0082774,-0.10166,-0.10602,-0.10291,-0.025295,0.06535,0.10953,0.18096,0.16992,0.16739,0.14986,0.096542,0.083151,0.039257,-1.2444,-1.1389,0.38036,0.44519,0.34064,0.35175,0.41966,0.42393,0.21995,-0.12395,-0.31173,-0.20962,-0.24189,-0.19606,0.16716,0.24694,0.2777,0.26922,0.12663,0.023183,-0.0065163,-0.17687,-0.34257,-0.40483,-0.33785,-0.15816,0.0071,-0.013109,-0.18476,-0.24774,-0.078827,0.12418,0.10163,0.067718,0.095578,0.13564,0.15813,0.048341,-0.080906,-0.071882,-0.026887,-0.022153,-0.060759,-0.077958,-0.090525,-0.067546,-0.055208,-0.040748,0.0021718,0.019832,-0.02292,-0.058128,-0.041712,-0.078818,-0.10404,-0.057204,0.0081949,0.066317,0.074566,-0.020916,-0.0705,-0.089863,-0.1843,-0.24847,-0.23466,-0.076253,0.066513,0.01905,0.029453,-0.020245,0.033247,0.10461,0.092326,0.24001,0.32864,0.26301,0.15331,-1.8167,-0.84446,1.2142,3.0661,-2.229,-0.84101,0.092625,-0.3213,-0.30262,0.65895,-0.20358,-1.2785,0.0088487,0.17571,-0.55377,-0.39285,0.81045,-0.5268,-0.084334,0.16258,0.6973,0.22242,0.23791,-0.16892,-0.056785,-0.22288,-0.14369,0.21829,-0.43361,0.18144,0.2732,0.23545,-0.45323,-1.4815,0.83721,0.83937,-0.17179,-1.2449,-1.1642,-0.29234,0.53204,-0.11779,0.23024,-0.10105,0.33771,-0.60707,-0.090388,-0.17624,-0.35578,-0.028256,0.19571,-0.44,0.26859,0.21062,0.097488,-0.3393,0.32252,0.27314,-0.10724,-0.19367,0.050365,0.44896,-0.063439,-1.4681,0.51409,-0.44368,-0.45653,-0.6474,-0.18949,-0.49816,0.064358,0.19661,0.20486,-0.41264,-0.42297,0.15006,-0.313,0.1645,-0.092264,0.13269,0.55793,0.57606,-0.032917,-0.27433,0.067247,0.27035,0.0087023,0.13196,0.13042,0.166,0.1428,-0.27166,-0.41108,-3.6351,0.68692,-1.1855,1.218,-0.036391,-0.54699,1.1267,-0.041889,0.24794,-0.38988,-0.0044602,0.35242,-0.3337,-0.26454,-0.082425,0.14568,0.0019874,-0.16083,-0.44479,0.23818,0.12903,0.29275,-0.42481,-0.28411,0.015933,-0.13767,-0.40817,-0.000634,-0.064957,0.20478,-1.0859,-0.065981,-0.19829,0.09447,-1.0142,0.10584,-0.43193,0.38602,0.51927,0.42595,-0.013817,-0.11564,-0.0024369,-0.089986,-0.2838,0.22642,-0.26626,-0.27613,0.0082742,0.35089,0.089918,0.12662,0.1278,-0.16855,-0.044435,-0.26049,0.12439,-0.23111,-0.27299,-0.0069776,-2.8528,0.57152,1.4881,1.1261,-1.6053,-0.51852,-0.25672,-0.38062,0.22518,0.34852,-0.58567,-1.0157,-0.02162,1.2126,-0.12096,0.71784,0.17492,-0.15533,-0.28668,0.50631,0.2028,0.016908,0.54118,-0.28504,0.2172,-0.011981,-0.032645,0.31013,0.308,0.086566
0.29487,0.16055,0.21159,0.16682,0.20648,0.19468,0.13263,0.10515,0.082251,0.039923,-0.0020384,0.016527,0.062648,0.060346,0.053136,0.053924,0.036572,0.0063921,0.0046198,0.0071564,-0.50071,-0.56703,0.12684,0.23094,0.13005,0.0077733,-0.041277,-0.035977,-0.025453,-0.0089058,0.032936,0.056593,0.098525,0.010085,-0.045701,-0.047158,-0.025613,-0.00090341,0.013279,0.060628,0.084958,0.064737,0.036186,0.0086347,0.036949,0.031595,0.0077089,0.047481,0.076814,0.064757,0.0040814,-0.027402,-0.026599,-0.092458,-0.16621,-0.17754,-0.11857,-0.10017,-0.12872,-0.11189,-0.086227,-0.066131,-0.049907,-0.044162,-0.049896,-0.051419,-0.037152,0.036081,0.1108,0.17788,0.2365,0.23655,0.17589,0.094915,0.047077,0.053262,0.09349,0.11809,0.075181,0.14395,0.31087,0.28699,0.15741,0.098803,0.10679,0.080388,0.071542,0.0049227,-0.043974,-0.03207,-0.018264,-0.04518,0.0063915,0.050851,-0.18495,0.017084,-0.013645,-0.28015,0.53102,0.9128,1.0039,0.054859,-0.37404,-0.34119,-0.27661,-0.30953,-0.2257,-0.093668,-0.11289,-0.10378,-0.074099,-0.0056112,0.058513,0.064941,0.14548,0.19988,0.17382,0.14985,0.15151,0.10121,-1.1616,-1.0032,0.38211,0.39785,0.30162,0.23242,0.23799,0.26851,0.2931,0.2371,0.06122,0.22961,0.3311,0.12359,0.00059258,0.070854,0.14933,0.12648,0.11313,0.05385,-0.032175,-0.10406,-0.15669,-0.16562,-0.13024,-0.013821,0.12397,0.20637,0.26981,0.30409,0.23146,0.026245,-0.076831,-0.0021959,0.087633,0.13154,0.13623,0.067897,0.029248,0.078615,0.096507,0.13266,0.20122,0.26095,0.26676,0.11521,-0.052682,-0.20205,-0.22576,-0.14521,-0.11344,-0.11776,-0.1231,-0.10173,-0.069997,-0.039046,-0.0092897,0.011131,-0.10675,-0.24069,-0.28029,-0.32516,-0.18959,0.005934,-0.029381,-0.011256,-0.0022695,0.065709,0.13469,0.13794,0.13573,0.35947,0.55824,0.48629,0.28279,-1.9446,-2.1582,-0.0031521,0.52375,0.66662,2.614,-2.3024,-0.023017,1.4168,-0.20331,-0.18726,0.62775,0.32393,-0.60285,0.022389,0.47452,0.030701,-0.28916,0.33813,4.921e-06,-0.11801,-0.090712,0.17513,0.069056,-0.23339,0.18256,0.095813,-0.030719,-0.30692,0.53057,-0.026213,-0.30603,0.027576,-0.046926,0.30462,-1.3798,0.42616,0.92058,0.77283,-1.4745,0.54894,0.67143,-0.0012964,0.11736,-0.13077,-0.14623,0.36999,-0.32046,0.06128,0.18694,-0.23825,-0.27622,-0.14684,-0.37444,-0.0009102,-0.04652,0.49486,-0.0060849,0.37845,-0.022862,0.11482,0.38484,0.023849,0.21032,0.11234,-1.0137,0.5313,-0.82599,-0.10493,0.13946,0.91349,-0.38375,0.0016717,0.3576,0.19893,0.48524,-0.047295,0.46916,-0.054139,-0.33197,0.10153,-0.02792,0.15449,0.19527,0.27221,-0.17951,-0.092,0.033756,-0.10062,-0.18487,-0.10173,0.17187,0.019972,0.070449,-0.14543,-3.7353,-0.046827,-1.1526,-0.23962,-0.38176,0.54393,0.02978,0.36921,-0.29519,0.16133,-0.22437,0.06622,-0.39751,0.14081,-0.32012,-0.3674,-0.24498,-0.24386,0.017675,0.3098,0.43495,0.50345,0.41866,0.13315,0.49863,0.08858,-0.19812,-0.0922,-0.048836,-0.26366,-0.49155,0.21876,-0.76989,0.21254,0.089463,-0.24571,-0.43592,0.12994,-0.062036,0.20021,-0.45602,-0.39269,0.23932,0.35396,-0.12797,0.43565,0.098925,0.15991,-0.049851,0.1436,0.46365,0.045652,0.020243,0.015626,-0.034796,-0.13224,0.053074,-0.014242,-0.45585,0.17766,-3.0087,-0.0099583,1.7716,0.94962,-0.87768,0.071951,0.83087,-0.68662,-0.23851,-0.28167,-0.15068,-0.12228,-0.084703,0.35212,0.29658,0.21349,-0.031865,0.58921,0.06492,-0.014121,0.24405,-0.10904,0.2386,0.21458,0.07042,0.6161,-0.38428,-0.17564,-0.35736,-0.16984
0.47886,0.4172,0.24857,0.13007,0.014264,-0.063321,0.0090671,0.10515,0.10193,0.068808,0.031993,0.0086654,0.029623,0.085152,0.14124,0.15761,0.036727,-0.096045,-0.1181,-0.12877,0.42218,0.10146,-0.4657,-0.081538,0.0010035,0.0476,0.0028727,0.036162,-0.018719,-0.13215,0.1005,0.16314,0.12341,0.19731,0.23383,0.19771,0.097633,0.011515,-0.012514,-0.022082,-0.03751,-0.0038482,0.0084748,-0.025324,-0.069986,-0.099812,0.054505,0.26075,0.34279,0.31575,0.21506,0.037678,-0.039944,0.044507,0.042343,-0.013789,-0.019313,0.0060825,0.0024632,-0.0015555,-0.013785,-0.016875,0.053113,0.12157,0.068451,0.022218,0.042145,0.057448,0.0040631,-0.081003,-0.062434,-0.10204,-0.14029,-0.26725,-0.40287,-0.44761,-0.39184,-0.2734,-0.16407,-0.10697,-0.045565,0.031256,0.069106,0.072622,0.061012,0.06927,0.072792,0.075555,0.087215,0.041495,0.014587,0.055583,0.096294,0.13836,0.054482,-0.020934,-0.074322,-0.38748,-0.18347,0.28768,-0.45662,-0.18838,0.083565,-0.082163,-0.23404,-0.21859,-0.15008,-0.07505,-0.1113,-0.11937,-0.10746,-0.021122,0.11421,0.2187,0.26861,0.2478,0.28546,0.3171,0.3018,0.23016,-2.0593,-2.0677,-0.057206,0.20226,0.26821,0.23646,0.24092,0.27259,0.23511,0.20121,0.045004,-0.30395,-0.43919,-0.41299,-0.21549,-0.11537,0.011953,0.097714,0.055474,-0.022903,-0.013502,-0.084077,-0.16022,-0.177,-0.16158,-0.079141,0.057382,0.26311,0.50336,0.53579,0.22303,-0.20374,-0.47464,-0.5647,-0.49984,-0.39318,-0.21287,-0.082014,-0.083418,-0.13631,-0.17429,-0.15467,-0.1035,-0.084457,-0.1118,-0.18258,-0.22056,-0.10189,-0.017112,-0.0072268,0.028984,0.033626,0.054636,0.020213,0.011232,0.072147,0.11498,0.12458,0.10023,0.021028,0.0090626,0.02617,-0.039846,-0.081171,-0.014032,0.061538,0.075906,0.12154,0.11694,0.16089,0.2186,0.22246,0.1943,0.12663,0.26744,0.40242,0.30023,0.035764,0.22344,0.54695,1.3559,0.36344,-1.4144,-1.0188,2.2417,-0.63131,1.0277,-0.48348,0.40283,0.15259,0.7936,0.37883,-0.0069244,-0.11379,0.83375,0.080459,-0.28375,0.11628,-0.24066,0.084598,-0.19202,-0.17476,-0.11031,-0.065831,0.11952,0.11057,0.1994,0.23831,0.18135,-0.18867,0.45725,0.43254,-0.51287,-0.9035,-3.6142,-1.3773,-0.54535,0.25778,-0.31915,0.72865,-0.42728,0.35597,-0.30441,0.012461,-0.14978,0.37296,-0.062107,-0.030989,0.28005,-0.43917,-0.51401,-0.18014,-0.06536,0.03645,-0.42142,0.14041,-0.16188,0.39991,0.10634,0.06432,0.21265,-1.7243,1.3667,0.59901,-0.35627,0.40537,-0.30819,-0.094674,-0.56919,0.35714,-0.62128,-0.093438,-0.35328,-0.32875,0.35726,-0.24212,0.27802,-0.068186,-0.14265,0.47947,-0.091849,0.16621,-0.7348,0.28964,0.074522,0.19435,0.1826,-0.068256,-0.02576,-0.090329,-1.2654,1.5181,1.0145,-0.51059,0.65818,-1.6589,1.836,-0.072131,0.18542,-0.74263,-0.47542,0.046287,0.0076951,-0.032458,-0.052411,-0.098497,-0.50142,0.84606,-0.063989,0.058063,0.14689,-0.14056,-0.088354,-0.19045,0.054349,0.0041737,0.24624,0.057996,-0.19586,-0.28825,0.90644,0.19846,1.702,-1.447,-0.77228,0.53393,-0.60176,-0.008773,-0.23009,-0.66824,0.59537,0.33751,-0.022248,-0.32355,0.53029,-0.082477,0.053602,-0.06154,0.28116,-0.40526,-0.20709,0.10801,0.057553,0.0072721,-0.026935,-0.10449,0.10272,0.24214,-0.10649,-0.054409,-0.92549,1.4455,-1.6446,-0.13143,0.5175,0.25641,2.4976,0.083286,-0.5656,-0.26306,-0.07378,0.0048506,-0.39063,0.42015,-0.050111,-0.2121,-0.51209,-0.41595,0.0034714,-0.82438,-0.097542,-0.06318,-0.015498,-0.12156,0.34323,-0.08608,0.41597,0.36749,-0.028812,0.24769
0.45099,0.47653,0.39562,0.487,0.57964,0.4474,0.28017,0.18545,0.16241,0.11708,0.093395,0.07623,0.07531,0.075439,0.048446,0.044696,0.044132,0.0035083,-0.057234,-0.15696,-0.049657,-0.15314,-0.056389,0.015814,-0.15552,-0.30085,-0.22266,-0.11868,-0.11911,-0.12157,-0.1761,-0.1391,-0.097397,-0.04362,-0.0432,-0.15136,-0.12966,-0.037759,0.034436,0.036526,0.023765,0.055485,0.068362,0.044484,0.01364,-0.049899,-0.063564,-0.0061304,0.021194,-0.02172,0.081351,0.15769,-0.041035,-0.23773,-0.14272,-0.070566,-0.11941,-0.11336,-0.08446,-0.066017,-0.12223,-0.18579,-0.16518,-0.16025,-0.16503,-0.007955,0.13704,0.12637,0.10798,0.13627,0.19762,0.27388,0.30577,0.28122,0.24209,0.21854,0.18721,0.16199,0.19955,0.27066,0.28629,0.24607,0.15442,0.026506,-0.047071,-0.053777,-0.049897,-0.34473,-0.78485,-0.27284,1.2071,-0.33533,-0.42719,-0.19745,0.21025,0.40166,0.52496,0.54386,0.56628,0.59112,-0.61285,-0.53535,-0.39755,-0.34587,-0.34595,-0.40825,-0.30553,-0.10909,-0.15205,-0.11098,-0.06183,-0.036016,0.048919,0.084281,0.17456,0.24626,0.22414,0.18581,0.14001,0.067045,-1.6859,-1.5002,0.45641,0.44479,0.3665,0.32924,0.15797,-0.032859,-0.02554,0.010921,0.063062,0.30084,0.44565,0.21594,0.14688,0.22747,0.2591,0.23758,0.13217,0.055364,0.073097,0.0045947,-0.082131,-0.10003,-0.066485,0.063211,0.23079,0.32218,0.3608,0.2997,0.17291,0.061418,0.23836,0.39487,0.36698,0.14502,-0.038566,0.0058941,-0.011673,-0.0001987,0.066017,0.14631,0.25369,0.33528,0.2869,0.19507,0.020099,-0.18021,-0.22724,-0.20319,-0.18798,-0.1751,-0.15863,-0.14198,-0.1231,-0.10062,-0.13486,-0.17569,-0.13591,-0.098701,-0.11655,-0.15773,-0.19767,-0.18146,-0.053034,0.0832,0.12569,0.53148,1.4979,0.044569,-1.816,-0.55551,-0.36103,-0.086001,0.16811,0.22152,0.20334,0.15155,0.20547,0.28949,3.2298,-2.327,0.28188,-0.69005,-1.1605,-1.2459,-0.27319,0.073615,0.062786,0.66076,1.3213,-0.15906,-0.079056,0.52213,0.50762,-0.23647,0.87222,0.43616,0.25439,0.011061,-0.11623,0.14203,0.54119,-0.30463,-0.012991,-0.1973,-0.0014877,-0.064392,-0.0079716,0.30761,-1.9163,0.57374,0.84344,1.2366,-1.3908,0.99544,0.38698,0.18531,0.13572,0.41585,-0.35505,0.19875,-0.39885,0.3499,0.18684,-0.20201,-0.25596,-0.12207,-0.17154,0.16076,-0.08569,0.77371,0.053803,0.0066688,-0.22473,0.14034,0.1166,-0.021216,-0.12191,-0.10806,-1.7592,0.50202,-0.7198,0.091804,0.14418,0.52263,-0.40512,-0.41828,-0.14045,0.34229,0.6258,-0.11446,0.13504,0.32697,-0.27624,-0.013361,0.035899,0.13164,0.17075,-0.11112,-0.30234,-0.067959,-0.02256,-0.11305,0.02651,-0.00039409,0.27724,-0.20362,-0.1009,0.15284,-3.5952,0.11686,-1.0972,-0.79694,-1.9424,1.0875,0.79943,0.053236,0.2598,-0.58461,0.25413,-1.4315,1.2623,0.14382,0.08423,0.98205,-0.10641,-0.14834,-0.42523,-0.31975,-0.29782,0.31209,-0.11767,0.12411,0.23441,-0.033453,-0.088546,-0.21934,0.1479,-0.11541,-1.3826,-0.028262,-0.38915,-0.24522,0.35419,-0.1954,-0.60515,0.81093,-0.13003,0.045257,-0.29377,-0.014633,0.13418,0.49987,-0.3077,-0.088186,0.3495,0.36322,-0.22427,0.36767,0.32142,0.079347,-0.08854,-0.0056721,-0.18328,0.10519,-0.071574,0.362,0.0091075,0.24885,-4.4181,0.50906,0.49719,0.11016,1.0431,0.25641,-0.71423,-0.24166,0.88213,0.12651,-0.3082,0.30913,-0.65181,0.57311,0.51211,-0.54359,-0.10558,0.33181,-0.43771,0.36415,-0.32375,-0.010921,0.035151,0.092708,-0.30123,0.0138,0.17924,-0.33398,-0.39734,0.14287
0.41471,0.25323,-0.076733,-0.19239,-0.14256,0.020597,0.17642,0.22867,0.19772,0.1621,0.12491,0.10997,0.10962,0.12246,0.12244,0.07354,0.070335,0.084891,0.0049198,-0.23601,0.33667,0.40873,-0.36164,-0.23246,-0.028909,0.24967,0.38641,0.30812,0.18762,0.029365,0.046204,-0.044387,-0.26228,-0.079131,0.0108,0.01004,-0.015121,-0.050219,0.022969,0.10463,0.087682,0.058234,0.034128,0.082727,0.11836,0.080755,0.01739,-0.0067862,0.021422,-0.017396,-0.086589,-0.057374,-0.022938,-0.021481,0.0059914,-0.013713,-0.065979,-0.098573,-0.11455,-0.12437,-0.13519,-0.1417,-0.1216,-0.087843,-0.064957,-0.043884,-0.031627,0.01985,0.05327,0.061555,0.076002,-0.0062018,-0.080878,-0.16094,-0.19337,-0.14655,-0.038196,0.07633,-0.073378,-0.32778,-0.32867,-0.085151,0.15136,0.24456,0.22175,0.15414,0.1158,0.081919,0.072395,0.087099,0.11675,0.14256,0.11527,0.20626,0.35372,0.32861,0.24235,0.05456,-0.25811,-0.4508,-0.87376,-0.55103,-0.18874,-0.13412,-0.1,0.021969,0.052092,-0.034578,-0.037791,-0.039925,0.0060972,0.050377,0.049195,0.090508,0.08006,0.28938,0.46391,0.45308,0.41233,0.32461,-2.0711,-2.1857,0.069506,0.24344,0.36135,0.41913,0.38111,0.37904,0.40511,0.51346,0.46411,-0.53904,-0.87156,-0.72224,-0.11137,-0.086602,-0.018279,0.011302,0.0070646,-0.06956,-0.15387,-0.19954,-0.18667,-0.12204,-0.036184,0.022819,0.051868,0.097417,0.12237,0.052635,-0.095109,-0.22174,-0.27647,-0.32263,-0.35521,-0.33385,-0.24759,-0.19673,-0.17839,-0.14847,-0.14547,-0.11345,-0.1049,-0.066959,-0.010726,0.073965,0.085097,0.07595,0.053242,0.021258,0.042074,0.024955,0.032808,-0.020403,-0.063679,-0.037576,-0.013027,0.0040056,-0.046247,-0.046209,-0.070913,-0.23956,-0.22294,-0.10597,-0.14072,-0.11576,-0.099115,-0.021909,0.06244,0.099669,0.16044,0.15326,0.32271,0.46576,0.44666,0.38345,0.28313,0.34471,0.27119,0.044916,1.7353,0.34859,-1.4218,-1.211,2.384,0.013023,0.66312,-0.90096,-1.0331,0.57274,0.72953,0.21848,0.54042,-0.22171,-0.13525,0.075848,0.35222,0.24074,0.1128,-0.29849,0.11012,-0.43601,-0.2572,0.098667,0.060219,-0.12897,0.40988,0.31468,-0.37018,0.093549,1.1037,2.5712,-1.264,0.98721,-2.8994,-1.6039,-0.80886,-0.42711,-0.10287,0.35547,0.094471,0.02783,-0.4577,-0.095691,-0.0024958,0.56064,0.50372,-0.37319,-0.018164,0.15638,-0.26596,0.024696,0.049022,-0.56396,0.21598,-0.049669,0.1103,-0.054723,-0.25878,0.0091335,0.52259,-1.5764,2.1363,0.52984,-0.66561,0.60497,0.38591,-0.69867,-0.37416,0.73344,0.10677,-0.58958,0.045015,0.52444,0.57214,0.28396,-0.23085,0.098996,0.28705,0.070404,-0.45844,0.086126,-0.1046,0.27218,0.10452,-0.04503,-0.030109,-0.56816,-0.0060729,0.16627,-1.3424,1.8638,1.0057,-0.50967,0.36119,-1.8107,2.1059,0.85211,0.32118,-0.97165,-0.50614,0.41932,-0.36757,0.23602,-0.03832,0.55588,-0.16636,-0.55596,0.36221,-0.33135,-0.37008,-0.59695,0.12498,-0.26752,0.36377,-0.31098,0.44103,0.0057735,0.19957,-0.028272,1.4412,-0.84978,2.2449,-1.6015,0.14782,-0.35509,0.5777,1.232,-0.30104,-0.37356,0.14753,0.41763,0.3537,-0.27958,-0.71909,-0.28081,0.0051258,0.15109,0.19503,-0.18338,-0.26339,0.041692,0.1279,-0.048841,-0.050304,0.071731,0.1257,-0.17379,0.15845,0.058466,0.68408,1.9321,-0.49794,0.63807,-1.1788,1.7495,-0.16639,-1.1112,-2.8444,-0.27179,0.56084,0.14218,-0.8198,0.63409,0.081582,0.36938,-0.17457,0.10768,-0.18389,0.057063,0.57876,-0.17959,-0.54149,-0.15015,-0.26691,-0.50813,-0.11291,0.12835,-0.7423,0.73631
0.4539,0.29541,-0.0083281,-0.080212,-0.06377,-0.049636,0.0038798,0.055895,0.061633,0.046183,0.029822,0.01791,0.036568,0.061174,0.052399,0.042118,0.067792,0.14718,0.17257,0.079204,0.033259,-0.41746,-0.45785,0.017201,0.20296,0.24172,0.23597,0.21815,0.20862,0.11911,0.06916,0.087949,-0.11505,0.050835,0.1827,0.057774,0.024028,-0.020736,-0.049718,-0.080514,-0.081409,-0.084374,-0.099509,0.0053849,0.053445,0.031392,0.11675,0.19196,0.11157,-0.0087817,-0.060504,-0.081186,-0.030773,-0.012654,-0.075024,-0.1549,-0.16166,-0.10484,-0.048682,-0.019842,-0.018864,-0.032266,-0.019681,0.0056352,0.02398,0.037255,0.029066,0.041423,0.11847,0.20912,0.093406,-0.12575,-0.2233,-0.23856,-0.20697,-0.15379,-0.18048,-0.25819,-0.27425,-0.17965,-0.036586,0.040142,0.078754,0.13394,0.15989,0.14418,0.13674,0.12504,0.12348,0.1298,0.14496,0.16366,0.11063,0.098676,0.073718,-0.046446,-0.11011,-0.032037,-0.14348,-0.33371,-0.69386,-0.36169,-0.0034113,0.030487,0.013525,0.013888,0.022923,0.029169,0.011967,0.00072456,-0.027003,-0.057117,-0.026277,0.029081,0.028622,0.011502,0.18857,0.35576,0.37075,0.34151,0.32086,-1.2031,-1.3668,0.13894,0.195,0.1466,0.10922,0.16138,0.23418,0.22582,0.1779,-0.16641,-0.535,-0.59628,-0.23838,-0.092828,-0.071772,-0.031316,-0.0089818,0.035209,0.020933,-0.014755,-0.013051,-0.17147,-0.30358,-0.2066,0.046323,0.1899,0.21305,0.2153,0.15198,-0.019846,-0.1707,-0.18125,-0.098104,0.0016059,0.056571,0.046428,0.011257,-0.0018662,-0.045486,-0.08382,-0.052887,-0.0032348,0.023333,0.019623,0.0013903,-0.014395,0.039874,0.066229,-0.034014,-0.065432,-0.040668,-0.029718,-0.019848,0.0052977,-0.036568,-0.046868,-0.010387,-0.05734,-0.13059,-0.14188,-0.032415,0.037804,-0.0095575,-0.0027501,-0.00096128,0.043897,0.078589,0.056939,0.071878,0.053698,0.23684,0.34005,0.22288,0.073595,0.049967,0.1387,0.087428,-0.025812,0.52125,-1.4598,-1.4973,0.68044,0.041314,-0.91392,-0.63422,0.13767,-0.53587,0.49,0.57873,0.31382,1.3398,-0.099134,-0.29623,0.35117,-0.03598,0.28678,-0.25137,-0.028662,0.10331,-0.75507,0.22492,-0.13707,0.16867,-0.16802,0.37032,0.17444,0.0092858,-0.38573,2.0541,2.038,-0.45363,0.30794,-1.5259,0.97558,0.76846,-0.32064,0.25255,-0.64806,0.79166,0.02258,-0.13942,-0.51199,-0.52242,0.62637,-0.057616,0.020797,-0.11666,0.20544,-0.28569,-0.057317,-0.68182,-0.27586,-0.37344,0.27921,0.34265,0.41326,0.022904,0.18293,0.95813,-0.67442,1.8747,0.14045,-0.05019,0.52255,0.048287,-0.34298,0.18466,0.52989,0.11041,-0.11079,0.41244,0.61045,-0.06551,0.15073,0.026566,-0.52301,0.27179,0.22432,-0.11656,-0.0875,-0.17505,0.12819,-0.16426,0.058093,0.028021,0.016086,-0.10594,-0.042723,-1.4089,2.1156,0.76063,-0.76532,-0.395,0.35161,0.50577,0.7417,-0.23957,0.003613,0.27589,0.091864,0.15004,-0.11194,-0.080912,0.011971,-0.16567,-0.065314,0.23801,-0.025052,0.60635,-0.063845,0.10081,-0.23084,0.57517,0.11875,-0.16137,0.24435,-0.12833,-0.24141,1.293,0.49128,1.0366,-0.7306,-1.2042,0.27057,-0.85665,-0.01669,-0.35672,-1.3514,-0.03291,-0.31104,0.13943,0.050233,-0.0071346,-0.078275,0.27563,-0.35898,0.28303,-0.11574,0.57879,-0.29681,0.10699,0.45023,-0.21136,0.17677,0.28501,-0.0074617,-0.12016,0.26423,-0.58142,1.9174,-0.92843,0.10734,0.18897,-0.080257,-0.45575,-0.37584,-0.46814,0.25354,0.03862,-0.17655,0.22233,0.32467,-0.30191,0.60625,-0.19317,1.1172,-0.005157,-0.3552,-0.12607,-0.38607,-0.71389,-0.31603,0.30188,0.070936,0.25268,0.011227,-0.39216,-0.10085
-0.31394,-0.18336,0.39279,0.40144,0.30126,0.15034,0.1328,0.20167,0.21131,0.17426,0.15275,0.149,0.16117,0.16715,0.17196,0.13778,0.034958,-0.069262,-0.1096,-0.10691,-0.54564,-0.55759,0.12632,0.062877,-0.097934,-0.21268,-0.16898,-0.11266,-0.13666,-0.093767,0.097944,0.19371,0.27569,0.33764,0.16427,0.032286,-0.011977,-0.055389,-0.068656,-0.064578,-0.07577,-0.026196,-0.014926,-0.074007,-0.12438,-0.13388,-0.028025,0.020918,-0.027743,-0.042392,-0.065515,-0.035886,0.020114,0.017783,-0.027126,-0.018866,0.042071,0.087047,0.070215,0.012736,-0.018515,-0.059184,-0.078206,-0.054926,-0.064736,-0.093784,-0.080987,-0.10066,-0.057901,-0.016426,0.012669,0.062712,0.010777,-0.046957,-0.13157,-0.19576,-0.18715,-0.11544,-0.033982,0.030467,0.088664,0.13848,0.16646,0.15604,0.11497,0.097757,0.090828,0.082887,0.088498,0.041024,-0.0016686,0.011339,0.036086,0.0082563,-0.013518,0.020429,-0.023375,-0.64605,-0.58577,0.40355,0.90983,0.28505,-0.2873,-0.26047,-0.30874,-0.35169,-0.17921,0.047873,0.0049411,0.039953,0.051422,0.097587,0.1388,0.1288,0.11963,0.056171,0.022319,-0.00056991,-0.038006,-0.051626,-0.98155,-0.71183,0.39732,0.31442,0.18967,0.11706,0.072604,0.046265,0.078829,0.11877,0.0078401,-0.2482,-0.25094,0.025394,0.33024,0.39807,0.21482,0.0013589,0.0079646,-0.024316,-0.034485,-0.13063,-0.25771,-0.30134,-0.27481,-0.14045,0.020535,0.10172,0.10438,0.062807,-0.014989,-0.1393,-0.18621,0.067033,0.2859,0.30866,0.18101,-0.013932,-0.10732,-0.1686,-0.20008,-0.22865,-0.23694,-0.21936,-0.17871,-0.24823,-0.36168,-0.32972,-0.14689,-0.035892,0.002472,0.034515,0.042598,0.06539,0.018542,-0.005153,0.046842,0.073658,0.062779,0.036687,0.030277,0.0010454,-0.073103,-0.12546,-0.053615,0.03414,0.039342,0.071632,0.056625,0.062202,0.06867,0.047278,0.034007,0.14599,0.22735,0.21468,0.12345,-1.3884,-0.61327,0.98991,2.2533,-1.8271,-0.96654,1.1509,0.92143,-0.74008,-0.27974,-0.50173,-0.30642,-0.33476,0.35904,-0.48388,0.032095,0.68561,0.29354,-0.15271,-0.77011,0.20625,0.20776,0.28057,0.04841,-0.11716,0.345,-0.26429,0.16959,-0.56024,-0.017842,0.061904,0.3475,-0.63721,-0.81219,0.72538,0.95074,-0.39608,-1.03,-1.0701,-0.17082,0.9524,-0.038024,-0.019408,-0.066942,0.57337,-0.75842,0.0034236,-0.32773,-0.49718,-0.04309,0.44258,0.0053464,-0.37456,0.15837,0.23185,-0.11919,0.14326,0.21339,0.06164,-0.10874,0.16617,0.24763,-0.13871,-0.86289,0.6154,-0.27393,-0.55989,-0.36744,-0.020431,-0.56368,0.15958,0.086371,0.42211,-0.53668,-0.55,-0.08147,-0.60727,-0.69036,0.1954,-0.23877,-0.25091,0.29431,-0.093661,0.059379,0.008224,-0.16738,0.089469,0.2079,0.3286,-0.011671,0.031011,-0.023776,0.033059,-1.4584,0.73926,-1.3667,1.121,1.9794,-0.045547,1.059,0.1549,-0.6158,0.30057,0.60242,-0.40605,0.086844,-0.49509,-0.012097,-0.55373,0.55227,0.5292,-0.23321,-0.044085,-0.13866,-0.10061,0.0031803,-0.43513,0.18526,-0.33708,0.035923,0.028984,-0.24539,-0.059796,-0.35096,-0.40474,-0.17545,0.083877,-0.65308,0.57034,-0.2009,0.4989,0.19839,0.21893,0.16059,0.063977,0.15348,-0.3869,0.24757,0.31196,-0.35547,0.02373,-0.37449,0.36591,0.14613,-0.26288,0.039752,0.035716,0.09327,-0.12142,0.02171,0.0065783,-0.046376,-0.071201,-1.9864,1.069,1.2419,-1.1844,-1.1419,-0.77998,1.1431,0.078547,-0.094271,0.58458,-0.062829,-0.68134,-0.10492,0.53248,-0.32336,0.66807,0.45952,-0.14797,0.3085,0.0044374,-0.11628,0.45451,0.2984,0.14169,0.051123,0.061636,-0.097656,-0.063202,0.23996,0.16838
-0.011325,0.27627,0.55574,0.55092,0.3193,0.18815,0.19539,0.16826,0.098982,0.014695,0.024182,0.084676,0.089612,0.10005,0.084691,-0.014092,-0.12692,-0.16418,-0.14435,-0.10079,-0.51887,-0.46538,0.10318,0.093395,-0.001607,-0.16779,-0.28502,-0.33717,-0.3149,-0.20998,0.055839,0.1359,0.16316,0.1411,0.2218,0.094861,-0.056651,-0.073932,-0.03677,0.021486,0.0049454,-0.047196,-0.049507,-0.050721,-0.07203,-0.088525,-0.052144,0.016244,0.048741,0.0015407,0.081801,0.20597,0.27612,0.22649,0.10357,0.015894,-0.023136,0.0084156,0.040214,0.06249,0.018126,-0.027718,-0.0046105,0.0041802,-0.0002918,-0.0090376,-0.019879,-0.03347,-0.05142,-0.0077949,0.06503,0.13505,0.166,0.12237,0.052057,0.0049098,0.053238,0.17619,0.25422,0.23536,0.14295,0.032245,-0.028584,-0.029852,-0.10106,-0.15432,-0.13121,-0.077908,-0.0060085,-0.19747,-0.41003,0.28189,0.52029,-0.46657,-0.40237,-0.01303,0.42712,0.49837,0.69073,0.79308,-0.0097654,-0.3977,-0.48172,-0.46382,-0.2969,-0.096147,-0.17253,-0.22825,-0.22239,-0.16708,-0.058406,0.025973,0.05612,0.11198,0.091819,0.076539,0.056607,0.030456,0.054957,0.090013,-1.259,-1.3019,0.10636,0.049603,0.14108,0.2114,0.16717,0.16828,0.22101,0.17421,-0.085541,-0.13064,-0.22247,-0.47659,-0.37229,0.039204,0.22641,0.25551,0.25026,0.21719,0.14724,0.11587,0.15128,0.15167,0.17319,0.22997,0.33932,0.44869,0.50164,0.44438,0.36443,0.092718,-0.16149,-0.033048,0.16587,0.13351,0.034556,0.018128,-0.025263,-0.042238,0.033715,0.16128,0.25154,0.29666,0.25257,0.11244,-0.024845,-0.074429,-0.076847,-0.038744,-0.099392,-0.16206,-0.1441,-0.12788,-0.10806,-0.089938,-0.073555,-0.064349,-0.069855,-0.070529,-0.067131,-0.0092713,0.051563,0.03389,0.074664,0.16187,0.28314,0.41052,0.49876,0.90481,1.0368,-1.3923,-1.9267,-0.8154,-0.86921,0.020937,0.37579,0.32586,0.37882,0.46329,3.0003,-1.3947,-0.55279,-0.4061,-1.1101,-0.49754,-0.73294,0.38159,0.17446,0.38924,0.474,-0.021889,0.12867,0.67101,0.77778,-0.22534,-0.048818,0.14887,0.18331,0.29222,-0.01068,0.50899,0.56483,-0.24429,0.26003,0.036747,0.021069,0.090605,0.13768,0.065545,-1.7233,0.26046,0.0035427,0.52752,-1.3498,0.94182,0.15113,-0.035,0.15652,-0.13095,-0.27719,0.51032,-0.84164,-0.18588,0.090714,-0.33484,0.084292,0.25472,0.029724,-0.32831,-0.091454,-0.017747,0.16038,-0.17514,-0.19237,0.1375,0.14465,0.16614,0.22516,-0.32672,-1.4541,-0.28653,-1.1646,-0.70487,-0.41839,-0.15507,-0.10654,0.0099142,0.27568,0.79891,-0.082099,0.043915,-0.045654,0.085882,-0.45649,-0.11001,-0.30932,-0.25234,0.052625,0.092193,0.19754,0.20646,-0.27733,-0.23195,0.3393,0.068592,0.097893,-0.25074,-0.050893,-0.16213,-3.4409,0.073057,-0.0022619,-0.15894,-1.3185,0.80328,-0.11977,0.36596,-0.67867,-1.5737,0.013612,-1.2496,0.91748,-0.18218,0.13099,0.26703,0.24745,0.23799,-0.45803,0.18129,0.14256,0.10208,-0.44899,0.4877,-0.042759,0.083189,-0.025314,-0.17279,-0.061902,-0.0039087,-0.92292,0.34574,0.24493,0.39344,0.0083821,-0.039641,-0.12583,0.12951,-0.2301,-0.26145,0.083176,-0.20473,0.30394,-0.028962,0.39522,0.068645,0.039756,0.11149,-0.25321,0.050011,0.35337,-0.16738,-0.37164,-0.24151,-0.33819,0.031332,-0.03614,0.14477,-0.21958,0.35106,-2.8041,-0.17964,0.031001,2.2668,0.094029,-0.64466,1.3471,0.73124,-0.40234,0.38566,1.0837,0.33499,0.26247,-0.193,-0.48349,0.18624,-0.14525,-0.44841,0.1948,-0.013011,0.005774,0.28639,-0.42714,0.012628,-0.67684,-0.032001,-0.17828,-0.39163,0.50646,0.23081
-0.37225,-0.054245,0.5326,0.5662,0.4001,0.17972,0.088584,0.089714,0.072752,0.032169,-0.11492,-0.16998,-0.090794,-0.10602,-0.42083,-0.34641,0.045264,0.12492,0.18631,0.22375,0.22072,0.17062,0.061525,-0.038658,-0.10853,-0.10672,-0.064411,-0.048938,0.013629,-0.01625,0.046256,0.16305,0.22389,0.19038,0.13142,-0.11986,-0.29315,-0.2966,-0.19118,-0.056502,0.025085,0.040462,0.035049,0.022696,0.019109,0.023853,0.048486,0.080891,0.075331,0.19217,0.26138,0.22802,0.21293,0.058401,-0.11908,-0.12497,-0.077305,-0.0079462,0.040658,0.0077631,-0.04184,-0.032426,-0.022918,-0.011113,-0.0027467,-0.016066,-0.041536,-0.056246,-0.085683,-0.061799,-0.0050027,0.064238,0.09012,0.005392,-0.12113,-0.18296,-0.060499,0.15275,0.25561,0.2313,0.14082,0.032737,-0.0056244,0.029013,0.048457,0.036593,0.037485,0.020256,0.0070698,0.015997,-0.15269,-0.21009,-0.14777,-0.34517,0.11081,0.25725,-0.35971,0.41809,0.75291,0.87616,0.47676,-0.14629,-0.45767,-0.43256,-0.42145,-0.39968,-0.24995,-0.035952,-0.011775,0.079183,0.32348,0.51817,0.59037,0.49192,-0.74028,-1.0296,0.07285,0.15896,0.21292,0.22136,0.20415,0.1694,0.075711,-0.03617,-0.1173,-0.15614,-0.16994,-0.16489,-0.17772,-0.1423,-0.12519,0.052759,0.0894,-0.14296,-0.050259,0.21216,0.315,0.3661,0.36764,0.31013,0.17307,0.038577,-0.0024873,-0.0075277,0.076646,0.22741,0.32384,0.32873,0.27317,0.30006,0.30124,0.14946,0.07629,0.075884,0.074868,0.09978,0.097055,0.062798,0.024135,-0.019127,-0.033374,0.0065038,0.022208,0.048371,0.039848,-0.012754,-0.07826,-0.10994,-0.094402,-0.047289,-0.10376,-0.1646,-0.14406,-0.12227,-0.08884,-0.045192,-0.024444,-0.029167,-0.041214,-0.045007,-0.041172,-0.040796,0.013737,0.0555,0.035317,0.057704,0.054619,0.056398,0.074,0.078805,0.39747,0.6612,0.65218,0.59937,-1.8323,-2.2792,-0.16115,0.32062,0.43889,0.52281,2.7268,-1.7039,-0.40808,-1.439,-1.388,-0.38132,-0.22418,-0.32619,0.078425,0.1283,0.41102,-0.50672,0.062705,0.79101,0.12198,-0.4552,-0.58274,0.61636,0.49441,0.12606,0.14653,-0.016097,0.14139,-0.24184,0.14342,-0.066729,-0.15935,0.23548,0.22423,0.092979,-1.3006,0.33422,0.62869,0.47538,-0.66525,-0.78235,-0.41546,0.77289,-0.32054,0.042593,-0.34003,0.62263,-0.51964,-0.078682,-0.25828,-0.40798,-0.12532,0.23712,-0.04931,-0.11835,0.10342,0.15399,-0.062369,0.26562,0.085317,0.26271,-0.23183,0.26005,0.30784,-0.36565,-1.2154,0.56232,-1.6329,-1.1201,-0.18555,-0.39771,-0.47963,0.11746,-0.17907,0.80778,-0.11074,-0.4502,-0.014269,-0.53577,-0.57633,-0.019294,-0.38248,-0.19624,0.18092,0.18496,-0.09862,0.20308,-0.14523,0.030661,0.19479,-0.016507,0.051391,-0.053883,0.18029,-0.30352,-3.1423,-0.52105,-1.547,2.0077,0.27976,-0.022576,0.51618,-0.56895,0.015198,-0.13477,0.1252,-0.10063,-0.60249,-0.87586,-0.10574,-0.357,-0.12394,-0.089055,-0.39249,0.096965,-0.29513,-0.25126,0.016261,0.48808,0.37146,-0.60121,0.1354,-0.33651,-0.2774,0.32885,-0.68338,0.21698,-0.32547,0.53805,-0.18633,0.357,-0.33259,0.34999,0.25931,0.38861,0.22732,0.090765,0.37968,-0.12625,0.6893,0.11743,0.16257,0.050963,-0.29115,0.099077,0.32574,0.13028,0.20919,-0.12712,-0.32244,-0.082337,0.093829,-0.11486,-0.27544,-0.20396,-3.147,-0.34075,1.5383,0.97519,-1.59,-0.87043,-0.36919,-0.56759,0.65581,0.06268,-0.41761,-0.72472,-0.17417,1.0519,0.27621,0.27644,0.16225,-0.55417,0.0085959,-0.032962,-0.46693,0.075104,0.29311,0.23084,0.18268,0.26441,-0.34789,-0.17624,-0.13191,0.25131
0.13062,0.27672,0.35686,0.33827,0.23523,0.21714,0.18476,0.16269,0.22217,0.20873,0.17743,0.16399,0.13458,0.13908,0.15909,0.12941,0.072515,0.01798,-0.004072,-0.55865,-0.588,0.13993,0.24388,0.23701,0.15314,-0.0045983,-0.17918,-0.32048,-0.24923,-0.00031704,-0.02961,0.043589,0.071247,0.015877,-0.05446,-0.090657,-0.092059,-0.11801,-0.1504,-0.14634,-0.14076,-0.059545,-0.010626,-0.053056,-0.10802,-0.13967,0.00019935,0.14534,0.1325,0.065513,0.013967,-0.0072985,-0.021562,-0.036281,0.0079905,-0.0088468,-0.084685,-0.087771,-0.076116,-0.057495,-0.045084,-0.038161,-0.036058,-0.076316,-0.11785,-0.10574,-0.099624,-0.081208,-0.037253,-0.017921,0.0092487,0.015542,0.045415,0.175,0.23598,0.12619,-0.046554,-0.11352,0.061959,0.27412,0.2743,0.22015,0.15005,0.1014,0.10127,0.10234,0.091592,0.10164,0.056457,0.036536,0.082194,0.12942,0.16027,0.031692,-0.12336,-0.7372,-0.69997,0.18529,0.46688,0.60648,0.081979,-0.19101,-0.24415,-0.23369,-0.27713,-0.35475,-0.2965,-0.074411,-0.00021537,-0.0306,0.0025032,0.013378,0.11012,0.22186,0.21872,0.1554,0.052146,-0.03168,-0.049302,-1.0696,-0.80966,0.39442,0.40893,0.32477,0.22233,0.25225,0.30118,0.27505,0.065625,-0.2387,-0.15448,-0.029812,-0.082213,-0.12484,0.019141,0.12205,0.083548,0.024609,0.063174,0.063904,0.068613,0.0059661,-0.099099,-0.16375,-0.17918,-0.097931,-0.017493,0.022328,-0.0029964,-0.10563,-0.086835,0.041777,0.16081,0.23896,0.20277,0.041976,-0.093541,-0.042769,-0.0042362,-0.0010726,0.0019803,0.024782,0.016404,0.052323,0.068494,-0.024535,-0.1423,-0.12411,-0.11075,-0.11999,-0.071551,-0.052223,-0.11141,-0.19877,-0.21222,-0.19542,-0.15511,-0.1039,-0.030773,0.035135,0.013986,-0.027593,-0.074899,-0.019877,0.058316,0.053931,0.093518,0.097078,0.1667,0.26121,0.29329,0.28458,0.22942,0.25244,0.23409,-0.49776,-0.60222,0.14917,0.32867,0.43145,1.6247,-1.761,-0.50727,-0.10426,1.54,0.15454,0.57414,-0.59998,-0.71685,0.17246,0.4351,-0.72343,0.27021,0.63241,0.061167,-0.19913,0.63565,0.35932,0.2724,-0.078909,0.045153,0.043458,0.19867,-0.21971,-0.099735,-0.35298,-0.11621,-0.1121,0.20614,-0.49838,-0.2967,0.35805,1.2618,-0.43707,-1.6579,-0.85435,-0.1803,0.047032,0.085278,0.49557,-0.2004,0.36338,-0.82382,-0.11666,-0.29996,-0.2703,-0.12274,0.45825,-0.63754,0.091007,0.19131,0.014166,-0.1455,0.0074262,0.052825,0.19033,-0.061922,-0.069732,0.44821,0.16568,-0.30964,0.49609,0.057591,0.018571,-0.055003,0.91337,-0.18179,0.1856,0.40242,0.48344,-0.52738,-0.52326,-0.36721,0.2426,-0.2944,0.157,0.13016,-0.11252,0.31522,-0.025982,0.11548,0.068662,0.38539,0.10411,0.02898,0.22881,-0.1855,-0.037605,-0.045785,0.19668,-1.7357,0.99488,-1.3531,-0.048859,1.2661,-0.48045,0.9116,0.42957,0.086835,-0.50705,0.37443,-0.28222,0.07671,0.24252,-0.12803,0.17882,-0.18921,-0.069931,-0.01824,0.017552,-0.26251,0.0026301,-0.30497,-0.045243,0.18663,0.27138,-0.54783,-0.35884,-0.1155,0.037573,0.15216,-0.40883,-0.2625,-0.55659,-0.11059,0.34547,0.66722,0.42137,0.13682,0.08618,0.27582,0.03334,-0.45787,-0.12875,-0.20826,0.13575,-0.53431,0.016437,0.15315,0.20514,0.10577,-0.10298,0.26267,-0.36247,-0.058957,0.034324,0.044159,-0.23041,-0.09979,0.074729,-1.9357,1.2574,0.71446,-0.81866,0.048313,0.040631,1.2895,0.58352,0.11938,0.34217,-0.14132,0.088221,-0.16507,0.30043,-0.46414,-0.084662,0.21106,-0.024204,-0.49925,0.46256,0.015971,-0.11364,-0.066207,-0.17598,-0.31831,-0.29744,0.17787,-0.0069192,0.283,0.017274
-0.26718,-0.2801,0.25834,0.52306,0.51642,0.46503,0.36624,0.29311,0.19064,0.091765,0.086697,0.13628,0.14701,0.17156,0.16938,0.1377,0.072095,-0.0022466,-0.030234,-0.01259,-0.40398,-0.52754,-0.050669,-0.038802,-0.12327,-0.27883,-0.37337,-0.33901,-0.23329,-0.067594,0.069693,0.13413,0.16443,0.14992,0.098239,-0.039615,-0.094231,-0.092105,-0.048936,0.020071,0.074514,0.048663,-0.01824,-0.074839,-0.11977,-0.12194,-0.048123,0.024237,0.042079,0.022391,-0.018456,-0.025837,0.015514,-0.043804,-0.1314,-0.062858,-0.022918,-0.026741,-0.0032216,0.0026104,-0.014513,-0.054061,-0.074391,-0.054767,-0.012996,0.049856,0.1103,0.071397,0.027714,0.10178,0.11867,0.10602,0.072176,-0.054987,-0.18117,-0.24928,-0.2444,-0.16132,-0.034186,0.069734,0.12328,0.16278,0.16461,0.13141,0.11854,0.10472,0.077092,0.080692,0.041176,0.0029808,0.0061683,0.015742,-0.062844,-0.12131,-0.095254,-0.19621,-0.63385,-0.46276,0.48279,0.6984,0.93492,0.66057,-0.19137,-0.39476,-0.4325,-0.30668,-0.16457,-0.22327,-0.21276,-0.16294,-0.059002,0.03175,0.076587,0.14727,0.13251,0.075628,0.0050685,-0.058333,-0.080055,-0.068063,-1.0716,-0.74206,0.38968,0.35358,0.23314,0.11767,0.077575,0.12324,0.082785,-0.025222,-0.10271,-0.013276,-0.067133,-0.19873,0.020663,0.19447,0.23188,0.24879,0.23423,0.16368,-0.029015,-0.2488,-0.35346,-0.37739,-0.3343,-0.18773,0.03767,0.17551,0.19104,0.17067,0.12536,0.019125,0.099333,0.2584,0.32381,0.30689,0.1693,-0.0032299,-0.050372,-0.10995,-0.16494,-0.22855,-0.25678,-0.24644,-0.25853,-0.2949,-0.2399,-0.14108,-0.065284,0.0028551,-0.016353,-0.026296,-0.010694,-0.033551,-0.037102,0.019265,0.074132,0.094712,0.065077,0.028801,0.00072636,-0.051523,-0.11551,-0.079413,-0.0078993,0.0085825,0.095575,0.14853,0.17853,0.16821,0.11714,0.087918,0.22668,0.29035,0.23251,0.24174,-1.2429,-1.4121,0.41148,0.56631,0.62022,-2.4389,-1.2739,1.2726,0.61535,-0.9137,-0.2997,-0.81795,0.60516,0.29417,0.68355,0.87764,0.90713,0.12395,0.99067,0.5707,-0.21797,0.94178,0.3298,0.0022237,-0.26605,-0.01405,-0.13214,-0.021799,0.0031946,-0.55997,0.14781,-0.025521,0.023575,-0.14872,-0.519,0.54642,1.3328,-0.58375,-0.21229,-1.2344,0.021762,1.0066,-0.21524,-0.25164,0.25548,0.40827,-0.70684,-0.49696,-0.24782,-0.37659,-0.27259,0.42362,0.14618,-0.054548,0.22675,0.064588,-0.77301,0.17002,-0.2521,-0.45314,-0.31402,0.36307,-0.15742,-0.47345,-0.908,0.80776,-0.23874,-0.64857,-0.34241,0.21185,-0.8358,0.31893,-0.053047,0.22088,-0.41187,-0.72789,0.038993,-0.38007,-0.53379,-0.18419,0.23188,-0.00070104,0.21263,-0.081756,-0.0051926,0.14617,-0.31216,0.2036,0.32799,0.36722,0.04202,0.0041416,-0.17263,-0.15068,-1.6506,0.74649,-1.581,1.1768,2.0115,0.13726,1.1597,-0.082335,-0.41834,0.41778,0.6833,-0.47482,0.16921,-0.51206,0.10586,-0.26129,0.28252,0.79835,-0.069843,-0.097471,-0.32682,-0.022291,-0.45695,-0.43007,0.15359,-0.24051,-0.019736,-0.091102,-0.30688,-0.13572,-0.28365,-0.48886,-0.27934,0.30561,0.15589,0.89737,-0.0011284,0.38391,-0.11549,-0.28149,0.49801,0.42008,-0.19909,-0.47512,0.21918,0.09743,-0.38475,0.036394,-0.35823,0.46659,0.092306,0.10966,-0.013147,-0.12823,-0.081524,-0.048202,0.25682,-0.073353,-0.34029,0.12585,-1.9729,1.0002,1.422,-1.0775,-1.3049,-1.1536,0.12255,-0.22931,-0.20522,0.26134,-0.021721,-1.3536,0.19792,0.52328,-0.4476,0.53135,-0.033364,-0.61279,-0.0088493,-0.18772,-0.057823,0.49837,0.44471,-0.4053,-0.026424,-0.15056,0.1462,-0.19466,-0.078399,0.63199
-0.20618,-0.2012,0.26845,0.34137,0.30553,0.25,0.23042,0.22643,0.21063,0.15883,0.12417,0.12686,0.11804,0.1244,0.11854,0.083893,0.034118,-0.020887,-0.060041,-0.51293,-0.54804,-0.058555,0.076237,-0.039324,-0.13951,-0.074413,-0.027418,-0.069963,-0.14858,-0.24639,-0.23885,-0.15439,-0.12741,-0.084104,-0.17228,-0.30293,-0.23031,-0.12072,-0.013956,0.086371,0.099068,0.027348,-0.048874,-0.078387,-0.057763,0.080659,0.21043,0.21699,0.12319,0.019984,-0.029189,-0.12752,-0.17875,-0.20954,-0.23492,-0.22853,-0.16018,-0.06346,-0.00015065,0.030262,0.036864,0.031719,0.011315,0.0085426,0.03424,0.060052,0.046064,0.021302,0.076009,0.0637,0.042761,0.12507,0.17308,0.14803,0.022003,-0.11429,-0.16549,-0.15944,-0.13698,-0.082069,0.018712,0.096425,0.15326,0.18957,0.17982,0.12336,0.091868,0.071597,0.076736,0.10075,0.14309,0.18201,0.058549,-0.045757,-0.083099,-0.44379,-0.35718,0.23126,0.75737,0.98584,0.99415,0.41273,-0.24467,-0.27489,-0.32685,-0.39699,-0.29769,-0.15244,-0.21019,-0.22377,-0.12573,-0.02004,0.01319,0.081463,0.076418,0.10649,0.12356,0.077551,0.04774,-0.91109,-0.83886,0.27306,0.41067,0.29986,0.1951,0.22489,0.26059,0.25931,0.16277,0.05458,0.028869,-0.21625,-0.29892,-0.40238,0.093076,0.26523,0.26265,0.23343,0.16051,-0.01239,-0.21929,-0.36019,-0.41967,-0.36265,-0.17648,0.030002,0.12372,0.11168,-0.027825,-0.15911,-0.04169,0.19425,0.13825,0.11503,0.13442,0.16528,0.1761,0.1277,0.048081,-0.029921,-0.074601,-0.084164,-0.058595,-0.0041416,0.024721,0.0068808,-0.015151,-0.011458,0.059551,-0.049336,-0.1283,-0.10745,-0.093064,-0.073957,-0.06426,-0.031938,0.027225,0.076919,0.092345,0.06709,-0.040619,-0.15857,-0.12157,-0.051783,-0.078951,-0.034879,0.0037538,0.090036,0.16584,0.18143,0.22568,0.21506,0.47108,0.59172,0.44724,-1.4093,-1.649,0.21076,0.399,0.47913,2.0051,-1.8822,-0.86889,-0.069179,0.17123,1.6445,0.71163,-0.41123,-0.80014,-0.26883,0.35715,-1.264,0.34832,0.5305,-0.86002,-0.3764,0.55572,0.75643,-0.048159,1.0723,-0.057901,-0.32578,0.12464,-0.36779,-0.26688,-0.021339,-0.10175,-0.42305,-0.094821,-0.28088,-1.1904,0.60518,0.79304,-0.078995,-0.94082,-0.27878,-0.91222,0.14692,-0.17764,0.25487,-0.26409,0.36459,-0.56425,-0.2848,-0.11572,-0.056143,-0.10812,0.26228,-0.26825,0.36681,0.48544,0.26915,-0.21037,0.014725,0.29665,-0.10216,-0.032356,-0.045518,0.53209,0.11625,-1.0894,0.69563,-0.38069,-0.79919,-0.5476,0.48094,-0.50277,0.19015,0.29935,0.20089,-0.14966,-0.59847,-0.097181,-0.24092,0.39828,0.2202,0.089929,0.21482,0.57537,0.12909,-0.33263,-0.049152,0.066118,-0.051777,0.21615,0.36824,-0.10819,0.2022,-0.13433,-0.056155,-2.2314,0.37296,-1.3856,1.8631,-0.34026,0.52736,0.49108,0.34376,-0.0034287,0.34089,0.58454,-0.26084,-0.63906,-0.99226,-0.56077,0.84734,0.19344,-0.51059,0.21702,-0.44472,-0.24604,0.13658,-0.6406,-0.027608,-0.24553,-0.4357,-0.25502,0.36372,0.19816,0.093194,-0.60248,-0.28189,-0.30969,0.47382,-0.69806,0.13352,0.048973,0.49347,0.1076,0.39662,0.35841,-0.0073368,0.013365,-0.087187,-0.59235,0.13572,-0.28826,-0.30141,0.10378,0.46834,0.076344,-0.049596,0.15057,-0.25789,-0.16516,-0.2925,0.14089,-0.03544,-0.28768,0.12052,-2.5356,0.74635,1.2259,1.0375,-1.3776,-0.52606,-0.44544,-0.033721,0.01925,0.049732,-0.55985,-0.85947,-0.095451,0.67415,0.20134,0.37684,-0.61881,0.20163,-0.11185,0.67766,0.52823,0.26227,0.17887,-0.13096,0.048607,-0.57033,0.089407,0.059146,0.17566,0.44902
-0.014875,0.11872,0.25592,0.22878,0.06188,-0.030984,0.0315,0.11648,0.1284,0.093943,0.094679,0.12458,0.11296,0.097716,0.06916,0.03357,0.052822,0.1059,0.15077,0.18048,-0.46625,-0.58667,-0.076254,0.11997,0.088814,-0.036403,-0.11652,-0.10253,0.034483,0.13716,-0.083805,-0.26877,-0.22568,-0.28354,-0.16228,-0.1414,-0.24975,-0.20008,-0.054004,0.072111,0.093067,0.060393,0.01963,-0.0246,-0.070349,-0.031179,0.12433,0.21734,0.12211,-0.080409,-0.16215,-0.13669,-0.42279,-0.41527,-0.26558,-0.097571,-0.059538,-0.078002,-0.055656,-0.036902,-0.045592,-0.078619,-0.081524,-0.059044,-0.066315,-0.089636,-0.092551,-0.11925,-0.06701,0.051783,0.16707,0.26147,0.27048,0.20594,0.094178,0.039695,0.087654,0.14309,-0.038561,-0.12397,0.077679,0.19478,0.18036,0.16033,0.14719,0.10715,0.097144,0.089395,0.097172,0.11411,0.14188,0.16418,0.084731,0.040203,0.044259,-0.51869,-0.50819,0.38132,0.66059,0.84411,0.2443,-0.21375,-0.39299,-0.40073,-0.34996,-0.30307,-0.17816,-0.022885,-0.077522,-0.063855,0.02215,0.050663,-0.023591,-0.045335,-0.077919,0.0063031,0.12507,0.16176,0.19089,0.21938,-0.83058,-0.82691,0.24396,0.3426,0.27355,0.20415,0.17032,0.17252,0.19652,0.17934,0.20135,0.5544,0.70406,0.32492,0.12801,0.16979,0.20319,0.21023,0.14284,-0.0081551,-0.12522,-0.17276,-0.20974,-0.23387,-0.2108,-0.088091,0.088391,0.1574,0.0049546,-0.26607,-0.39429,0.11281,0.48016,0.41638,0.33944,0.27482,0.14064,-0.0080082,-0.013403,-0.024838,-0.090111,-0.14225,-0.12585,-0.10333,-0.10186,-0.22871,-0.38535,-0.37537,-0.18054,-0.098727,-0.10237,-0.073649,-0.064499,-0.053558,-0.024803,0.016771,0.047794,0.07563,0.0087094,-0.095322,-0.19752,-0.29385,-0.1896,-0.011464,-0.029551,0.00055978,0.0059021,0.069332,0.13517,0.14805,0.17762,0.14906,0.32606,0.42421,0.32684,-1.3053,-1.2304,0.42892,0.51465,0.59485,1.0983,-3.6318,0.010663,1.2281,-0.28666,-0.22971,-0.13188,-0.37663,0.44235,0.028312,1.105,0.048565,0.672,-0.093398,0.25089,0.48465,0.5271,0.095635,0.66345,-0.2888,-0.23439,-0.65866,-0.047217,-0.30179,-0.14516,-0.082877,0.10316,0.35062,0.078046,0.296,-1.0626,0.6578,2.1844,0.092848,-1.5781,-0.30103,-0.05985,0.56625,-0.44035,0.24541,-0.10605,0.43666,0.15429,-0.013014,0.11896,-0.13352,-0.4749,0.056197,-0.38754,0.34148,0.45028,0.28708,0.20028,0.062154,0.3611,-0.1109,0.14519,0.32448,-0.022678,0.44197,-0.77176,1.4715,-0.45794,0.52877,-0.41236,-0.65262,-0.84291,-0.26471,-0.03779,0.089929,0.06327,0.37241,0.15138,-0.42334,0.36036,0.073135,0.10066,-0.034613,0.87973,-0.21633,-0.08896,-0.25702,0.46232,-0.035098,-0.19914,0.064167,0.24351,0.104,0.010443,-0.37034,-2.3233,1.2139,-2.2065,-0.31132,1.4224,0.029184,0.93215,0.10828,0.336,0.013967,-0.22571,-0.23514,0.078956,0.0097434,0.25363,0.3223,0.023523,-0.25027,-0.31768,0.036371,0.8602,0.32772,-0.076517,-0.39355,0.15365,0.10966,0.09929,0.066937,-0.32828,-0.19849,-0.44242,-0.22136,-1.2842,-0.28907,0.3009,0.55178,-0.034104,0.61034,-0.15393,0.52533,0.25909,-0.20629,-0.11905,0.39073,-0.49388,0.44894,-0.074427,-0.58439,-0.15227,0.02366,0.047571,0.076611,-0.021852,0.085017,-0.057816,0.053631,0.22914,0.11486,-0.031642,0.25455,-2.7426,1.3784,1.3881,0.53097,1.1704,-0.44062,-0.42934,-0.14612,0.36443,0.043101,-0.61432,-0.011846,-0.86609,0.21657,0.020223,0.12367,0.030018,0.73641,-0.32973,0.21403,0.11537,0.001514,-0.22992,-0.81508,-0.19635,-0.078263,0.70668,0.094983,0.51447,0.42887
-0.036402,-0.15938,0.38521,0.5434,0.44428,0.26282,0.18045,0.20657,0.18187,0.11816,0.086957,0.030121,0.0075034,0.02335,0.0075233,-0.06578,-0.15178,-0.18149,-0.1626,-0.12987,-0.171,-0.23269,-0.060362,0.022559,0.015957,-0.07279,-0.1762,-0.20673,-0.1698,-0.11224,0.051557,0.054431,0.072706,0.11932,0.23672,0.11546,-0.031185,-0.06054,-0.067186,-0.064576,0.014121,0.073231,0.057676,0.045979,-0.023497,-0.090386,-0.061446,-0.0086647,0.014861,0.22219,0.32874,0.30498,0.23016,0.05584,0.026078,-0.01575,-0.039747,-0.043567,-0.036589,-0.043597,-0.054418,-0.039786,-0.026094,-0.016854,0.038687,0.084678,0.071552,0.08216,0.071269,-0.048478,-0.036913,-0.050805,-0.046485,-0.032651,-0.036231,-0.02639,-0.054764,-0.10273,-0.07769,0.013309,0.12532,0.19353,0.17725,0.14799,0.12805,0.067741,0.038553,0.00082662,0.00119,0.037748,-0.016977,-0.014863,0.044255,-0.15515,-0.23856,0.18077,-0.099177,0.174,0.42511,0.62901,1.3572,0.82994,-0.35311,-0.49308,-0.51322,-0.39925,-0.14532,-0.057878,-0.072288,-0.006625,0.022981,0.10666,0.205,0.22159,0.18178,0.098054,0.030548,0.019507,0.04169,0.041779,-1.634,-1.56,0.24171,0.25457,0.24865,0.24151,0.20262,0.20739,0.25231,0.17923,-0.10524,-0.21787,-0.29339,-0.47155,-0.29208,-0.026858,0.051675,0.079502,0.092102,0.10827,0.045372,-0.061562,-0.079338,-0.025032,0.085967,0.20824,0.29623,0.3508,0.34891,0.35867,0.26357,-0.071081,-0.29713,-0.1868,-0.11496,-0.043666,-0.037096,-0.055785,-0.017247,-0.026479,-0.010056,0.04499,0.068439,0.06456,0.069597,0.084831,0.10425,0.18788,0.095063,-0.07337,-0.068417,-0.12691,-0.16561,-0.14875,-0.12624,-0.095448,-0.059502,-0.014024,-0.0023054,-0.035814,-0.086279,-0.15214,-0.13672,-0.091498,-0.10844,-0.051211,-0.0013017,0.1203,0.24761,0.27906,0.5183,0.69605,0.65388,0.77667,-1.5275,-2.2235,0.079147,0.38199,0.49399,0.59282,2.9099,-1.0862,-0.7111,1.7258,0.14451,-0.77122,0.24867,-0.11312,-0.57729,0.41453,0.043815,0.030947,-0.60415,0.10155,0.23904,-0.33064,0.21124,-0.46653,-0.097018,0.68659,-0.019568,-0.12052,0.024196,-0.10925,0.16996,-0.3717,0.16907,-0.051476,-0.2685,-0.24093,-1.862,0.067227,-0.3485,0.84543,-1.3071,0.87377,-0.12837,0.18267,0.15538,-0.035271,-0.57079,0.19051,-0.93413,-0.16382,0.12446,-0.26688,0.14033,0.084105,0.034714,-0.048671,-0.040065,0.28079,-0.1857,0.17534,-0.1377,0.079478,-0.2812,0.29889,-0.008034,-0.046351,-1.4639,-0.59033,-1.2222,-0.67134,-0.75086,0.26339,-0.45576,0.057751,0.19868,0.6644,0.30778,-0.62046,0.09315,0.30305,-0.41537,-0.12341,-0.21654,-0.13651,-0.13545,-0.033969,-0.11084,0.19354,-0.16032,-0.014995,0.34278,0.24052,0.2223,-0.21065,0.044014,0.023477,-4.0855,-0.27931,0.11997,0.014639,-0.42595,0.81828,0.45792,0.38126,-0.42141,0.23018,0.46993,0.31348,-0.51369,-0.26028,-0.19577,-0.32646,-0.66022,0.083191,-0.17105,0.14148,-0.23641,0.31731,-0.35287,0.33092,-0.082465,-0.076565,0.53383,-0.22493,-0.072875,-0.15292,-1.0793,0.62092,0.54617,0.25483,0.40261,0.12792,0.084453,0.53737,-0.16166,-0.21226,0.15749,0.29974,0.34149,-0.13066,-0.111,-0.35683,0.19875,0.18376,-0.30974,0.27044,-0.048697,0.19199,-0.25833,-0.23112,0.12314,-0.089743,0.038749,-0.037204,-0.23498,-0.24535,-2.8799,-0.38924,-0.27647,2.1998,0.36895,-0.78701,1.6556,0.972,-0.32992,0.35713,1.0223,0.45619,0.27235,0.2095,-0.19369,0.092545,-0.39476,-0.78527,0.085602,-0.069293,-0.36349,-0.3621,-0.27906,0.42755,-0.58769,-0.11698,-0.1177,0.099806,0.10791,-0.021099
-0.1504,-0.088666,0.26162,0.45505,0.27451,0.1567,0.20455,0.2568,0.2336,0.20651,0.16486,0.14525,0.1508,0.17181,0.16951,0.11028,0.016891,-0.061186,-0.095689,-0.4105,-0.47658,-0.045204,0.057348,0.0047561,-0.15697,-0.22917,-0.20194,-0.21414,-0.16625,0.041083,0.28293,0.17711,0.13009,-0.011635,-0.066728,-0.099094,-0.12245,-0.072861,-0.016194,-0.026969,0.0012815,0.017255,7.8877e-05,-0.017217,-0.02611,-0.042291,-0.055601,-0.051382,-0.055235,-0.071379,-0.02003,-0.039703,-0.1337,-0.16911,-0.20324,-0.21209,-0.18463,-0.12704,-0.076925,-0.039412,-0.0087314,-0.017091,-0.030443,-0.021859,-0.023927,-0.026629,-0.021081,-0.047723,-0.05197,-0.0018898,0.036788,0.096417,0.19014,0.29621,0.33706,0.24622,0.10313,0.074619,0.12441,0.149,0.14936,0.16864,0.19268,0.17355,0.12851,0.10428,0.083735,0.071992,0.081311,0.074487,0.077028,0.098697,0.024612,-0.036324,0.0068611,-0.56905,-0.59552,0.24884,0.61558,0.8282,0.41579,-0.0036962,-0.35201,-0.41798,-0.42266,-0.19389,0.065236,-0.03354,-0.066138,-0.10278,-0.060466,0.011708,0.058969,0.1319,0.11873,0.10791,0.076908,0.0095813,-0.01748,-1.2648,-1.0628,0.32997,0.39102,0.31234,0.29881,0.34192,0.34268,0.24588,0.15752,0.085422,-0.40439,-0.45466,-0.14494,0.080641,-0.011506,0.012604,0.035483,0.032663,0.0017504,0.016134,-0.015647,-0.057893,-0.060247,-0.047811,-0.027276,0.014306,0.061372,0.081646,0.069332,0.027428,0.051931,0.087292,0.064147,0.044678,0.076119,0.11752,0.16853,0.15188,0.09203,0.081087,0.080635,0.093651,0.11679,0.10897,0.091738,0.024354,-0.021008,-0.048434,-0.029447,0.01428,0.0099127,0.024704,-0.14804,-0.26235,-0.21486,-0.20775,-0.21218,-0.1525,-0.055402,-0.013807,-0.02967,-0.083069,-0.1655,-0.22081,-0.12253,0.014418,0.055074,0.12045,0.119,0.13636,0.15702,0.1297,0.29282,0.3634,0.30023,-1.1021,-1.077,0.38032,0.5321,0.62118,2.3018,-1.1586,-0.62556,0.051487,1.1975,0.97709,0.3103,-0.3146,-0.52888,0.31737,0.52578,-0.41849,-0.42715,0.43673,0.037426,-0.060494,0.12671,0.38706,0.71757,-0.10224,0.029381,0.040119,-0.28653,-0.331,-0.20329,-0.30603,0.062372,0.14995,0.12184,-0.18757,-0.6625,0.0034017,1.1471,-0.25331,-0.62957,-1.2354,-0.43638,-0.12888,0.037132,-0.37509,0.22977,0.27916,-0.68393,-0.41862,-0.21635,-0.16587,0.070161,0.77972,-0.5018,0.36346,0.51746,0.081282,-0.50845,-0.23248,-0.32461,-0.25933,-0.27715,0.12169,-0.04968,-0.24381,-0.85177,0.35966,-0.90547,-0.16034,-0.88193,-0.55155,0.31413,-0.29282,0.24126,0.73948,-0.31883,-0.31014,-0.31415,-0.083523,-0.37831,0.38981,-0.13645,-0.42669,0.19969,-0.4411,-0.078778,-0.13951,0.33913,-0.05862,-0.080245,0.21891,-0.039523,-0.06118,-0.027338,-0.035404,-2.3194,-0.0051397,-1.3904,1.5365,0.045532,-0.81359,0.55524,0.53644,-0.21025,-0.47959,0.46193,0.016428,-0.41607,-0.71993,0.02572,-0.30384,0.41701,-0.44465,-0.47366,-0.36626,-0.0055578,0.12672,0.091541,-0.44809,-0.11818,-0.083322,-0.37012,0.26645,0.15799,0.33691,-0.38189,0.05354,-0.040863,-0.0062933,-0.0059043,0.00045198,0.84853,0.49852,-0.05266,0.30553,0.032054,0.42317,-0.15815,0.053281,-0.069139,-0.016952,-0.36231,0.24975,-0.030805,0.28993,0.17006,-0.27913,0.17426,-0.22389,-0.1085,-0.13849,-0.05252,-0.1101,-0.05992,-0.12373,-2.0489,0.28648,1.3086,1.0807,-1.1329,0.044189,-0.54638,-0.46244,-0.74324,0.23522,-0.75746,-0.75151,0.45761,0.45995,0.031525,-0.25913,0.09812,-0.40141,-0.15427,0.092473,-0.1526,-0.51117,0.076421,-0.2335,-0.19652,-0.52367,0.42654,0.60541,0.52155,0.33222
0.13871,-0.074709,0.021925,0.084721,0.25241,0.19999,0.14488,0.1421,0.10043,0.037567,-0.008197,0.011597,0.057715,0.058542,0.06209,0.10231,0.1436,0.13689,0.092941,0.029014,-0.33931,-0.46169,-0.13082,0.16734,0.21298,0.1117,0.050026,0.054668,0.10175,0.13802,0.061947,0.10441,0.1364,0.064841,0.077053,0.090619,0.066627,0.064302,0.068811,0.042791,0.055078,0.051687,0.020188,0.0012034,0.068336,0.091388,0.063602,0.070513,0.031273,-0.033967,-0.061227,-0.049712,-0.054311,-0.061884,-0.078367,-0.062399,-0.070918,-0.10819,-0.10756,-0.090275,-0.071594,-0.062036,-0.058917,-0.05235,-0.045663,-0.03042,0.038436,0.087398,0.095939,0.12864,0.076398,0.033251,0.037968,0.025915,0.019055,0.0050242,-0.056088,-0.11833,-0.10164,-0.013874,0.10092,0.20465,0.222,0.15604,0.114,0.094327,0.061026,0.056714,0.033486,0.023915,0.03679,-0.030808,-0.00027573,0.065109,-0.098709,-0.45796,-0.43005,0.089753,0.98362,1.244,1.1947,0.20839,-0.34529,-0.29706,-0.30395,-0.32967,-0.25115,-0.14272,-0.1444,-0.10673,-0.063301,0.010247,0.078475,0.085174,0.19147,0.28131,0.27668,0.25222,0.22649,0.19776,-1.3645,-1.3318,0.23839,0.36962,0.32108,0.25989,0.30289,0.36527,0.17684,-0.091194,-0.048806,0.1482,0.18867,0.032067,-0.11379,-0.096833,-0.059807,-0.038691,-0.053378,-0.05453,-0.11449,-0.17428,-0.16237,-0.10829,0.015592,0.17032,0.25399,0.22682,0.14214,0.048507,0.0043834,0.042391,0.021879,-0.0049537,0.011643,0.011227,-0.046574,-0.06863,-0.0045343,0.020454,0.07103,0.077448,0.073191,0.097855,0.098942,0.034207,-0.082972,-0.15293,-0.12978,-0.091135,-0.12347,-0.13642,-0.12444,-0.1078,-0.084532,-0.11004,-0.11661,-0.013009,0.05032,0.016935,-0.034332,-0.10887,-0.18331,-0.12622,-0.02844,-0.029897,0.015897,0.027482,0.078862,0.13783,0.13334,0.35424,0.55467,0.49662,0.42748,-1.4768,-1.7943,0.20119,0.51888,0.61002,2.1931,-1.8639,-0.021857,2.4614,-0.36376,-0.10223,-0.60656,0.32064,0.40521,-0.050506,0.72916,0.15613,0.85037,-0.5669,-0.038442,0.62869,-0.10326,0.010005,0.043653,-0.23189,0.017806,-0.53761,0.13161,-0.079754,0.22396,-0.47282,0.28649,0.23967,-0.12999,-0.25863,-1.6346,0.45374,0.37372,0.66404,-1.9348,0.63818,0.92489,0.38568,0.50066,-0.088374,-0.16791,-0.009597,-0.4437,-0.042103,0.52927,-0.14729,0.078505,0.1036,-0.31543,-0.043847,0.036508,0.37612,-0.087083,-0.095631,0.10643,0.12601,-0.089694,0.0023998,0.028128,-0.16447,-1.2872,-0.15844,-0.22656,0.16937,-0.50348,0.3916,-0.47481,-0.027399,0.57293,-0.40886,0.13051,0.14092,-0.020926,-0.090055,0.22139,0.20656,0.0081024,0.13569,0.033076,-0.16395,-0.19,0.10667,-0.015664,-0.015783,0.20262,0.0056313,0.24782,-0.077955,-0.045903,0.051299,-3.9274,0.060172,-0.55957,-0.30404,-0.53993,0.6105,0.22784,0.29717,-0.23457,0.28904,-0.010259,-0.0042872,-0.59476,0.27911,0.16234,0.069529,0.048749,-0.36449,0.1716,-0.27262,0.14378,-0.11959,-0.017281,-0.054702,0.33846,0.48424,-0.31923,-0.1212,0.031858,-0.22432,-0.89548,0.36015,0.023067,-0.31393,0.049926,0.034598,-0.29673,0.37148,-0.18256,0.13271,-0.38991,-0.15957,0.20393,0.52103,-0.25659,0.12107,0.02616,0.35218,-0.013966,0.12911,-0.24803,-0.45929,0.089459,0.028771,-0.01759,0.11114,-0.0054307,-0.14919,-0.28472,-0.062309,-2.739,0.62554,0.4527,-1.9266,0.31927,-0.39644,-0.89711,-0.52683,0.01071,0.45903,-0.14914,-0.30983,-0.038214,-0.65157,-0.24685,0.9475,0.095331,0.7742,-0.023594,-0.19801,-0.35778,-0.35463,-0.52417,0.07382,-0.19532,0.26487,0.041383,0.17623,-0.2659,0.068744
-0.67003,-0.41868,0.27345,0.29567,0.28344,0.23613,0.20763,0.24201,0.22306,0.1611,0.12685,0.1937,0.27874,0.26604,0.26491,0.21294,0.087751,-0.023613,-0.075574,-0.10855,-0.60744,-0.63709,0.058656,0.024239,-0.18243,-0.28991,-0.29926,-0.29773,-0.23384,-0.090976,0.073312,0.089726,0.09137,0.075582,0.068946,-0.1138,-0.19461,-0.18129,-0.11781,-0.03623,-0.06695,-0.15917,-0.092991,-0.076443,-0.15217,-0.192,-0.0067806,0.21809,0.26395,0.18788,0.13773,0.10071,0.092791,0.1026,0.073705,-0.0072854,-0.090174,-0.072592,-0.041704,-0.063404,-0.10384,-0.10033,-0.095497,-0.085699,-0.015436,0.037248,0.028062,0.031739,-0.056301,-0.16438,-0.091103,-0.031404,0.057267,0.14186,0.16419,0.13077,0.058335,-0.10535,-0.13053,0.064491,0.20227,0.18979,0.14719,0.13317,0.080646,0.059063,0.04533,0.060613,0.092871,0.1368,0.17014,0.10924,0.048278,-0.0038987,-0.20728,-0.22594,-0.040586,0.023814,0.51532,0.77094,0.60062,0.24337,-0.27334,-0.27707,-0.32881,-0.38859,-0.23207,-0.012801,-0.036556,0.012812,0.024396,0.04593,0.054431,0.0019788,-0.0030186,-0.079614,-0.0070107,0.064822,0.022056,-0.020692,-0.84489,-0.58506,0.43317,0.39109,0.21334,0.11178,0.11357,0.13567,0.18784,0.12244,-0.097581,-0.034888,-0.1207,-0.33405,-0.074783,0.19846,0.26898,0.30107,0.30568,0.2764,0.14448,0.043851,-0.064504,-0.2381,-0.28655,-0.21832,-0.081178,0.082857,0.15401,0.042654,0.020116,0.08396,0.14885,0.2159,0.24494,0.1393,0.016832,0.042995,0.042934,-0.00031945,-0.012764,0.0102,0.014356,0.012672,0.069427,0.11068,0.062811,0.0291,-0.11505,-0.14585,-0.070121,-0.10015,-0.13316,-0.10546,-0.075015,-0.046172,-0.017309,-0.074744,-0.16076,-0.21981,-0.26988,-0.13926,0.030387,-0.0029503,0.043379,0.080261,0.17472,0.25892,0.2664,0.29639,0.27825,0.4799,0.58816,0.42203,0.28614,-1.7732,-2.0531,0.087852,0.3834,0.50162,1.9085,-2.4913,-1.2285,2.0627,0.0076199,0.075995,0.32829,0.10749,0.28351,0.49806,0.74556,0.16783,0.22643,0.16936,0.83646,0.28637,0.30024,0.021166,0.21278,0.32958,0.19475,-0.60707,-0.39723,-0.22974,0.19294,-0.49571,0.089805,0.13718,0.32157,-0.14994,-1.1315,0.49223,0.7698,0.11101,-0.45525,-0.41667,-0.59407,0.0512,-0.41089,0.45921,-0.19162,0.28575,-0.47385,0.020884,-0.48104,-0.35151,-0.11974,0.4253,-0.22773,0.22891,0.32369,0.16408,-0.10698,0.58323,-0.10528,0.20245,-0.24313,0.11306,0.29386,0.099053,-0.92038,0.83362,-0.64854,-1.2506,-0.072813,0.6265,-0.40218,-0.069862,0.55977,0.00094382,-0.015711,-1.0659,0.10236,-0.13252,-0.46288,-0.24112,-0.057097,-0.0047491,0.30419,0.050368,-0.20589,-0.093143,0.027181,0.33951,-0.046892,0.056314,-0.29417,0.20414,-0.17597,-0.1365,-2.7254,0.26701,-1.5349,1.8789,0.25174,-0.059181,-0.26656,-0.029337,0.29134,-0.86761,0.15803,0.21744,-0.55829,-0.93635,-0.049812,-0.033672,-0.056571,-0.25949,-0.24033,-0.097768,-0.57082,-0.40199,-0.1555,-0.30997,-0.12106,-0.42253,-0.54843,-0.037388,0.0027098,0.15042,-0.24201,-0.32165,-0.36224,0.92164,0.51619,0.10512,0.1257,0.20042,0.052646,-0.12063,0.27359,0.27248,-0.25438,-0.15898,0.22878,-0.28826,-0.053036,-0.026996,-0.13572,0.38734,0.66667,0.029869,0.50286,0.030742,-0.029338,-0.17253,-0.00064109,-0.17968,0.021005,-0.23197,-2.7867,0.38598,1.3611,1.1557,-1.4257,-0.35953,-0.925,-0.47326,0.060974,-0.13967,-0.20791,-0.25288,0.27199,0.80756,0.067333,-0.11732,-0.17804,-0.76137,-0.22482,0.026717,-0.58126,-0.3384,0.023811,-0.094061,-0.048352,-0.24929,0.45274,0.43195,0.48209,0.07249
0.065711,0.23142,0.4062,0.47265,0.39359,0.29039,0.22208,0.21081,0.16068,0.12797,0.12674,0.10959,0.10418,0.095036,0.058546,0.068502,0.09576,0.064428,0.011153,-0.04363,-0.38162,-0.47149,0.012554,0.17243,0.20092,0.10402,-0.087933,-0.17545,-0.1356,-0.14488,-0.11445,0.036023,0.12239,0.15178,-0.061032,-0.12241,-0.13842,-0.084854,-0.031875,-0.031667,0.0284,0.055829,0.019712,-0.0038965,-0.020452,0.023823,0.05751,-0.031628,-0.118,-0.18668,-0.28836,-0.27507,-0.28421,-0.14206,-0.053151,-0.051589,-0.072107,-0.090215,-0.054094,-0.022273,-0.037521,-0.063915,-0.052927,-0.067424,-0.081212,-0.057638,-0.049033,-0.03612,-0.051524,-0.10237,-0.054754,0.0018598,0.070443,0.10714,0.10751,0.092005,-0.008415,-0.031758,0.10756,0.24094,0.29007,0.28321,0.21952,0.14406,0.11038,0.081179,0.045643,0.047916,0.04597,0.058295,0.085152,0.0097681,-0.037611,-0.037772,-0.51771,-0.4666,0.24104,0.3901,0.51126,0.61616,-0.32349,-0.33308,-0.27485,-0.2594,-0.27084,-0.18138,-0.093634,-0.16143,-0.18345,-0.10868,-0.033954,-0.021627,0.034206,0.040253,0.13208,0.23032,0.23046,0.19935,0.1619,0.10486,-1.5402,-1.4025,0.35912,0.36782,0.2965,0.23037,0.25118,0.31354,0.28209,0.27011,0.23546,-0.33271,-0.4281,-0.21673,0.15677,0.16971,0.19415,0.13952,0.060668,0.066855,-0.01319,-0.1469,-0.21698,-0.20215,-0.10381,0.022821,0.046253,0.0002198,-0.041692,-0.12164,-0.23067,-0.20286,0.017111,0.19925,0.32447,0.35371,0.25254,0.084169,0.062594,0.0082357,-0.057061,-0.060044,-0.02787,-0.029244,-0.080285,-0.1911,-0.25785,-0.14602,-0.083309,-0.093061,-0.055137,-0.097311,-0.12962,-0.10657,-0.078542,-0.044056,-0.064246,-0.047939,-0.022183,-0.049161,-0.07458,-0.12722,-0.18919,-0.13093,-0.024084,0.018703,0.12404,0.17384,0.22133,0.25731,0.23825,0.41419,0.52842,0.40734,-1.4038,-1.5258,0.31495,0.38489,0.4466,0.54329,3.1125,-1.2671,-0.85159,-0.20483,1.7547,0.61442,0.33043,-0.47396,-0.45835,0.29609,0.64628,-0.63233,0.19787,0.61875,-0.36183,-0.29119,-0.13393,0.040876,0.39855,0.05853,0.26081,0.21533,0.038739,-0.39348,0.12654,-0.058317,0.56011,0.175,0.12688,-0.2347,-1.5353,0.87016,0.58398,0.10669,-1.8912,1.2218,-0.28587,-0.28872,0.3248,-0.098798,0.060199,0.31159,-0.99103,-0.025626,-0.23999,-0.30352,0.052853,0.28372,-0.47615,-0.16917,0.26825,0.36192,-0.057309,-0.33869,0.21888,0.20995,-0.098633,0.39894,-0.026172,0.31125,-1.2476,0.32818,0.10537,-0.0020029,-0.96475,-0.51635,-0.14411,-0.20034,0.51792,0.5748,-0.75241,0.037922,-0.011198,0.1698,0.018239,0.024509,-0.20794,0.23866,0.68492,-0.24454,0.092502,0.30517,0.34248,0.17237,-0.091436,-0.022661,-0.11455,-0.063317,-0.46015,0.034598,-3.3536,0.91257,-0.92778,0.74201,-0.18571,-0.98094,1.5467,0.48159,0.11643,-0.4632,0.27389,0.20488,-0.037038,0.32701,-0.64763,-0.14673,0.11594,-0.44028,-0.026749,-0.23156,0.50099,0.1952,-0.26569,-0.37921,-0.27958,-0.11547,-0.47591,0.1579,-0.10842,0.26836,-1.0669,-0.43463,0.14042,-0.50564,-0.74462,0.044088,0.66802,0.67284,0.26755,0.54645,-0.058933,-0.05961,-0.2654,-0.18584,-0.27567,-0.00057766,-0.19264,0.21146,-0.39106,-0.020405,-0.14638,-0.12221,0.1466,-0.43865,-0.088853,0.014285,-0.10021,0.086626,0.27366,0.14514,-3.1587,1.368,0.44838,1.0991,-0.088448,0.22808,1.6013,0.48423,-0.014493,-0.1413,-0.85914,0.32786,-0.054996,0.33817,-0.43279,-0.18514,0.18599,0.23282,0.014643,0.3655,-0.18156,0.34365,7.2157e-05,-0.23859,-0.16883,-0.33097,-0.24978,0.2458,0.67823,0.084039
0.038971,0.27356,0.42376,0.28523,0.157,0.1231,0.077842,0.031366,0.015587,0.00026763,-0.012847,-0.0075949,0.010179,0.011002,0.0045714,0.00079947,-0.032842,-0.089247,-0.1052,-0.14632,-0.40952,-0.4274,-0.036548,-0.017021,-0.066897,-0.13458,-0.16986,-0.17432,-0.10096,-0.010098,0.048703,0.036484,0.16084,0.12486,-0.088919,-0.20828,-0.19762,-0.08317,0.0020333,0.0026566,-0.011205,0.015886,0.021843,-0.0078144,-0.042731,-0.034044,0.030795,0.093901,0.11729,0.071829,0.15921,0.26788,0.2822,0.17638,0.074959,0.071161,0.041251,0.032369,0.043796,-0.013922,-0.07546,-0.057048,-0.046457,-0.045861,-0.062114,-0.07303,-0.069727,-0.075029,0.0078527,0.089512,0.095541,0.10863,0.092338,0.058819,-0.019743,-0.13832,-0.21527,-0.20852,-0.13644,-0.012248,0.092632,0.15447,0.2071,0.20543,0.18552,0.15575,0.10098,0.079782,0.073987,0.085754,0.096726,0.12393,0.13946,0.089891,0.14998,0.14944,-0.08566,-0.06973,-0.27691,0.0024387,0.5407,-0.21262,-0.44311,-0.37258,-0.29886,-0.31427,-0.19074,0.013959,0.015474,0.0013828,-0.025096,0.0067682,0.074553,0.0979,0.092685,0.090114,0.066631,0.023348,0.014607,-0.0037683,-1.1228,-0.99447,0.23767,0.20253,0.18649,0.19093,0.17182,0.18015,0.20084,0.026136,-0.26274,0.013291,0.1036,0.16813,0.27456,0.29533,0.29085,0.2454,0.12228,0.0331,0.057692,-0.0054129,-0.09699,-0.12568,-0.099917,0.035599,0.22157,0.33072,0.33524,0.23557,0.1319,-0.027966,-0.076954,-0.081653,-0.13362,-0.12566,-0.068251,-0.01661,0.018788,0.050176,0.09741,0.14582,0.13574,0.089354,-0.051815,-0.27718,-0.42052,-0.36991,-0.1308,-0.059156,-0.10015,-0.096349,-0.092693,-0.10054,-0.098428,-0.046633,0.023654,0.074348,0.067576,0.043252,0.020116,-0.042145,-0.13217,-0.14107,-0.10792,-0.11314,-0.047582,-0.0019202,0.084185,0.15096,0.13793,0.13618,0.08266,0.3604,0.59193,0.5428,0.37848,-2.1399,-1.5143,1.1101,2.6091,-1.3504,-0.46866,0.606,0.77213,0.58443,1.8317,-0.47392,-0.69691,-0.58345,0.47298,-0.29185,-0.34847,0.34452,0.088628,-0.24313,-0.42531,0.25281,0.52355,-0.049807,0.36704,-0.20292,0.01415,-0.65979,0.31031,0.17794,0.40238,0.28697,-0.47543,0.21572,-1.0205,0.82434,0.5739,0.81742,-1.5106,-0.95461,-0.54977,0.79126,-0.18568,0.067108,-0.21797,0.66842,-0.15943,-0.14682,-0.057158,0.10628,0.18623,0.23346,0.39658,-0.15675,-0.1466,0.074177,0.054861,0.052154,-0.086817,0.081202,0.062267,-0.10422,0.21615,-0.099378,-1.177,-0.05712,-0.15343,-0.31305,-0.13088,1.1632,-0.53774,-0.070247,-0.10613,0.028687,0.25429,-0.19002,0.028122,-0.61838,-0.32615,-0.14623,-0.83636,0.00191,0.055917,0.38671,0.036778,-0.27615,-0.08136,0.018289,0.11325,-0.0011495,0.028701,0.0017407,-0.24867,0.22278,-3.7306,0.12595,-0.75006,0.056569,-0.24263,0.64359,0.31971,0.24495,-0.071002,0.17429,-0.33788,0.017604,-0.78403,-0.57704,-0.3281,-0.36612,-0.59252,-0.43913,-0.051689,0.19361,0.18616,-0.10949,-0.061394,0.60336,-0.19878,0.29511,-0.43492,0.27012,-0.1618,-0.31373,-0.52411,-0.14542,0.066957,0.0086296,0.61305,0.23963,-0.035684,0.71881,-0.57705,0.4578,0.38031,0.31615,0.44753,-0.049619,0.51032,-0.2113,0.39837,-0.090847,-0.22414,0.018298,0.245,0.015807,0.05973,-0.18226,0.26391,-0.25616,-0.027303,-0.050254,-0.050104,-0.092677,-2.2818,0.60787,1.2105,-1.7445,-1.1702,-0.27467,1.0653,-0.68284,-0.6548,-0.20667,-0.087736,-0.47429,-0.12088,0.13509,0.2591,0.97229,0.24693,-0.41669,0.55404,0.18833,-0.30818,-0.037162,-0.27672,0.31298,0.035401,0.52469,-0.19651,-0.25653,-0.040159,-0.15266
-0.20424,-0.17596,0.22942,0.31385,0.34445,0.32971,0.27885,0.23842,0.22288,0.1586,0.11893,0.027608,-0.0053401,0.058662,0.10491,0.086639,-0.053784,-0.20579,-0.26227,-0.24899,0.27052,0.18753,-0.31592,-0.23849,-0.14133,-0.0049758,0.088573,0.056655,-0.059438,-0.20698,-0.26952,0.02685,0.090058,0.21505,0.08228,-0.05767,-0.12468,-0.10404,-0.0039655,0.084418,0.085508,0.061451,0.048916,0.063913,0.055441,0.0089056,-0.013559,-0.0088231,0.072664,0.12957,0.070504,0.052674,0.1207,0.10606,0.016038,-0.022321,-0.020372,-0.0018574,0.030423,0.012022,-0.02543,-0.020338,-0.044342,-0.067583,-0.058197,-0.036596,-0.010134,-0.025264,-0.018655,-0.048078,-0.13402,-0.13779,-0.1475,-0.1416,-0.10912,-0.05217,-0.025261,-0.04823,-0.026527,0.075651,0.21682,0.3138,0.28823,0.22587,0.18195,0.10572,0.072423,0.04798,0.056805,0.094304,0.14982,0.18688,0.036709,-0.088937,-0.063011,0.009729,0.079298,-0.27212,-0.48335,0.094125,0.85389,0.21198,-0.32593,-0.34043,-0.3958,-0.4787,-0.32935,-0.081038,-0.12455,-0.091145,-0.078517,0.025875,0.19086,0.29702,0.32521,0.26906,0.20853,0.15134,0.097999,0.016762,-1.909,-1.8989,-0.0016671,0.080174,0.10474,0.12508,0.1246,0.12043,0.20303,0.35175,0.45455,-0.05772,-0.41266,-0.27509,0.14467,0.24102,0.2864,0.28989,0.22593,0.04062,-0.14047,-0.16829,-0.11845,0.0026967,0.088285,0.097209,0.098444,0.10843,0.23271,0.35717,0.214,-0.11958,-0.31135,-0.20159,-0.053023,-0.0031368,0.02816,0.048341,0.029007,-0.028509,-0.052006,-0.019511,-0.023116,-0.03525,-0.069402,-0.13852,-0.1394,-0.066068,0.049396,0.041517,0.0044348,0.0051998,-0.048303,-0.088844,-0.072498,-0.046718,-0.034354,-0.014601,-0.0042228,-0.036061,-0.086386,-0.16114,-0.16012,-0.12002,-0.13742,-0.093259,-0.066761,0.040863,0.16256,0.22685,0.29409,0.27322,0.37457,0.40519,0.33146,0.37622,0.39584,-1.6996,-0.79384,1.1372,3.1372,-0.63102,-1.0213,-0.13219,1.2325,0.64711,1.7392,-0.80842,-0.45514,0.20011,0.50296,-0.52139,0.21343,0.54651,0.17597,0.33468,0.18315,-0.19047,-0.010373,0.22687,-0.082282,-0.46627,0.094947,0.1404,-0.20941,0.41113,0.08492,0.11841,-0.088878,-0.0042195,-1.4451,0.65859,-0.3622,0.70141,-1.8502,1.0837,0.0065469,0.49566,0.43771,0.25379,-0.0029024,0.30664,-0.85098,-0.16913,-0.063188,-0.17421,0.51829,-0.047232,0.15273,-0.19351,-0.0053119,0.30131,-0.19901,-0.059994,0.011459,-0.39008,-0.69905,0.089142,0.16765,-0.35963,-1.4812,-0.66678,-0.24152,-0.44147,-0.49848,0.47802,-0.53334,-0.40259,0.079792,0.089962,-0.14765,-0.56969,-0.041367,-0.078087,-0.21563,0.17601,-0.92281,-0.073329,-0.24246,-0.049217,-0.1597,0.39556,-0.14262,0.22788,0.19456,0.4233,-0.48233,-0.44379,0.002715,0.56204,-2.792,1.0899,0.39815,-1.4856,2.1039,0.85069,0.24986,0.78544,-0.36265,-0.32006,0.25545,-0.28171,-0.20223,-0.07806,-0.066486,-0.052598,0.32901,0.081152,-0.19581,0.010882,-0.55785,-0.52599,-0.61481,-0.21655,0.11535,-0.19345,0.17284,0.33231,-0.14693,0.17084,-0.77326,0.012862,0.86681,-0.24987,-0.1634,0.157,-0.18041,0.77667,0.070262,-0.1116,0.19299,0.036274,0.065111,-0.23828,0.23186,-0.44613,0.57457,-0.086236,-0.35172,0.11925,-0.33622,0.042589,0.12932,-0.45536,-0.32189,-0.1909,0.004036,-0.16049,-0.32761,0.26689,-3.2767,1.1408,-0.83338,-1.8622,0.78598,-0.36272,-0.1714,-0.13378,-0.75771,-0.12068,-0.26453,-0.76455,0.17311,0.12368,-0.40971,0.14007,0.16207,-0.8243,0.43605,0.11798,-0.25142,0.073728,0.082723,0.30865,0.41084,-0.0085625,-0.22258,0.091539,-0.24182,0.29067
-0.12263,-0.016146,0.1704,0.08205,0.012363,0.025601,0.07895,0.10311,0.075244,0.024031,-0.025932,-0.056627,-0.035901,0.042505,0.077098,0.0046597,-0.13257,-0.23973,-0.28387,-0.0093052,-0.13784,-0.31573,-0.17226,-0.098456,-0.05926,-0.02352,-0.016704,-0.010046,0.027871,0.049937,0.07821,0.28294,0.31355,0.16201,-0.0042508,-0.11039,-0.10855,-0.021426,0.080675,0.12542,0.11372,0.083726,0.063768,0.13007,0.12985,0.066426,0.10402,0.17335,0.20948,0.16347,0.054985,0.0083187,0.099675,0.18558,0.17556,0.08496,-0.055631,-0.13586,-0.1179,-0.096402,-0.08914,-0.030288,0.019198,0.039481,0.078754,0.085468,0.061505,-0.025994,-0.090271,-0.08568,-0.11747,-0.088936,-0.075087,-0.057906,-0.065413,-0.12534,-0.17161,-0.10456,0.0043714,0.086795,0.13807,0.16561,0.18136,0.16728,0.10639,0.07251,0.041158,0.035218,0.053199,0.084896,0.11342,0.01626,-0.066756,-0.041542,-0.13078,-0.047851,-0.37211,-0.39803,0.80155,0.96046,0.5961,0.012942,-0.27427,-0.24861,-0.24241,-0.19812,-0.14925,-0.15822,-0.17192,-0.15038,-0.097648,-0.016828,0.12986,0.29254,0.32071,0.21486,0.066261,-0.034227,-0.093757,-1.5262,-1.3768,0.1435,0.29014,0.30451,0.2684,0.19317,0.063169,-0.001783,0.0014794,0.010523,0.039341,-0.45231,-0.42087,0.098789,0.22821,0.2726,0.27754,0.23715,0.12759,-0.018863,-0.14195,-0.21652,-0.18915,-0.040579,0.1184,0.23909,0.36085,0.46333,0.49112,0.40958,0.28402,0.082132,-0.18179,-0.3031,-0.26255,-0.10845,-0.0067769,0.010837,0.015594,-0.045439,-0.059554,-0.12349,-0.18198,-0.12758,0.008522,0.16107,0.24153,0.12244,0.044475,-0.0072879,-0.078026,-0.049527,-0.04461,-0.02887,-0.004976,-0.015235,-0.01198,0.010786,-0.0073968,-0.034315,-0.064189,-0.035862,-0.015614,-0.05898,-0.032555,-0.01634,0.055177,0.13286,0.16233,0.2223,0.2267,0.42667,0.53989,0.44415,0.38612,-1.802,-2.0237,-0.033981,0.52152,0.61525,2.1387,-0.55762,-0.92081,-1.9917,-0.70841,1.3335,0.4063,-0.080725,0.54715,0.17288,0.18011,-0.26509,0.68282,0.25912,-0.03896,-0.33483,-0.33848,0.5455,0.51612,0.35101,0.022015,-0.70453,-0.3091,0.058179,-0.10202,0.043129,-0.43708,-0.32282,0.069893,-0.32434,-1.3558,0.52856,-0.42589,0.043338,-1.4009,-1.0383,-0.34011,0.3093,-0.34527,-0.16152,-0.13723,0.27765,-0.096977,-0.32896,-0.16344,-0.011864,0.2503,-0.13655,0.30429,-0.10228,-0.38965,-0.084457,0.35914,0.032495,0.013437,-0.020221,-0.13702,0.18063,0.037575,-0.22987,-1.1583,-0.75807,-0.20351,-0.87697,-0.62446,0.5972,-0.30981,0.098921,0.21368,-0.13888,-0.075324,-0.22272,0.10931,-0.24684,-0.042369,-0.52356,-0.38833,-0.10526,0.17784,0.17959,-0.35578,-0.10814,-0.45625,0.23597,0.47318,0.0019943,-0.42119,-0.3308,-0.0088126,0.093413,-2.6614,-0.24027,-0.33997,2.2112,0.0057747,-0.052734,0.020963,-0.3582,-0.70817,0.97962,1.1504,-0.30352,-0.34281,-0.98693,0.16072,0.022196,-0.23197,0.23829,-0.16533,-0.026975,0.17639,-0.27702,0.058837,0.0098526,0.17243,0.47188,0.3873,0.10062,-0.01109,0.11505,-0.62089,0.29461,0.86925,0.36904,0.23322,0.33178,0.27564,0.063519,-0.042629,0.29913,0.25386,0.36676,0.23715,-0.11017,0.17053,-0.2243,0.11089,-0.10723,-0.22758,-0.49342,-0.59271,0.10067,0.19767,-0.16786,-0.19269,-0.23889,0.18123,0.0023516,-0.11162,-0.29734,-2.6202,-0.049357,0.45888,1.0761,-1.84,-0.20926,-0.35576,-1.192,-0.3601,0.10271,-0.46237,-0.95004,-0.019521,0.44704,-0.059991,-0.29266,-0.54027,-0.44622,-0.19981,-0.25107,-0.50236,-0.24553,-0.5387,-0.19679,-0.018376,-0.12209,0.011609,0.13549,0.081718,-0.19072
0.35901,0.0093756,0.05286,0.10964,0.036371,0.070982,0.17552,0.18278,0.093607,-0.021812,-0.069067,-0.012499,0.05958,0.086446,0.053168,-0.12144,-0.26063,-0.26374,-0.28164,0.72184,0.60883,-0.43664,-0.27898,-0.18444,-0.10846,-0.053265,-0.064232,-0.059837,0.075794,0.23568,0.346,0.062287,0.24018,0.36125,0.23119,0.19098,0.050367,-0.076902,-0.099055,-0.064915,-0.030187,0.012304,0.023695,0.010944,0.057098,0.10001,0.11595,0.16282,0.20565,0.19193,0.11299,0.079136,0.15068,0.22061,0.21263,0.13481,0.018833,-0.049474,-0.045009,-0.038655,-0.028489,0.013198,0.055196,0.065101,0.048846,0.033765,0.043957,0.047783,0.1177,0.10676,0.061163,-0.030733,-0.21131,-0.27921,-0.31012,-0.25443,-0.20618,-0.18579,-0.18118,-0.16473,-0.085212,0.055063,0.14434,0.1429,0.087852,0.092889,0.15892,0.17283,0.1732,0.17311,0.061112,0.020523,0.10445,0.15115,0.1488,-0.0061641,-0.14434,-0.054775,-0.43984,-0.36567,1.8675,1.3105,-0.24911,-0.32641,-0.32511,-0.24055,-0.2046,-0.267,-0.21735,-0.062984,0.1769,0.37538,0.44997,0.44268,0.35668,0.3283,0.34737,0.34389,0.19571,-2.1119,-2.1297,0.0091372,0.27111,0.31508,0.30515,0.29402,0.27642,0.26976,0.28054,0.23043,-0.26586,-0.69079,-0.5042,-0.23573,-0.095898,-0.075907,0.05104,0.14435,0.17825,0.13713,0.071698,-0.070866,-0.16808,-0.12339,-0.024676,0.096855,0.16989,0.23072,0.28624,0.26541,0.14052,-0.036504,-0.19667,-0.25911,-0.2208,-0.10167,-0.068866,-0.12375,-0.13971,-0.15719,-0.095248,-0.023231,0.027006,0.029367,0.028249,-0.031804,-0.076957,-0.046563,0.053306,0.058665,0.038347,0.016345,-0.004682,0.01948,0.03774,0.054267,0.017368,-0.0060779,0.019272,0.014265,-0.032963,-0.11085,-0.19208,-0.24917,-0.24995,-0.095754,0.065436,0.044601,0.10486,0.080784,0.19568,0.33153,0.34761,0.28055,0.18841,0.28243,0.33355,-2.1084,-1.5339,0.90567,3.4348,0.13979,-0.95987,-2.6417,0.48305,0.51757,0.33608,-0.13528,0.75037,0.083863,1.1763,0.20013,0.083834,0.0084294,0.37689,0.13731,-0.27816,-0.069303,-0.14753,-0.34777,-0.42386,-0.52436,0.13574,0.1768,-0.30897,-0.044215,0.16947,0.30343,-0.10447,0.25418,-1.2037,0.44869,-0.27429,-0.16978,-0.98289,-1.8611,-0.27929,0.30188,-0.44887,-0.78306,0.59124,0.5301,-0.049758,-0.71118,-0.16375,0.027141,0.082254,0.42571,0.06811,0.068809,0.010286,0.3514,-0.83476,-0.25116,-0.68242,0.28988,0.029293,0.24871,-0.40993,-0.31261,-1.9053,-1.1667,-0.73325,-0.6779,-1.0998,-0.69259,-0.067759,-0.24897,-0.18025,0.17417,-0.16356,0.00014241,-0.063635,-0.31568,-0.33705,0.019117,-0.46799,-0.16476,-0.056155,-0.035891,-0.18134,0.10143,-0.31532,0.24558,0.14318,0.44563,0.074593,-0.2285,0.21285,0.20044,-4.1173,0.13779,0.34616,0.93857,0.17831,-1.4523,1.0704,-0.1467,-0.064633,-0.36281,-0.52538,0.7207,-0.10949,0.17656,-0.16329,-0.60999,0.12934,0.72778,-0.3234,-0.26227,0.1503,-0.30157,-0.23135,0.208,0.050406,0.13142,0.81055,0.23736,-0.00068877,-0.69988,-1.2528,0.40508,1.4262,-0.079176,-0.0044079,0.17993,0.27436,0.35205,-0.23872,0.40678,0.082239,0.56748,-0.31175,-0.19553,0.22373,-0.34878,0.66039,-0.17005,-0.81232,0.15271,-0.5545,0.63176,-0.28124,-0.18875,0.13177,0.009094,0.048407,0.089544,-0.30686,0.22467,-3.4042,0.29613,-1.758,2.0508,1.4669,-0.45597,-0.62307,0.27262,-0.30838,1.0776,0.8191,-0.48404,0.2733,0.43148,-0.55663,0.36777,0.080633,-0.8568,0.69428,-0.28416,0.27294,0.37165,0.24156,0.11891,-0.066883,-0.02385,0.38521,0.11379,-0.17681,0.042396
-0.18152,-0.19343,0.15992,0.46467,0.3676,0.22911,0.21171,0.21426,0.14912,0.081827,0.067844,0.061968,0.057658,0.051057,0.02868,0.0049753,-0.010269,-0.033929,-0.06093,-0.080537,-0.38703,-0.49252,-0.12872,0.15192,0.15327,-0.13393,-0.33249,-0.26122,-0.093344,0.069148,0.13292,0.16364,0.21676,0.21692,0.17711,0.039678,-0.030719,-0.047936,-0.020286,0.035781,0.072678,0.03446,-0.029067,-0.073378,-0.087123,-0.035117,0.052344,0.12342,0.15705,0.12266,0.035945,-0.030236,-0.041994,-0.050992,-0.095338,-0.13125,-0.11469,-0.038831,0.010515,0.016802,0.006349,-0.010411,-0.00077703,0.038241,0.068019,0.073097,0.060966,-0.007776,-0.07889,-0.0067504,0.03623,0.065385,0.033522,-0.024222,-0.057666,-0.13893,-0.18632,-0.089628,0.062207,0.16559,0.19531,0.16126,0.10688,0.067047,0.024671,0.039143,0.081406,0.082282,0.080805,0.088481,-0.013045,-0.10229,-0.014443,0.052451,-0.34411,-0.41663,0.036237,0.085334,0.58754,0.80889,0.53513,0.11877,-0.33068,-0.43198,-0.44138,-0.27079,-0.080765,-0.13972,-0.1211,0.0097699,0.10691,0.079937,0.069318,0.056047,0.01559,0.0636,0.12004,0.10742,0.090617,0.072533,-1.3079,-1.2444,0.23815,0.36978,0.30389,0.21857,0.17502,0.21145,0.13661,-0.040888,-0.15251,-0.037492,-0.05038,-0.17682,-0.019014,0.15889,0.21096,0.23588,0.22855,0.16727,-0.024886,-0.25038,-0.34767,-0.35251,-0.25178,0.0033359,0.26052,0.37272,0.39567,0.35518,0.25947,0.14337,0.034996,0.00096743,0.042976,0.098181,0.13847,0.079261,-0.02935,-0.094928,-0.14007,-0.15686,-0.12448,-0.041213,0.043492,0.067686,0.070705,-0.047236,-0.11834,-0.038674,-0.020389,0.0045097,-0.0093623,-0.013137,0.013002,0.0087628,0.017701,0.03296,0.0019957,-0.028416,-0.051482,-0.059667,-0.067697,-0.086345,-0.074043,-0.046537,-0.032046,-7.3962e-05,0.097323,0.15169,0.22245,0.39566,0.53198,0.47423,0.40348,-1.6323,-2.0966,0.15467,0.41022,0.5168,2.7081,-1.8595,-0.89435,1.296,0.079279,-0.59494,0.69688,-0.081763,-0.43292,0.26631,0.27865,-0.081061,0.023985,0.29188,0.095301,-0.22283,-0.37552,0.049579,0.12149,0.33617,-0.21459,0.016219,-0.37126,-0.036406,-0.029233,-0.14099,-0.086222,0.18347,0.51722,-0.044244,-1.3403,0.67354,0.28892,0.38744,-1.3555,0.83494,0.17241,0.48146,0.04058,-0.19565,-0.19529,0.24877,-0.87249,-0.12288,-0.14684,-0.39991,-0.22602,0.1948,-0.039764,-0.24754,-0.21475,0.33217,-0.12295,0.18144,-0.2256,0.41949,0.12161,0.15049,0.02093,-0.14861,-1.2144,0.13662,-0.46321,-0.64737,-0.16297,0.55927,-0.72648,0.16102,0.39964,0.11105,-0.12104,-0.38853,0.32222,-0.35078,-0.18602,-0.2975,0.16456,-0.18949,0.096633,0.060416,-0.30607,0.23465,-0.19269,-0.0075185,0.2286,-0.017075,0.28785,0.21529,-0.20368,-0.21283,-3.7848,0.55922,-0.45301,0.054943,-0.36541,0.80304,-0.072693,-0.0289,-0.31227,-0.37869,0.033951,0.30849,-0.56216,-0.58745,-0.021385,-0.48481,-0.094092,0.44689,-0.0054008,0.32976,0.53188,0.053631,-0.65605,0.15158,0.068201,0.24646,-0.27136,-0.34623,-0.054139,-0.28705,-0.68638,-0.14153,0.11657,0.36238,0.53193,0.4653,0.084785,0.30104,-0.022889,-0.071146,0.051712,0.036014,0.21388,-0.20703,0.11229,0.14043,-0.099047,0.13925,-0.53828,0.26944,0.32272,0.32162,0.0019742,0.026007,-0.097212,-0.079462,0.18017,0.013192,0.14492,-0.081789,-3.3581,0.69237,0.58591,1.1876,-0.64631,-0.39113,1.1215,-0.38224,-0.10376,-0.57477,-0.64357,0.16905,-0.14974,0.20312,-0.043189,-0.31608,-0.068538,-0.29984,-0.35972,-0.55188,-0.23486,0.42858,-0.19188,-0.17132,-0.1768,0.39372,-0.15977,-0.26779,0.18892,0.11153
0.81578,0.41783,0.13098,0.12473,0.034168,0.081361,0.21082,0.25808,0.20514,0.14513,0.089111,0.070285,0.084028,0.11856,0.13456,0.094249,0.026548,-0.035599,-0.088771,-0.14181,-0.37844,-0.3059,0.12434,0.14517,0.15894,0.07849,-0.093961,-0.1736,-0.090964,-0.030876,0.068199,0.0059529,-0.025554,-0.01474,0.038331,-0.012866,-0.13988,-0.11496,-0.049501,-0.025039,-0.0032076,-0.017232,0.019082,0.033936,-0.016773,-0.067231,-0.072064,-0.0098353,0.030709,0.043745,0.046248,0.064189,0.12994,0.099243,-0.0075014,-0.059705,-0.064718,-0.060425,-0.060901,-0.051906,-0.037791,-0.026523,-0.017527,-0.012658,-0.0061988,-0.0057418,-0.0029694,-0.018971,-0.036916,0.030304,0.078194,0.10645,0.10541,0.014318,-0.093987,-0.1498,-0.13934,-0.11854,-0.093783,-0.034351,0.034234,0.080419,0.049449,0.027363,0.058092,0.058291,0.031731,0.022137,0.0016059,-0.0037142,0.0099793,0.036598,0.11411,0.19651,0.20581,0.15612,0.076745,-0.26944,-0.74322,-0.68999,2.0945,1.5423,-0.26798,-0.29111,-0.28246,-0.1378,-0.022771,-0.11506,-0.10819,-0.084812,-0.0020283,0.07989,0.11045,0.18162,0.18339,0.21748,0.2314,0.17688,0.12807,0.050802,-1.4562,-1.4678,0.13553,0.091555,0.2984,0.45296,0.36223,0.31256,0.36028,0.33375,0.18252,-1.168,-1.0386,0.145,0.33836,0.59538,0.63698,0.41179,0.087822,0.071881,0.0036595,-0.033116,-0.15339,-0.25424,-0.24921,-0.19839,-0.1081,-0.083274,-0.020965,0.097699,0.061359,-0.14007,-0.2493,-0.12236,-0.038272,-0.052695,-0.011213,-0.025605,-0.044095,-0.0050045,0.0054094,0.0391,0.05172,0.047997,0.030723,-0.066079,-0.12813,-0.19276,-0.197,-0.11814,-0.10345,-0.093887,-0.0775,-0.087708,-0.085977,-0.044763,-0.002409,0.0088044,-0.0072023,-0.028993,-0.06243,-0.10924,-0.14159,-0.084815,-0.031596,-0.045386,0.00042935,0.025403,0.086628,0.15867,0.16773,0.24735,0.3225,0.28157,0.19863,0.11704,0.082501,-1.7103,-1.1451,0.46375,3.386,-0.96897,-1.1686,-1.6297,-0.22768,-0.5414,-1.4224,-0.20952,-0.89912,-0.14978,0.011144,-0.30549,0.0027233,0.83864,-0.26505,-0.60426,-0.21448,0.37815,-0.16457,0.077021,0.61795,-0.46786,0.48189,0.35545,0.033696,-0.20818,-0.41972,0.052877,0.02485,-0.46687,-1.8075,0.76506,-0.078857,0.20116,-1.1932,0.82652,-0.37461,-0.25267,0.73867,0.11617,-0.53722,1.0469,-0.83986,0.25964,-0.46273,-0.14368,0.29869,0.042602,-0.11428,-0.063739,0.26442,-0.19135,-0.26892,0.068705,0.040146,-0.0053012,0.01991,0.17485,0.016961,-0.42127,-1.686,-0.056413,-0.02852,-1.0316,-0.93915,0.93095,-0.072655,0.37519,0.8123,0.40009,-0.36925,-0.66458,-0.35395,0.003006,-0.42638,0.24408,-0.53703,0.37451,0.08329,0.53313,0.016712,0.18526,-0.29749,0.33704,0.17724,0.37494,-0.028128,-0.19416,0.24876,-0.065196,-4.0511,0.68149,-0.56107,1.5002,0.099486,-0.95463,1.0049,0.63289,-0.40219,-0.59583,-0.13672,0.26746,-0.21518,-0.16513,-0.0050837,-0.20527,-0.1275,0.054541,-0.88143,0.68596,-0.19358,0.014885,-0.4415,0.0638,0.027264,0.19291,-0.0977,0.20399,-0.2832,0.18701,-1.2572,0.38913,0.83173,0.017396,-1.3192,-0.31513,0.0060361,0.16945,-0.13405,0.13268,0.23673,-0.13779,0.39265,-0.17136,0.61851,-0.18914,0.39971,-0.35724,0.36929,-0.30608,0.28134,0.026066,0.079298,0.057965,-0.025371,-0.34101,0.41894,-0.072828,-0.39257,-0.48741,-3.9391,0.975,0.11678,0.65206,-1.0542,0.18075,1.4111,0.49296,-0.087548,0.43932,-0.53053,0.30889,-0.23567,0.16555,-0.12348,-0.26742,0.45339,-0.42553,0.18954,0.17538,0.039181,-0.4337,-0.18177,-0.094489,0.13596,0.22643,0.013586,-0.25992,0.23813,0.40167
0.07921,0.085365,0.30018,0.26922,0.21592,0.16685,0.15365,0.12633,0.070174,0.012373,-0.013557,-0.10706,-0.14626,-0.10072,-0.4186,-0.35096,-0.05152,-0.0046039,0.050054,0.11699,0.1655,0.16037,0.08106,-0.0036458,-0.041382,-0.058342,-0.071918,-0.073056,0.021576,0.19037,0.19028,0.13619,0.2286,0.26017,0.20986,0.043599,-0.10319,-0.14284,-0.070445,-0.024159,-0.054028,-0.063768,-0.070855,-0.08396,-0.026361,0.039466,0.086981,0.16119,0.19383,0.1365,0.082154,0.070663,-0.054599,-0.21593,-0.25171,-0.21964,-0.16144,-0.091145,-0.038298,-0.0085814,0.022242,0.045295,0.087647,0.12646,0.12205,0.096436,0.067291,0.08725,0.063984,-0.055257,-0.0018811,0.1317,0.22245,0.22877,0.15754,0.051653,0.014151,0.1109,0.22804,0.25471,0.19221,0.082471,-0.036,-0.085581,-0.07574,-0.082129,-0.094189,-0.063366,-0.31826,-0.53197,-0.31133,0.19174,-0.15213,-0.20373,0.027152,0.44855,0.43294,0.39408,0.54668,0.69722,0.84969,0.13857,-0.22979,-0.22379,-0.22931,-0.25484,-0.20772,-0.099675,-0.056249,0.030566,0.13568,0.3842,0.56145,0.57043,-0.71574,-1.089,0.0076494,0.080575,0.13832,0.16207,0.16917,0.15889,0.13626,0.083034,0.011384,-0.021671,-0.03263,-0.039327,-0.090781,-0.26508,-0.47314,-0.24953,-0.2302,-0.32405,-0.13815,0.094218,0.23675,0.29497,0.26668,0.11239,-0.011393,-0.011867,-0.024023,0.0096281,0.075009,0.24099,0.46717,0.59919,0.56677,0.36944,0.14666,0.067582,0.10192,0.13104,0.1484,0.16786,0.20124,0.2204,0.17147,0.12256,0.14214,0.15769,0.17108,0.19927,0.21955,0.19845,0.18874,0.15624,-0.090625,-0.22544,-0.17858,-0.14089,-0.11682,-0.095205,-0.12764,-0.14926,-0.073761,-0.016933,-0.029186,-0.034509,-0.031893,-0.037145,-0.020965,0.00028983,0.0013654,0.049743,0.19421,0.39069,0.80286,0.97335,-0.91787,-1.6599,-0.86763,-0.7992,-0.16657,0.13829,0.10049,0.04088,0.11011,0.20368,2.3847,-1.2651,-0.74811,-1.8329,-0.70086,0.72896,0.38491,0.23491,-0.050235,0.086381,0.29075,-0.31384,-0.068089,0.66848,0.091226,-0.40417,0.36066,0.3228,0.81662,-0.15765,-0.26686,0.27102,0.15615,-0.28612,0.073456,0.072305,-0.0096283,0.056128,0.29634,-0.19423,-0.82425,-0.046417,0.57191,-0.19279,0.017216,-0.90862,-0.19461,-0.24843,-0.61471,-0.27059,-0.14858,0.47626,-0.54515,-0.40839,-0.41828,-0.093145,-0.05056,0.57104,-0.066041,0.16508,0.18453,0.061418,-0.3382,-0.11327,-0.0024662,-0.37164,-0.045492,0.36239,0.13237,-0.40664,-1.001,0.18497,-0.733,-1.2578,0.22582,1.1603,0.10746,0.87364,0.59841,-0.0028013,0.15553,-0.44519,-0.16881,0.1307,-0.65442,0.16547,0.19483,-0.26742,0.29329,-0.37025,0.080337,0.020636,-0.38383,0.13192,0.23644,0.29106,-0.28255,-0.26204,-0.13674,-0.026506,-1.7965,-0.40237,-0.81205,2.0429,-1.32,0.26498,0.039668,-0.11485,-0.97034,-0.50293,0.8287,-1.3204,0.69123,-0.6401,0.31566,0.29225,0.45837,0.43841,-0.27497,-0.32388,-0.45369,-0.3024,-0.50625,-0.55741,-0.046793,0.093249,-0.44784,0.096482,0.0022519,0.050758,-0.69303,0.18857,0.20499,0.45467,-0.4842,-0.10023,-0.27373,-0.29864,0.15875,0.23462,-0.024274,-0.026871,0.089035,-0.079251,0.071015,0.028481,-0.51971,0.04033,-0.012881,0.0085402,-0.24637,-0.4847,-0.095946,-0.10574,0.022141,-0.22024,0.023692,-0.072874,-0.24804,-0.16725,-2.0694,-0.26086,0.67636,2.1011,-1.029,-0.70773,-0.049268,-0.046857,-0.15955,1.1321,1.162,-0.8411,0.45233,0.42437,-0.3916,0.59036,-0.071858,-0.10098,-0.22057,0.040073,0.41684,0.32332,0.22241,-0.045187,-0.017787,0.0081026,0.044732,-0.021008,0.42904,0.52161
0.37337,0.29498,0.11813,0.081603,0.04627,0.076088,0.15588,0.18055,0.14245,0.12638,0.14543,0.14116,0.14773,0.14903,0.064371,0.014968,-0.0097155,-0.11756,-0.17792,-0.13914,-0.1127,-0.23028,-0.3705,-0.11725,0.13411,0.28938,0.20504,0.028733,-0.006984,0.044802,0.25008,0.25139,0.24268,0.24977,0.18722,0.13656,0.029763,-0.042855,-0.05839,-0.067894,-0.029295,-0.0101,-0.030986,-0.051927,-0.0066546,0.1076,0.1943,0.23098,0.24238,0.22689,0.1246,-0.043242,-0.073699,0.00517,0.0074026,-0.03702,-0.019216,0.017031,0.00051391,-0.01289,-0.025922,-0.037182,0.0029817,0.054537,0.091059,0.020626,-0.099638,-0.091186,-0.064474,-0.033571,-0.057887,-0.086686,-0.15894,-0.28987,-0.33611,-0.33077,-0.24322,-0.30514,-0.41937,-0.37342,-0.16279,0.026199,0.11413,0.14794,0.15365,0.12827,0.12198,0.10751,0.10458,0.11657,0.13944,0.15681,0.093075,0.14961,0.29945,0.2523,-0.03061,-0.21534,-0.22501,-0.24614,-0.7911,-0.50277,-0.20101,-0.16849,-0.17163,-0.082016,-0.020652,-0.077774,-0.070973,0.0077607,0.047014,0.017154,0.043235,0.04708,0.23395,0.37464,0.33357,0.2466,0.20298,0.16416,-1.7768,-1.8458,-0.056555,0.2184,0.2586,0.21536,0.18578,0.22018,0.27519,0.20368,-0.078041,-0.30726,-0.42796,-0.42816,-0.28395,-0.17549,-0.0172,0.041233,0.019172,0.030049,-0.033984,-0.10969,-0.11908,-0.10791,-0.059656,0.084418,0.22358,0.234,0.20042,0.1776,0.10342,-0.11577,-0.37914,-0.48709,-0.45726,-0.3855,-0.2807,-0.21154,-0.19332,-0.18915,-0.18374,-0.16716,-0.17435,-0.18899,-0.12719,-0.018716,0.035357,0.068743,0.10271,0.079692,0.092,0.11868,0.11987,0.12715,0.15517,0.18867,0.21507,0.11744,0.055739,0.035804,-0.099667,-0.2253,-0.15198,-0.0096946,-0.048184,-0.046659,-0.062469,-0.01361,0.051808,0.083651,0.12987,0.10681,0.25616,0.39313,0.38608,0.31161,0.28383,0.4017,0.43124,0.37179,1.468,-0.16404,-1.4514,0.00065791,0.81399,-2.3246,0.32953,-0.40048,-0.51626,0.5788,0.26492,0.079865,0.059692,0.25177,-0.13853,-0.34665,-0.36623,0.27679,0.045305,0.1579,-0.45174,-0.19191,-0.2883,0.16955,0.0035535,0.1117,-0.024721,0.21879,-0.17713,-0.074405,1.4591,1.2632,-1.3427,0.6719,-3.0585,1.7846,-0.69688,0.24501,-0.21423,0.016721,-0.14249,0.15378,-0.96223,0.018052,-0.22846,0.19134,-0.54304,0.25918,0.14925,0.10492,-0.0082696,0.2467,0.16669,-0.21177,0.0090242,0.26017,-0.11475,0.0035499,0.14113,-0.031485,0.6951,-1.818,1.6879,0.33702,-0.27574,0.59919,-0.49394,-0.072526,-0.48114,0.64336,-0.06328,-0.53425,0.13816,0.028352,0.012083,-0.017987,0.087079,-0.27402,0.10737,0.077841,-0.16061,0.21801,-0.057441,0.17884,0.23143,-0.065013,-0.31578,-0.22077,0.0751,0.0029943,-1.4902,1.6673,1.5897,-1.393,0.017084,0.33658,0.97815,0.32205,-0.1976,-0.30719,0.090665,-0.018772,-0.39864,-0.54233,0.092609,-0.24568,-0.24496,0.13924,0.20914,-0.12905,0.2568,0.090292,-0.23437,-0.2145,0.44007,-0.17643,-0.069157,0.041765,0.26993,0.2628,1.5068,-0.38336,2.1457,-1.6509,-0.12371,0.56864,-0.19812,0.67408,0.23961,-0.18123,0.21107,0.33584,0.35765,-0.37217,-0.03325,0.17885,0.057781,-0.10664,-0.14543,-0.24825,-0.18464,0.15493,0.023291,-0.010893,-0.080858,0.222,0.067693,-0.12465,0.065599,0.024066,-1.1509,1.5875,-2.1976,-0.25289,1.4076,-0.38778,0.39777,-0.26997,-0.61874,-0.031559,-0.66376,-0.69342,-0.081234,0.59341,-0.053464,0.071546,-0.33238,-0.30335,-0.43301,-0.10982,-0.02882,0.18916,-0.0030156,-0.37459,0.063889,0.085342,-0.087764,-0.007084,-0.14116,-0.09553
0.261,-0.083427,0.0159,-0.076112,-0.10513,-0.010968,0.1132,0.18333,0.17851,0.1375,0.11777,0.10908,0.11659,0.12271,0.15439,0.16585,0.13489,0.10673,0.11328,0.089132,-0.34498,-0.23236,0.13072,0.14885,0.14126,0.19187,0.28492,0.16056,0.038653,0.023908,-0.026155,-0.0053236,-0.0075773,-0.01471,-0.018231,-0.052337,-0.057623,-0.023445,0.020027,0.012183,0.069256,0.087199,0.0049604,-0.080295,-0.1336,-0.12557,0.027017,0.072977,-0.11233,-0.16813,-0.041634,-0.022012,-0.1047,-0.10905,-0.11021,-0.1021,-0.079444,0.023893,0.11977,0.10352,0.051473,-0.0017085,-0.058641,-0.055595,0.016041,-0.069432,-0.21615,-0.22597,-0.21722,-0.045721,-0.096162,-0.21151,-0.187,-0.077995,-0.0039026,-0.009903,-0.059667,-0.081308,-0.10003,-0.076245,0.019088,0.15157,0.23579,0.22754,0.18893,0.13774,0.074617,0.058011,0.066712,0.095095,0.12201,0.15778,0.1669,0.068898,0.0070668,0.056946,0.05902,-0.67011,-0.5851,0.52393,1.4827,0.81229,-0.18071,-0.16466,-0.16934,-0.2193,-0.13281,0.019945,-0.015534,0.0063061,-0.0076147,0.033088,0.084655,0.092284,0.12555,0.10655,0.31471,0.48154,0.48385,0.44618,-1.4581,-1.6599,0.064163,0.033416,0.27637,0.46011,0.42286,0.38056,0.36867,0.30705,0.16797,0.12612,0.029014,-0.17272,-0.028062,0.074627,0.085436,0.066915,0.010361,0.016126,-0.0467,-0.18402,-0.33017,-0.41018,-0.38811,-0.24165,-0.13173,-0.1836,-0.32797,-0.41388,-0.26576,0.048695,0.096142,0.056474,0.058727,0.077989,0.11491,0.13111,0.12243,0.082149,-0.017569,-0.152,-0.2482,-0.25015,-0.17012,-0.18425,-0.25538,-0.22087,-0.079423,0.12782,0.0032475,-0.10806,-0.10318,-0.11162,-0.10211,-0.074905,-0.086192,-0.042389,0.040823,0.033432,-0.016286,-0.10638,-0.21203,-0.19468,-0.11305,-0.087526,0.0029227,0.049869,0.12914,0.19527,0.19756,0.19579,0.12784,0.21048,0.29112,0.27932,0.19168,-1.3107,-0.86295,0.74021,2.865,-2.3813,-0.59383,0.62141,0.48868,-1.1246,-0.16441,-0.11817,-0.66174,0.45307,0.56515,-0.55953,-0.25232,0.54273,-0.18035,-0.082326,0.38975,-0.088841,0.41873,-0.38035,0.021383,-0.24244,0.10116,-0.033316,-0.18898,-0.12021,0.19146,0.033594,-0.096816,0.076516,-1.3666,0.97144,0.7877,0.36211,-2.1398,1.4374,0.15769,-0.10103,-0.075583,0.32568,-0.18116,0.059411,-0.36749,0.21158,-0.34247,-0.20935,0.30969,0.2801,-0.36734,-0.024801,0.23509,0.43343,-0.13077,-0.23968,0.15578,0.028966,-0.2743,0.19797,0.041301,0.10907,-1.3068,0.42284,0.38514,0.31585,-0.53535,0.67208,-0.46629,-0.15591,0.46908,-0.12894,-0.24381,0.046169,-0.072202,0.26125,-0.065248,0.1133,-0.06576,0.11567,0.42193,-0.27227,-0.37665,0.092115,0.16871,0.30608,-0.066503,0.1953,0.15015,-0.21773,-0.044309,-0.0098417,-2.69,1.8569,-0.90981,-1.6238,1.1361,0.72165,0.26642,0.42666,-0.062795,0.32554,0.53835,-0.31206,0.0096909,0.44253,-0.28038,0.6214,0.31804,-0.34814,-0.15495,-0.26658,-0.025156,-0.08203,-0.093771,-0.26879,0.093655,-0.14258,-0.22615,-0.1619,0.050589,0.022029,-0.8223,-0.70453,-0.068339,-0.77396,-0.34296,0.12993,0.23641,0.68422,0.26172,0.39789,-0.16621,-0.11846,-0.37281,0.25361,-0.49287,-0.16554,0.01216,0.11911,-0.45071,0.034866,-0.34726,0.087464,0.15947,-0.17715,-0.090995,0.00065965,-0.018025,0.079779,-0.020731,0.27823,-2.8039,2.0056,0.11098,-1.4322,1.4358,-0.025768,-0.19307,-0.20066,-0.028008,0.25015,-0.23585,-0.39298,-0.1748,-0.12464,-0.61484,0.10493,0.057458,0.054772,-0.31119,0.67067,0.038524,0.37669,0.0029218,-0.1855,-0.14449,-0.31019,0.19132,0.19034,0.23005,-0.047786
-0.085612,-0.084038,0.25206,0.25864,0.1946,0.18342,0.1997,0.16076,0.10501,0.042172,-0.015257,0.014549,0.086276,0.10701,0.14967,0.15449,-0.013224,-0.17572,-0.16749,-0.14601,-0.040407,-0.03821,-0.088326,0.074402,0.11436,-0.0011689,-0.15336,-0.18234,-0.16877,-0.12917,0.11956,0.24104,0.22569,0.24403,0.10346,-0.031317,-0.13372,-0.15438,-0.11714,-0.12496,-0.074193,-0.034175,-0.071618,-0.11964,-0.1677,-0.10027,0.015217,0.058701,0.076209,0.071932,0.051641,0.10336,0.10991,-0.034568,-0.11529,-0.13904,-0.10849,-0.028792,0.027312,0.032828,0.033601,0.028987,-0.01954,-0.060896,-0.044016,-0.014634,0.015785,0.0047522,0.012324,0.0015816,-0.041185,-0.018909,-0.0056277,-0.0053592,-0.0070781,-0.0080896,-0.0036643,0.018095,0.029129,0.024649,0.044631,0.11414,0.16938,0.15686,0.088167,0.025204,0.023248,0.033044,0.058088,0.08603,-0.011761,-0.037143,0.073672,0.14442,-0.045945,-0.33229,-0.46623,0.64227,0.86918,0.96319,0.88392,0.23231,-0.26346,-0.26745,-0.27523,-0.31369,-0.28307,-0.19496,-0.20104,-0.18628,-0.15071,-0.052503,0.043529,0.095287,0.162,0.14858,0.27198,0.36755,0.37585,0.30344,-1.8318,-1.861,0.20951,0.32985,0.33284,0.26031,0.20465,0.21148,0.26297,0.31355,0.1667,-0.27928,-0.42446,-0.28272,0.10605,0.20959,0.28185,0.31311,0.17434,0.038918,-0.015526,-0.11812,-0.16727,-0.22055,-0.19879,-0.10332,0.038275,0.12342,0.14368,0.14831,0.11627,-0.009482,-0.089751,0.010374,0.10064,0.15341,0.18752,0.1731,0.070883,-0.039973,-0.073227,-0.087138,-0.070649,-0.04334,-0.056365,-0.10259,-0.093328,-0.051198,0.024908,0.016616,-0.02115,-0.020673,-0.042307,-0.048603,-0.025459,-0.049527,-0.068447,-0.043805,-0.036199,-0.03711,-0.05697,-0.094226,-0.14885,-0.19505,-0.17851,-0.038,0.10741,0.16981,0.25634,0.27143,0.45583,0.62035,0.62516,0.54478,-1.341,-1.9431,-0.70963,0.3586,0.46809,0.54833,3.5162,-1.4125,-0.85921,-1.2658,-0.74268,-1.1143,-0.63995,-0.072032,-0.31224,0.67021,0.44528,0.25837,-0.43863,0.50276,0.50924,-0.11505,-0.098728,0.22005,0.44445,-0.30913,-0.20757,-0.14859,-0.16915,-0.013546,-0.51362,0.072228,0.089184,0.18604,0.025427,0.11702,-1.8079,1.0555,0.056532,0.39532,-1.9812,1.1058,0.012953,0.11662,0.47859,-0.16939,-0.22098,0.12165,-0.53332,0.18493,-0.070072,-0.59914,0.25224,0.23035,0.013351,-0.091073,0.014286,0.0072424,-0.043427,-0.13337,-0.35456,-0.10337,-0.28181,0.16226,0.11519,-0.15147,-1.7335,-0.25945,0.13749,-0.23011,-1.0323,0.3651,-0.4539,-0.18062,0.49551,0.076214,-0.56845,-0.13949,-0.21468,-0.038875,-0.22535,-0.21278,-0.28551,-0.021024,0.025497,-0.068156,-0.116,0.034266,-0.10535,0.13366,0.16108,0.26239,0.1797,-0.19722,0.11751,-0.030698,-3.5894,1.0633,0.1608,-0.29746,-1.9077,0.85424,1.0991,0.47616,-0.44222,-0.34492,0.55647,-0.64176,0.66178,-0.18704,-0.1249,0.43846,0.14223,0.39001,-0.64301,-0.15274,-0.30693,-0.25955,-0.41072,-0.19284,-0.072059,0.046896,-0.33206,-0.079686,0.18563,0.057761,-1.3087,-0.21541,0.36865,-0.039529,-0.36165,0.22918,-0.0067425,0.48919,0.010023,-0.10005,-0.087062,0.10896,-0.048298,-0.063739,0.13447,-0.35482,-0.21348,0.15508,-0.14591,0.0045673,-0.15332,-0.14484,-0.02539,-0.04988,0.1277,-0.23323,0.18941,0.056634,-0.50976,-0.24428,-3.5371,1.1273,-0.81324,1.7757,1.4072,-0.40837,-0.3498,0.17279,-0.82838,0.5166,0.29871,-0.2937,0.21143,0.29814,-0.43333,0.047829,0.14378,-0.32202,-0.018077,0.083108,0.14858,0.52638,-0.18912,-0.10231,0.062403,-0.29927,0.040555,-0.17838,0.089265,0.15497
-0.0127,-0.17893,0.030844,-0.054074,-0.16836,-0.14216,0.027079,0.14307,0.12936,0.066828,-0.0021916,-0.044566,0.0005695,0.089016,0.1384,0.10902,-0.026209,-0.13838,-0.13908,-0.1223,0.33166,0.27253,-0.087135,0.10081,-0.38258,-0.5522,-0.11056,-0.056574,-0.035331,-0.034804,-0.0053077,0.08348,0.23644,0.23254,0.20459,0.17971,0.10319,0.050177,0.052312,0.07901,0.13496,0.15753,0.14469,0.13562,0.11095,0.084787,0.079105,0.10155,0.13798,0.12252,0.058711,-0.017207,0.0071152,0.082932,0.082569,0.03518,0.030293,0.051387,0.040201,0.034716,0.046475,0.082037,0.12558,0.15525,0.1629,0.31352,0.42477,0.22332,0.0028269,0.0072817,-0.10808,-0.12288,-0.096303,-0.011563,0.026946,-0.032926,-0.10196,-0.13799,-0.13802,-0.11521,-0.099586,-0.074249,0.034296,0.14386,0.15293,0.10613,0.070357,0.044216,0.049028,0.071714,0.10088,0.11535,-0.062843,-0.16903,-0.21747,-0.63666,-0.5862,0.039889,0.741,1.0352,1.7033,1.1797,-0.12459,-0.10557,-0.065545,-0.079796,-0.15197,-0.21711,-0.26543,-0.26407,-0.2259,-0.057343,0.19888,0.35401,0.38344,0.31224,0.25318,0.23333,0.23522,0.17155,-1.7661,-1.7343,0.22562,0.27662,0.090232,-0.041613,0.061716,-0.024344,-0.16827,-0.16139,-0.090121,0.25156,0.35389,0.17743,0.029386,0.028437,0.10159,0.14183,0.12498,0.07067,-0.024705,-0.050238,0.012349,0.085796,0.13665,0.16875,0.17861,0.20173,0.25625,0.276,0.21526,-0.0017638,-0.27384,-0.39465,-0.37047,-0.29249,-0.18559,-0.12046,-0.089209,-0.042536,0.052773,0.18273,0.26545,0.27324,0.20388,0.30718,0.42858,0.29492,0.078233,-0.020439,-0.14749,-0.13224,-0.12759,-0.14486,-0.1511,-0.11488,-0.063,-0.011577,0.0097557,-0.05111,-0.12171,-0.17129,-0.14626,-0.10047,-0.13924,-0.1082,-0.073748,0.040912,0.15956,0.20121,0.24036,0.20224,0.40313,0.50154,0.33356,-1.6488,-1.8502,0.12178,0.38825,0.46527,2.1146,-1.2454,-0.54542,2.1965,-1.2529,-0.14235,-0.3161,0.81516,0.9633,-0.18539,0.29277,-0.52798,0.33707,-0.81249,0.54923,0.021068,0.23184,0.20444,-0.1998,-0.60124,-0.057791,-1.0439,0.012896,0.0055558,-0.16957,-0.11893,0.037787,0.26269,0.13401,-0.76235,-1.3807,0.3598,-0.4514,0.035157,-1.6625,0.77761,1.4733,0.3532,-0.12508,0.43545,-0.62302,0.18205,0.23897,-0.073983,0.99263,-0.57237,0.64915,0.058148,-0.20498,0.11386,0.15361,-0.27308,-0.051607,-0.16883,-0.37153,-0.28027,-0.18595,0.12072,-0.19488,-0.26566,-1.154,-0.69608,-0.71741,-0.49687,-0.44807,0.053542,-0.65776,0.633,0.70485,-1.0158,0.60956,0.22327,-1.2494,0.27273,-0.19321,-0.091298,-0.034463,0.10737,-0.34702,0.33293,-0.46893,-0.17279,-0.038251,0.04209,0.49904,0.27027,-0.23945,0.32302,0.2038,-0.00054909,-3.8,0.04118,0.33121,-0.18967,-0.67002,0.8549,-0.25617,-0.38597,-0.22447,0.49862,-0.27102,-0.07008,-0.90022,0.58277,0.025934,0.5077,-0.27205,0.13918,-0.80927,-0.704,-0.58251,-0.029049,0.29271,-0.36471,-0.18457,0.0052573,-0.18798,0.25642,0.2044,-0.16954,-0.73526,0.75066,0.66524,0.22791,0.33819,0.59264,-0.66973,-0.3987,-0.14748,0.29412,0.34279,0.12382,-0.26961,1.0827,-0.15329,-0.26965,0.20269,0.48795,0.42778,-0.26142,-0.23106,-0.035381,-0.30312,0.02395,0.12132,-0.17404,0.30027,0.2445,-0.073024,-0.30104,-3.6032,0.23928,-0.76366,0.60307,0.66487,-0.020101,-0.80436,-1.0687,0.16904,-0.14709,-0.25194,-0.21669,-1.0431,-0.41934,-0.07119,-0.18308,-0.026885,-0.68386,-0.12567,0.018813,0.82849,0.15312,0.45706,0.606,-0.061898,0.27502,0.038958,-0.11548,0.0079848,0.097457
-0.0070311,0.19866,0.32934,0.4917,0.69688,0.56645,0.29953,0.14157,0.10636,0.060263,0.068985,0.10309,0.095029,0.089088,0.068697,0.036527,0.044667,0.080263,0.10959,-0.59534,-0.6045,0.11584,0.012644,-0.043482,0.0063439,-0.017571,-0.081923,-0.019669,0.028794,-0.0052258,-0.14162,-0.22271,-0.18023,-0.23726,-0.094065,0.051945,0.051916,-0.003962,-0.089165,-0.072056,-0.041355,-0.065244,-0.085887,-0.11329,-0.13618,-0.16809,-0.16015,-0.10538,-0.042626,-0.017039,-0.051725,-0.067518,-0.07071,-0.06891,-0.0050956,0.033283,-0.037505,-0.090626,-0.048513,-0.020588,-0.031919,-0.048371,-0.036014,-0.048959,-0.064883,-0.049019,-0.043454,-0.031668,0.0070622,0.026388,0.054075,0.075045,0.19281,0.31856,0.29263,0.16537,0.10804,0.17331,0.26797,0.30293,0.29338,0.2431,0.15886,0.11525,0.10745,0.065897,0.053971,-0.21717,-0.32624,-0.23425,-0.45303,-0.055926,0.66675,-0.040389,-0.001565,0.17729,0.47138,0.54813,0.39399,0.32033,0.030085,-0.21929,-0.29051,-0.356,-0.40844,-0.48475,-0.3613,-0.081963,-0.088009,-0.070276,-0.019577,0.0016234,-0.017557,0.0078923,-0.0091555,0.03495,0.10661,0.12373,0.13719,-0.8436,-0.59555,0.4492,0.36986,0.28081,0.24068,0.27472,0.31409,0.31766,0.34165,0.28821,0.20524,0.4793,0.62683,0.25308,-0.15996,-0.33676,-0.3681,-0.32754,-0.23023,-0.14678,-0.076538,-0.033719,-0.046418,-0.056254,-0.14098,-0.17412,-0.067351,0.043372,0.10079,0.10549,0.059831,-0.048614,-0.075221,0.2546,0.46561,0.47229,0.32119,0.050294,0.017078,-0.017635,-0.030424,0.0037062,0.038585,0.056153,0.021243,-0.09927,-0.22759,-0.19898,-0.16098,-0.1572,-0.11115,-0.094118,-0.21617,-0.30473,-0.28495,-0.27959,-0.15871,-0.032368,-0.03954,-0.048414,-0.065202,-0.10538,-0.068523,-0.0077781,-0.021258,0.043416,0.10124,0.42389,0.72893,0.80279,0.7698,-1.2449,-1.8581,-0.32573,-0.29721,0.075963,0.32116,0.2997,0.33567,0.40111,1.6121,-1.9545,1.1316,-2.578,-0.62129,0.2193,1.0794,0.049931,-0.66154,0.71383,1.2606,-0.057284,-0.073611,0.18429,0.22215,-0.15532,0.33982,0.14922,0.55691,0.34269,-0.57877,0.37535,0.35769,-0.47164,-0.25728,-0.15216,-0.15485,0.3648,0.12314,-0.22548,-1.1213,-0.30178,2.062,0.71314,-0.74689,-1.0301,-0.067529,0.0068394,-0.88814,-0.23232,0.63133,-0.5315,-0.57805,-0.50873,0.0025068,-0.16297,-0.23743,0.54385,0.12257,0.031263,0.57101,0.70454,-0.58507,0.34696,-0.063821,-0.33472,-0.12114,0.11657,-0.52884,-0.039395,-1.1326,1.0244,-1.3282,0.64123,-0.39894,-0.16631,-0.24789,-0.48509,0.25856,0.14389,0.32397,-0.32816,0.72312,-0.10119,-0.48688,-0.0087638,0.23532,0.096001,0.043571,-0.82073,-0.27421,-0.22372,0.31009,-0.12229,0.25554,0.26245,-0.033355,0.21669,-0.42828,-0.10627,-2.807,-0.25082,-2.5624,0.96418,-0.39816,-0.67633,0.23426,-0.21592,0.58415,-0.23109,0.3178,0.31234,-0.26048,-0.77745,0.012399,-0.3595,0.72296,-0.4451,0.093142,-0.45734,-0.075755,0.18555,0.046225,0.13457,0.32589,-0.064973,0.40132,-0.33739,-0.39442,0.036215,-0.56733,0.38021,-1.5265,-0.11685,0.5553,-0.18219,-0.60179,0.18331,-0.076944,-0.52446,-0.45693,0.14965,-0.25803,-0.1574,0.2168,0.050645,0.19773,0.19797,-0.046076,0.87148,0.044079,-0.59814,0.13397,0.018134,-0.19492,0.24796,0.15157,0.025472,-0.099741,0.38011,-2.6381,-0.084586,2.3318,0.94892,-0.18715,0.10759,-0.39449,-0.28865,1.049,-0.092093,-0.49642,-0.45932,0.31871,0.79876,-0.17265,0.47262,0.028721,0.46297,-0.13303,0.031113,-0.24382,0.23039,0.87816,0.28826,-0.23714,-0.22304,0.41046,-0.20079,-0.35213,0.067742
-0.29559,-0.15075,0.13556,0.1895,0.25733,0.25931,0.16186,0.098588,0.12841,0.11621,0.095909,0.088394,0.075219,0.078767,0.082714,0.052832,0.041428,-0.010844,-0.12427,-0.15852,-0.1482,-0.13647,-0.20065,-0.066782,0.12707,0.2711,0.27961,0.1525,0.051526,0.075567,0.2067,0.1062,-0.09446,-0.018726,0.089085,0.097846,0.04454,-0.030935,-0.050907,-0.042016,-0.041632,-0.037783,-0.051605,-0.035739,-0.049803,-0.086001,-0.054381,0.046124,0.1334,0.13178,0.066711,0.056798,0.12644,0.094097,0.025095,0.011725,-0.0088057,-0.028105,-0.04211,-0.03079,-0.036685,-0.045736,-0.02517,-0.011926,-0.01016,0.007721,0.019369,0.037409,-8.2159e-05,-0.030607,-0.044348,-0.13271,-0.14965,-0.12305,-0.069402,-0.02081,-0.057685,-0.1024,-0.070875,0.014275,0.11479,0.20468,0.22014,0.21907,0.25362,0.2716,0.23538,0.23174,0.085102,-0.0090368,0.046558,0.11547,0.14165,0.037177,-0.096083,-0.46854,-0.49932,-0.22332,0.58369,1.0294,0.47355,0.023972,-0.26356,-0.24739,-0.27069,-0.31648,-0.29486,-0.088677,0.060145,0.048596,0.054473,0.0084268,0.049632,0.1267,0.12789,0.30423,0.4451,0.40694,0.34362,0.29073,-1.6864,-1.7709,0.10063,0.17972,0.27984,0.33035,0.29741,0.33328,0.39622,0.37047,0.16214,-0.38159,-0.65624,-0.62148,-0.24889,-0.16819,-0.033481,0.050619,0.065656,0.041539,0.024266,-0.037323,-0.05307,-0.12288,-0.18199,-0.11719,0.021317,0.1525,0.24438,0.25739,0.11468,-0.16644,-0.32557,-0.22836,-0.13212,-0.10183,-0.041632,-0.022007,-0.020956,0.019755,0.020533,0.046256,0.10374,0.15702,0.16004,0.13553,0.093022,0.10408,0.084141,0.069377,-0.041169,-0.15844,-0.14594,-0.13609,-0.12116,-0.093404,-0.097099,-0.047985,0.0088325,-0.021921,-0.065369,-0.13416,-0.21063,-0.11536,0.0248,-0.022342,0.01134,-0.021033,0.068224,0.20871,0.291,0.32784,0.59616,0.65247,0.47036,-1.4419,-1.7392,0.038204,0.48082,0.61479,3.8316,-0.64833,-0.83092,0.86197,0.058844,-0.60449,-0.33069,0.41236,-0.75751,0.7118,0.47365,0.16967,-0.41614,0.54754,0.031143,0.22829,0.11997,-0.085201,-0.14478,0.40871,0.16366,-0.26739,0.096091,0.017952,-0.24941,0.062658,0.090569,-0.0087186,-0.023249,0.019648,-1.6208,0.56619,-0.60309,0.50715,-2.1107,1.1269,-0.015318,-0.40746,0.21122,0.017585,0.27195,-0.10533,-0.79469,0.049322,-0.029305,-0.14793,0.41362,0.12298,-0.047203,-0.0535,0.31164,0.1004,-0.061004,-0.20401,0.0095764,0.19778,-0.099683,-0.02997,0.10113,-0.22977,-1.3176,-0.86224,-0.061393,-0.33073,-0.56602,0.2532,0.11347,-0.58365,0.64941,0.15332,-0.19733,-0.37927,0.30085,0.48026,-0.15832,0.11549,-0.29708,-0.073278,-0.14671,-0.057768,0.047308,0.051807,-0.11341,0.0035742,0.073295,0.26829,-0.067659,-0.099245,-0.1659,0.057779,-3.6954,0.25043,-0.10007,0.64388,0.15024,-1.2658,1.1247,0.32979,0.1145,-0.40344,0.079035,0.64956,0.2799,0.43598,-0.26729,0.22287,0.034825,-0.12509,-0.010674,0.096814,-0.051796,-0.011477,0.2997,0.18969,-0.16144,0.13333,-0.13179,0.24121,0.016389,-0.10213,-0.77877,-0.091649,1.0685,-0.26809,0.39152,-0.18593,0.8106,0.43178,-0.027441,-0.10036,-0.27581,0.0184,-0.33592,-0.19209,-0.22091,-0.18838,0.20805,-0.016312,-0.11862,0.065825,-0.13124,0.029603,-0.010041,-0.32189,-0.12006,-0.060904,0.065759,-0.095027,0.10405,0.27358,-3.2087,0.75242,-0.48023,-1.6603,-0.32538,0.41848,1.8667,0.23967,-0.24905,0.13657,-0.096219,0.26778,0.68223,-0.14954,-0.40157,-0.17079,-0.37515,-0.13637,0.29167,-0.14895,0.029448,-0.3062,-0.022827,0.17435,-0.0083213,-0.29804,0.31513,0.21556,-0.29499,0.23129
0.35634,0.45636,0.42118,0.29639,0.16502,0.082736,0.11244,0.17431,0.1626,0.1041,0.071774,0.0034504,-0.01862,0.012914,0.0097812,-0.038073,-0.1666,-0.27004,-0.28713,0.61321,0.50759,-0.50877,-0.38986,-0.18319,-0.0082325,0.014867,-0.089063,-0.20146,-0.20607,-0.073662,0.17855,0.17936,0.11629,0.053985,0.074084,0.098785,0.076902,0.031469,-0.020032,-0.060489,-0.058471,-0.046054,-0.0048966,0.017152,-0.0080962,-0.043581,-0.021222,0.055738,0.097647,0.056185,0.014073,-0.011937,-0.010127,0.010279,0.002869,-0.015498,-0.034493,-0.027608,-8.6813e-05,0.035016,0.022239,-0.00053853,0.022175,0.02273,0.0057518,-0.0029422,-0.0019839,0.031389,0.076908,0.060297,0.11288,0.098196,0.070308,0.036942,-0.031546,-0.092254,-0.067225,0.085775,0.24978,0.30173,0.23205,0.09138,0.0055004,-0.0013564,0.0059522,-0.073217,-0.11624,-0.077958,-0.032233,-0.65489,-0.68134,0.40972,-0.27676,0.43537,0.66643,0.64764,0.45136,0.41807,0.6585,0.8237,-0.76608,-0.59275,-0.3663,-0.31343,-0.30942,-0.26554,-0.14224,-0.068441,-0.094286,-0.028805,0.016223,0.14229,0.2769,0.30743,0.27355,0.19077,0.13989,0.12621,0.057986,-2.0674,-2.132,-0.23356,0.098717,0.24708,0.28991,0.28398,0.26596,0.25322,0.28811,0.26557,0.019138,-0.62277,-0.49711,0.086832,-0.041217,-0.039836,-0.021175,0.024398,0.083755,0.15361,0.16694,0.16433,0.095952,0.030265,0.054679,0.16561,0.35652,0.52255,0.61831,0.5685,0.46316,0.28375,0.087848,0.015648,0.024611,0.064152,0.093203,0.1064,0.14484,0.18456,0.22393,0.27917,0.32475,0.34242,0.30298,0.25056,0.19005,0.18704,0.062082,-0.08472,-0.083623,-0.14986,-0.18805,-0.16976,-0.1452,-0.10973,-0.089404,-0.095951,-0.10822,-0.11269,-0.11546,-0.12781,-0.096827,-0.060597,-0.074006,0.058228,0.26259,0.36594,0.40263,1.1975,-0.43363,-2.0377,-0.58205,0.27064,0.29572,0.25962,0.16251,0.24934,0.40346,0.43277,2.3954,-0.26714,-0.51536,-2.7866,-0.17854,1.4992,0.18773,0.26647,0.23601,0.10959,0.24896,-0.062297,0.89416,0.47241,-0.13307,0.30207,-0.19815,0.53056,0.060622,0.66961,-0.27641,-1.0691,-0.21019,-0.66896,0.090343,-0.56961,-0.36247,-0.51414,0.7003,-0.1863,-1.9555,0.76107,-0.58275,0.52496,-1.9737,-1.4537,-0.31983,-0.216,-0.28706,-0.076341,-0.029634,-0.010298,-0.20826,-0.051648,0.2777,0.49983,0.43791,-0.1304,-0.10609,-0.69741,0.035018,0.29899,-0.20563,-0.12969,-0.14425,0.42978,-0.060102,0.29654,0.23858,-0.1627,-1.8556,-1.0467,-0.5503,-0.26731,-0.90971,0.23679,-0.022371,-0.10285,0.49871,0.13176,0.10252,0.072906,0.28341,0.18133,-0.30129,-0.032459,-0.14727,-0.13907,-0.23235,-0.069153,0.058799,0.044345,-0.070287,0.15772,0.15898,0.36175,0.052416,-0.38529,-0.24932,0.051353,-4.5098,0.29044,0.57052,-0.46063,-0.4148,0.39193,-0.38271,0.64435,-0.62475,0.041216,0.13563,0.50359,-0.23935,-0.21162,0.0012474,-0.44552,0.041115,0.16293,-0.22097,-0.15823,-0.12094,0.033277,-0.19379,0.29428,0.16936,0.15239,0.69265,0.19052,-0.37287,-0.1727,-1.4387,0.47682,0.99432,-0.11912,-0.18942,-0.42762,-0.29757,-0.027191,-0.35524,-0.49872,-0.28843,-0.004856,0.29257,-0.13949,0.23901,-0.11644,0.49101,0.2597,-0.125,0.092176,-0.37673,-0.33296,-0.27015,-0.1392,0.32965,-0.031593,0.052175,-0.055461,-0.0071363,-0.079171,-4.5363,0.42809,-1.0962,-0.245,0.70284,0.54337,-0.73568,-0.41578,0.15651,0.81307,-0.55832,-0.19059,0.063004,0.44611,-0.10965,-0.33737,-0.11843,-0.049884,0.36563,-0.60072,-0.23102,-0.14766,0.30837,0.48142,0.081235,0.11834,0.12422,-0.010345,-0.33427,0.27634
-0.001699,-0.081957,-0.015965,0.084448,0.15169,0.14983,0.15094,0.15039,0.11705,0.061501,0.040776,-0.020225,-0.030765,0.037279,0.082097,0.072236,-0.1182,-0.29226,-0.28266,-0.23291,0.63373,0.33907,-0.63814,-0.31198,0.026382,0.1667,0.11935,-0.10155,-0.17366,-0.030581,0.20779,0.29365,0.17821,0.21558,0.22458,0.20011,0.14398,0.10289,0.087422,0.070107,0.10222,0.11915,0.10421,0.090941,0.01209,-0.063104,-0.03325,0.0054451,0.0017703,-0.01772,-0.035888,-0.036398,0.01304,-0.016267,-0.077644,-0.088205,-0.096938,-0.094955,-0.06942,-0.039036,-0.017141,-0.0016539,0.0072586,0.065936,0.092632,0.044951,0.029277,-0.026806,-0.07605,-0.11525,-0.17294,-0.13872,-0.09787,-0.034335,-0.01396,3.4063e-05,-0.0014027,0.025672,0.10794,0.19335,0.24708,0.23861,0.18385,0.14881,0.11791,0.039274,0.0037492,-0.17574,-0.20911,-0.041604,-0.030707,-0.28137,-0.15733,0.22941,0.010945,0.083631,0.13583,0.1085,1.1203,1.6401,0.67521,0.0060603,-0.30354,-0.31698,-0.34242,-0.37546,-0.24623,-0.031213,-0.012208,0.058903,0.062125,0.13908,0.27272,0.35402,0.36587,0.31542,0.31353,0.3252,0.33473,0.24213,-2.1013,-2.161,-0.031419,0.23109,0.29849,0.34536,0.31672,0.29511,0.3067,0.34406,0.22863,-0.19849,-0.48879,-0.42918,-0.079492,0.0044085,0.089145,0.084843,0.033412,0.033119,-0.049999,-0.096464,-0.024624,0.066599,0.1268,0.19724,0.32053,0.37329,0.33292,0.20598,0.11786,0.048744,-0.045964,-0.080647,-0.095363,-0.066776,-0.013724,0.059802,0.089232,0.10014,0.11956,0.10307,0.093055,0.17004,0.3297,0.37577,0.3211,0.13781,0.024232,-0.051198,-0.12403,-0.095693,-0.12339,-0.14108,-0.12123,-0.092113,-0.087069,-0.091863,-0.09782,-0.1139,-0.1371,-0.18678,-0.16629,-0.11448,-0.10524,0.012224,0.12704,0.41858,0.7111,0.8501,0.77664,0.57763,-1.698,-2.1118,-0.3386,-0.19288,-0.12558,-0.16255,0.45467,0.81799,3.7167,0.7334,-0.5314,-2.1972,0.94131,0.45071,-0.30216,0.22579,0.91377,0.46528,1.2366,0.24584,0.45904,-0.046313,0.14386,0.16998,0.20205,-0.17517,-0.40223,-0.18181,0.18031,0.20922,0.3903,0.43669,-0.16201,-0.037938,0.20007,-0.14276,0.2319,-0.39653,-1.8805,0.87158,-0.72051,0.20856,-2.1767,-1.5795,0.02392,-0.10835,-0.26706,0.037864,0.18484,-0.24884,-0.27468,-0.0082814,0.20675,0.28849,0.70446,-0.10035,-0.51262,-0.4456,-0.58142,0.27845,-0.050514,-0.34057,0.039279,0.3243,-0.09979,0.10934,-0.027695,-0.21317,-1.7522,-1.163,0.067583,-0.3799,-0.70192,0.51416,-0.022823,-0.13659,0.86466,-0.7265,-0.37443,0.076797,0.022838,0.091758,0.089231,0.26202,-0.13067,-0.18547,-0.29731,-0.2784,-0.3487,0.38664,-0.10248,0.11406,-0.036611,0.2326,0.059202,-0.4132,-0.0059346,0.046809,-4.5055,0.25212,0.85391,-0.4652,-0.50902,0.57373,-0.34972,0.68091,-0.61109,0.17365,0.38685,0.4344,-0.17092,0.4027,-0.26624,-0.29442,0.27897,-0.05265,-0.12335,-0.36814,0.038393,-0.15752,0.089022,-0.35174,0.11297,-0.21107,0.34104,0.2409,0.18224,0.14199,-1.195,0.79422,1.4866,-0.37243,-0.045449,-0.37683,-0.43504,-0.16931,-0.039362,-0.60172,-0.29388,-0.22566,0.14409,-0.084221,0.38267,-0.24165,0.11664,-0.07354,0.12718,-0.37154,-0.42662,-0.15185,-0.2576,0.060902,-0.081429,0.21435,0.1214,0.021641,-0.093282,0.10793,-4.3112,0.37545,-1.3938,0.7506,0.7706,0.4164,-0.95499,-0.59529,0.22118,0.25912,-0.80172,-0.061982,0.1355,0.068644,-0.37147,-0.23769,-0.065761,-0.081889,-0.049038,-0.06405,0.12207,0.41086,0.31906,0.20519,0.31965,-0.18449,-0.078735,0.002481,-0.30012,0.14756
-0.010956,0.015429,0.028831,-0.027413,0.0028306,0.12411,0.16816,0.098305,0.052581,0.01795,0.041986,0.084759,0.083913,0.10479,0.11902,0.088242,0.05994,0.044025,0.013178,0.020963,0.030589,-0.086726,-0.23629,-0.074904,0.12931,0.26473,0.20808,0.098796,0.09344,0.15632,0.33997,0.10902,-0.21847,-0.081125,0.058738,0.073219,0.034325,-0.020705,-0.045483,-0.042739,-0.045083,-0.048963,-0.075883,-0.11022,-0.15755,-0.17988,-0.077425,0.03407,0.04891,0.030149,-0.0089562,-0.032363,0.015455,0.10309,0.12672,0.066578,-0.019821,-0.046833,-0.041417,-0.041934,-0.021966,-0.041668,-0.062952,-0.044416,-0.026335,-0.010873,-0.0079848,-0.0033438,0.030959,0.01008,0.0041982,-0.030604,-0.062767,-0.04803,-0.045382,-0.023395,-0.015546,-0.071384,-0.11723,-0.039884,0.11644,0.25437,0.30699,0.24358,0.21158,0.24438,0.2501,0.22093,0.2151,-0.03059,-0.13202,0.022907,0.085913,0.015918,-0.17826,-0.54017,-0.32684,0.34008,0.84785,1.0856,0.49414,-0.081232,-0.27236,-0.23017,-0.24962,-0.31445,-0.24842,-0.058182,-0.029768,-0.027089,-0.0012873,0.027655,0.04177,0.10364,0.1101,0.32744,0.48438,0.45931,0.44205,0.34807,-1.8719,-1.9031,0.071928,0.18813,0.36313,0.45281,0.43027,0.37428,0.31756,0.32742,0.037573,-0.52506,-0.70383,-0.56503,-0.035389,-0.010658,0.033978,0.049842,0.074999,0.054949,0.038585,-0.062982,-0.16386,-0.17967,-0.18025,-0.08262,0.019663,0.078476,0.10365,0.10925,0.12884,0.12114,0.0025162,-0.12762,-0.15808,-0.063975,0.096092,0.21572,0.17491,0.076411,0.060304,0.011441,0.001612,0.039692,0.077094,0.056598,0.0023244,0.031973,0.047157,-0.0050678,-0.01541,-0.086773,-0.14525,-0.12966,-0.10845,-0.078743,-0.1031,-0.11006,-0.022279,0.0058599,-0.059182,-0.1463,-0.24257,-0.29574,-0.15799,0.0056085,-0.022049,0.038743,0.015616,0.24162,0.50586,0.63179,0.58291,0.37533,0.32281,-1.5347,-1.8399,0.2583,0.4209,0.48399,4.0794,-1.0904,-0.85083,0.55054,0.11977,-0.80531,-0.55469,0.52362,-0.58274,0.80156,0.8177,0.24687,-0.49141,0.46791,-0.1052,0.19202,0.049286,0.17753,0.10217,0.12371,0.18855,-0.24596,0.033848,0.30981,-0.18826,-0.00014154,0.42979,0.050549,-0.043493,0.25968,-1.5063,1.1432,-0.11668,0.12308,-2.271,-1.1726,-0.62635,-0.42548,-0.16531,0.22343,0.2965,-0.081585,-0.2365,0.21855,-0.045705,0.21725,0.49633,0.022377,-0.27497,-0.24527,0.12882,0.039469,-0.19668,0.024277,0.23641,0.39085,-0.04804,0.066881,0.1253,0.074367,-1.5071,-0.62293,0.55823,-0.046647,-0.74125,0.61243,0.084152,-0.58229,0.81028,-0.46564,-0.57411,-0.040815,0.093848,0.045032,0.026919,0.40389,-0.39177,-0.4298,-0.18708,-0.063914,-0.060126,-0.17307,0.065382,0.32205,-0.043453,0.051112,0.060252,-0.084505,-0.064018,-0.15518,-3.2953,1.6204,0.32432,-1.412,1.3948,0.50811,-0.29113,1.2071,-0.56967,-0.063499,0.40969,0.31753,0.27695,0.14177,-0.10726,0.44428,0.30255,-0.23828,-0.12457,0.0049992,-0.09611,-0.34708,-0.13794,0.42427,0.26042,-0.16464,0.074835,-0.0073838,-0.027541,-0.06272,-1.0338,-0.22426,0.8599,-0.29331,0.2087,-0.29486,0.80242,0.32388,-0.15839,-0.28766,-0.27983,0.1683,-0.3564,-0.14541,-0.041685,-0.17993,0.2587,-0.12715,-0.38952,-0.097475,-0.084783,0.28143,0.020631,-0.082331,0.2232,0.054191,0.14584,0.062945,-0.060466,-0.0099604,-3.2463,1.5086,-0.30447,-1.3161,-0.26322,0.74885,1.9976,-0.1275,-0.58275,-0.17792,-0.36583,0.48681,0.3782,-0.40895,-0.8143,0.27504,-0.20891,-0.2877,0.26271,-0.0083092,-0.037469,-0.11979,-0.19252,-0.058422,0.050914,-0.42531,0.13073,0.054604,-0.091349,-0.10066
-0.20023,-0.20609,-0.0017951,0.15804,0.072413,0.040719,0.16733,0.28129,0.26781,0.18835,0.12856,0.03208,0.012445,0.070259,0.073461,0.0025664,-0.087887,-0.15736,-0.19575,0.23406,0.056442,-0.42118,-0.27671,-0.18476,-0.042814,0.12926,0.13994,0.044175,-0.01341,-0.12637,-0.24358,0.11072,0.26059,0.20771,0.19159,0.16773,0.13875,0.12794,0.10569,0.085779,0.076672,0.015201,-0.050906,-0.055599,-0.083414,-0.11192,-0.017588,0.12511,0.19055,0.16408,0.0635,0.014808,0.084945,0.16021,0.16872,0.12343,0.045062,6.2322e-05,0.0025752,0.024574,0.0038861,-0.026353,-0.0080327,0.0013912,0.0033327,0.14934,0.096884,-0.062365,-0.070204,-0.0077122,0.010774,0.0080608,-0.041348,-0.081749,-0.068553,-0.011287,0.090488,0.033886,-0.18159,-0.13699,0.081963,0.17794,0.19977,0.21289,0.15555,0.10233,0.04121,0.027378,0.058712,0.10482,0.13846,-0.0057681,-0.13873,-0.17929,-0.47462,-0.82566,-0.6058,0.56317,1.0249,1.2676,0.42851,0.022507,-0.25257,-0.27608,-0.28003,-0.3032,-0.23455,-0.13172,-0.18705,-0.15104,-0.11899,0.028012,0.23503,0.33011,0.31013,0.20131,0.036915,-0.094088,-0.13751,-1.9497,-1.8948,-0.014677,0.24605,0.28146,0.30674,0.32226,0.29798,0.1402,-0.016363,0.035926,0.20034,-0.43487,-0.38324,0.070461,-0.0033806,0.015343,0.064171,0.087413,0.10503,0.13543,0.16797,0.17343,0.17059,0.1611,0.10272,0.11219,0.18439,0.32947,0.50506,0.5602,0.43671,0.15528,-0.12705,-0.2639,-0.27256,-0.20164,-0.086715,0.0075168,0.073022,0.11815,0.13137,0.15661,0.19034,0.19049,0.13535,0.37111,0.71797,0.58992,-0.0095667,-0.0079942,-0.031628,-0.018238,-0.062845,-0.09589,-0.076399,-0.050557,-0.15652,-0.22086,-0.13186,-0.16069,-0.2638,-0.17763,-0.053303,-0.11822,-0.099019,-0.060238,0.074545,0.21015,0.2538,0.31082,0.29971,0.40551,0.40053,0.21429,-0.049783,-1.6629,-1.5817,0.48544,0.51585,0.5527,2.0019,0.043495,-1.3691,1.0677,1.6569,0.10577,1.2619,0.2018,0.82557,0.25606,0.46789,0.52152,-0.0583,0.087379,0.81871,-0.27703,1.2798,-0.18177,-0.0963,-0.11556,-0.074368,0.34832,0.73014,0.0044931,0.22725,-0.030741,-0.50925,-0.3148,-0.25847,-0.20948,-1.4149,0.4448,-0.88739,-0.24329,-1.9806,-1.3487,0.019908,-0.097428,-0.56139,0.21468,-0.25997,-0.26393,-0.10081,-0.43221,0.10224,0.16652,0.80969,-0.067503,-0.34181,-0.3375,0.54225,-0.51051,0.044339,-0.093867,0.067342,0.028025,0.10425,0.25107,-0.17379,0.2125,-1.0966,-1.263,-0.57897,-0.64558,-0.67814,-1.0021,0.27538,0.30659,0.36058,-0.081082,-0.47631,0.06712,-0.29538,0.4416,0.31517,-0.23319,-0.13833,0.38543,-0.51372,-0.055934,-0.014248,-0.22047,0.073466,0.25602,0.37844,0.10889,-0.31527,-0.14251,0.12832,0.012342,-2.3103,0.11869,-0.23017,1.1661,2.1705,-1.3342,0.035006,-0.47095,-0.62522,-0.20087,0.62149,-0.28039,0.055631,-0.39513,0.32229,1.31,0.84284,0.17803,-0.13142,0.046906,-0.81342,0.071707,0.27964,0.33722,0.049346,0.28885,0.23895,-0.028226,-0.30381,-0.14611,-0.77909,0.76761,1.1794,0.22825,0.14707,0.20009,-0.14014,-0.67801,0.22326,-0.4629,0.11699,-0.054482,0.086074,-0.058932,0.053882,-0.21196,0.26189,-0.0034989,0.75944,0.16775,-0.6363,-0.24279,0.048397,0.0056544,0.25192,-0.23658,0.16588,-0.05996,-0.12252,-0.23998,-2.3289,-0.4194,0.24442,1.6787,-1.593,0.080399,-0.44271,-1.2242,-0.55691,0.46175,-0.39309,-1.2428,0.14534,-0.14301,-0.69429,-0.26993,-0.49613,-0.48352,-0.41797,-0.062444,-0.14968,-1.2473,0.24243,-0.27661,0.021564,-0.58773,0.54043,0.28308,0.46405,-0.23419
0.40051,0.36207,0.24134,0.18265,0.12449,0.068643,0.06431,0.061708,0.029571,-0.0147,-0.047336,-0.044019,0.0139,0.084471,0.11417,0.06987,-0.074684,-0.17074,-0.32302,0.30836,0.411,-0.41422,-0.31658,-0.14274,0.10998,0.26113,0.19009,0.017868,-0.1081,-0.096588,0.075235,0.17883,0.2456,0.20348,0.12558,0.055471,0.012587,-0.071156,-0.13272,-0.13363,-0.093934,-0.068624,-0.069838,-0.10898,-0.17374,-0.234,-0.21485,-0.07414,0.062758,0.070881,0.0082935,0.13447,0.279,0.2244,0.1344,-0.016659,-0.12366,-0.089267,-0.036592,-0.039051,-0.071034,-0.060255,-0.048923,-0.037051,0.01978,0.068548,0.05928,0.074623,0.071415,-0.022366,0.0084129,0.018008,0.044299,0.068188,0.064503,0.061197,-0.011401,-0.092264,-0.0063588,0.17491,0.25439,0.2446,0.15545,0.0053175,-0.10197,-0.12035,-0.099219,-0.062345,-0.29838,-0.43674,-0.36944,0.13023,0.046389,0.12162,0.47845,0.78924,0.94298,0.84817,0.46846,0.18197,-0.45517,-0.20896,0.033373,-0.15448,-0.33123,-0.34105,-0.24793,-0.099712,-0.080337,-0.035894,0.0086421,0.10132,0.24036,0.33365,0.33907,0.2555,0.18409,0.1764,0.23328,-2.0813,-2.1872,-0.011694,0.18127,0.27558,0.29642,0.25544,0.22822,0.21892,0.23539,0.16064,-0.026206,0.11158,0.12098,0.010306,0.032461,0.053689,0.072344,0.11663,0.15539,0.18611,0.1401,0.089105,-0.031466,-0.1481,-0.18066,-0.15743,-0.030843,0.11348,0.23264,0.2608,0.13323,0.0088838,-0.031108,0.058454,0.17001,0.16049,0.1107,0.1428,0.13938,0.070746,0.032348,0.055921,0.059182,0.055606,0.055146,0.067481,0.089954,0.17231,0.075174,-0.077181,-0.065992,-0.12012,-0.15447,-0.13448,-0.11001,-0.078362,-0.094608,-0.10289,-0.067517,-0.064285,-0.096313,-0.14181,-0.17471,-0.12816,0.025919,0.18035,0.27017,0.34766,0.80867,1.0641,-1.1386,-1.8194,-0.47238,-0.24924,0.23468,0.44498,0.37043,0.29508,0.26454,0.20674,3.37,-0.97961,-0.37704,-2.9785,0.36,0.37935,0.91813,-0.098538,0.59188,0.21168,1.0331,0.17986,-0.038134,-0.065526,0.341,0.55075,0.39239,-0.14104,-0.28749,-0.50563,0.3274,0.081473,0.019873,0.10601,-0.25203,0.13213,0.051883,-0.2102,0.073373,-0.036094,-1.8024,1.1037,0.094437,0.14904,-2.4873,-1.273,-0.35846,-0.0082864,-1.083,0.14759,0.045263,-0.25575,0.12843,0.12285,-0.011786,0.41441,0.72898,0.18526,-0.33886,-0.5445,0.26766,0.0080402,0.12968,0.19122,-0.26245,-0.047772,-0.053865,0.32392,0.20932,0.19091,-1.8593,-0.37816,-0.048883,0.099467,-0.93835,-0.28153,-0.38441,-0.054135,0.68389,-0.41419,-0.26501,0.016135,0.27488,0.15664,-0.16638,-0.39774,-0.12426,0.089103,-0.40713,-0.24497,-0.070283,-0.37268,-0.047124,0.44458,-0.066743,0.10501,0.0031544,-0.3995,-0.10842,0.10818,-4.3178,1.0724,0.08168,-0.96478,-0.86707,0.74451,-0.28839,0.14571,-0.50222,-0.14022,-0.075165,0.91094,-0.43858,-0.25462,-0.31413,0.014221,0.67072,0.26684,-0.45163,-0.15464,-0.34221,-0.013225,0.45948,-0.12056,-0.37625,-0.0014605,0.14009,0.15095,0.15172,-0.037039,-1.5061,-0.059431,0.3244,-0.37924,0.19626,0.33674,-0.044278,-0.098863,-0.1316,-0.39638,-0.33188,-0.10291,-0.32631,0.096607,0.1997,-0.36994,0.11935,0.12367,-0.040917,0.085143,-0.6249,0.22177,0.0011449,0.04122,0.3025,-0.36005,-0.034184,-0.12602,-0.24366,-0.042762,-4.0867,1.2001,-0.69067,1.0555,1.2942,0.29622,-0.75581,-1.1132,-0.25765,-0.083257,-0.72783,-0.36901,-0.012594,0.17594,-0.63076,-0.055079,0.38966,-0.086272,-0.19089,-0.49678,0.34748,-0.30766,0.33004,0.33353,0.28468,0.09707,0.13783,0.043131,-0.25531,-0.12002
-0.3611,-0.21069,0.11195,0.029104,-0.067614,-0.026691,0.1839,0.34049,0.31338,0.20294,0.11809,0.010461,-0.010653,0.070329,0.12577,0.12111,-0.0021773,-0.089213,-0.10232,-0.17944,0.4001,0.28706,-0.41023,-0.23107,0.047499,0.23461,0.12614,-0.032283,0.012164,0.18176,0.2865,0.091707,0.064685,0.14697,0.11432,0.11508,0.059783,-0.016818,-0.028619,-0.010636,-0.0072436,-0.0052543,-0.015254,-0.0055228,-0.019925,-0.055887,-0.015952,0.063799,0.11024,0.097591,0.042008,-0.013891,-0.029661,-0.0071124,-0.052471,-0.10328,-0.13073,-0.12317,-0.10191,-0.062263,-0.024637,-0.00089764,0.014374,0.017943,0.042831,0.043149,0.030249,0.081129,0.07466,-0.031328,-0.0083516,-0.018745,-0.015164,-0.0025942,-0.00036973,-0.023576,-0.050335,0.014126,0.13291,0.2052,0.24162,0.25523,0.20431,0.16058,0.17751,0.19596,0.16897,0.17236,0.082782,0.023852,0.058871,-0.073549,-0.20774,-0.25996,-0.33933,-0.25736,-0.17583,0.6329,0.7948,0.96728,0.58741,0.066194,-0.29099,-0.24627,-0.22661,-0.26609,-0.24814,-0.19156,-0.24082,-0.1754,-0.10216,0.060422,0.26033,0.37046,0.39691,0.34665,0.38922,0.45504,0.43769,0.27422,-2.0786,-2.0999,0.068922,0.24722,0.31218,0.30625,0.35957,0.42085,0.35919,0.23658,-0.066366,-0.50082,-0.55713,-0.40048,-0.11318,-0.086789,0.013736,0.085653,0.078356,0.02403,-0.020349,-0.065764,-0.033628,-0.0058675,0.0030676,0.045861,0.075684,0.12172,0.18163,0.16353,0.064537,-0.024919,-0.095039,-0.12949,-0.090892,-0.051385,0.028643,0.088702,0.14537,0.15326,0.15843,0.19533,0.20386,0.19559,0.25049,0.30167,0.25779,0.20754,-0.0053754,-0.13552,-0.099986,-0.12211,-0.13633,-0.11719,-0.093417,-0.13851,-0.17495,-0.11078,-0.074318,-0.089896,-0.11185,-0.16321,-0.21853,-0.086082,0.098964,0.070133,0.13611,0.11872,0.19935,0.29372,0.30066,0.55752,0.68141,0.50858,-1.7127,-2.195,-0.23796,0.51569,0.55448,0.56826,3.4884,0.29741,-0.62221,-2.8878,0.92256,0.64259,-0.33954,0.12816,0.19677,0.52277,1.181,-0.01528,0.14815,0.089556,-0.039121,0.58508,-0.06783,0.17925,-0.13783,-0.72367,0.0065398,0.017788,-0.07221,0.13916,-0.052754,-0.15408,-0.016994,0.27896,0.058102,-0.18029,-1.9726,0.67589,-0.74466,0.6085,-1.9972,1.2833,0.51334,-0.62318,0.46357,0.078532,0.1132,-0.21986,-0.3246,0.22986,0.13334,-0.23806,0.47783,0.088716,-0.35671,-0.46694,0.42469,-0.01623,-0.083006,-0.233,0.14162,-0.10302,-0.44637,0.015866,0.10625,-0.20631,-1.9007,-0.92286,-0.37681,-0.41776,-0.81022,0.21919,0.014918,-0.28915,1.1187,-0.14999,-0.077414,-0.11006,-0.048397,0.37342,-0.15932,0.030059,0.01523,0.4118,-0.07411,0.094496,-0.24307,0.25847,0.01068,0.31021,0.13198,0.38175,-0.021841,-0.37566,0.31207,-0.1031,-4.4703,0.43192,0.55348,-0.50683,-1.0423,0.59757,-0.4351,0.84757,-0.41806,-0.37625,-0.099905,0.67665,-0.50405,0.21102,-0.45243,0.21159,0.33896,-0.081236,-0.096483,-0.31273,-0.54018,-0.11152,-0.1066,-0.087977,0.22949,-0.29762,-0.33382,0.10376,-0.035637,0.47937,-1.5504,0.39487,1.0865,-0.256,-0.38436,-0.41881,0.14291,0.025617,0.16023,-0.20933,-0.42067,-0.23959,-0.3413,0.15663,-0.020873,-0.074683,0.23849,0.26316,0.039448,-0.086814,-0.61139,-0.12438,0.11461,-0.056497,0.13138,-0.035035,0.23463,-0.0083505,-0.22358,-0.41704,-4.305,0.51399,-1.1002,0.84017,0.79222,0.61978,-0.99041,-0.3948,-0.44448,0.21592,-0.70136,0.032726,0.18192,0.068743,-0.24352,-0.38374,0.020403,-0.029336,-0.065844,0.042101,0.14142,0.15767,0.50715,0.1015,0.29336,-0.04354,0.0068137,-0.00066374,-0.20795,0.14943
0.37902,0.31598,0.14767,0.096681,0.16464,0.30896,0.2728,0.18347,0.15832,0.11548,0.074008,0.07131,0.059686,0.093063,0.13307,0.099481,0.0085032,-0.1109,-0.15375,-0.33818,0.53618,0.47714,-0.66605,-0.38826,0.033853,0.19241,0.045757,-0.16322,-0.23337,-0.14408,0.2298,0.19506,0.20373,0.25329,0.16366,0.18693,0.16011,0.10295,0.054862,0.021482,-0.0041885,-0.016596,-0.027118,-0.013028,-0.015577,-0.035006,-0.028988,0.01146,0.056802,0.029151,-0.055459,-0.0010093,0.12093,0.10592,0.032584,-0.015539,-0.0069398,0.087268,0.048223,-0.061064,-0.0378,-0.013325,0.0041319,0.0012784,-0.016307,-0.032782,-0.041412,-0.0079632,0.050843,0.070781,0.10018,0.084152,0.073169,0.055216,0.034268,0.0083796,0.011618,-0.060758,-0.067139,0.091312,0.2039,0.18604,0.14394,0.13146,0.070704,0.034374,-0.051143,-0.076384,-0.0066658,0.072339,-0.090442,-0.4181,-0.5199,-0.12033,0.26357,0.57754,0.73566,0.80073,0.52384,0.21789,-0.47523,-0.2199,0.037131,-0.12993,-0.31422,-0.38246,-0.46369,-0.3156,-0.073853,-0.046926,0.051702,0.10621,0.2573,0.40222,0.39733,0.31853,0.21884,0.19914,0.24201,0.26276,-2.0846,-2.2112,-0.018093,0.3527,0.48443,0.44246,0.36498,0.30124,0.3321,0.31277,-0.058043,-0.48522,-0.5217,-0.33478,-0.13995,-0.1809,-0.1284,-0.078401,-0.062842,-0.065134,-0.06062,-0.067385,-0.025803,0.024741,0.075177,0.16264,0.27444,0.38315,0.45176,0.42876,0.24578,-0.025185,-0.18701,-0.15038,-0.040455,0.037633,0.073919,0.078343,0.067155,0.077969,0.15441,0.19239,0.20619,0.22713,0.2243,0.18862,0.13509,0.18602,0.14313,0.033296,0.011474,-0.029982,-0.030761,-0.070838,-0.097,-0.065373,-0.032953,-0.14252,-0.26503,-0.30105,-0.33663,-0.20612,-0.043226,-0.086811,-0.049301,-0.0086459,0.13886,0.33726,0.44638,0.50794,0.92797,0.87526,-1.5956,-2.0574,0.18248,0.4583,0.40128,0.30548,0.26645,0.20119,4.0718,0.21232,-0.71505,-0.43687,1.583,0.88685,1.2053,0.49764,-0.27513,0.22026,0.93511,0.1275,-0.10652,-0.25059,0.12845,0.72377,-0.1106,-0.13907,-0.26572,0.1121,-0.19205,-0.39956,-0.16362,0.12707,-0.041495,-0.074994,0.61174,0.069499,-0.04785,-0.025975,-1.8896,0.89716,-0.75915,0.31153,-2.5222,-1.3175,-0.58541,-0.59832,-0.66533,0.14106,0.081831,-0.17168,-0.33164,-0.14846,0.35705,0.6128,0.50501,0.18734,-0.40212,-0.58022,0.20245,-0.33671,0.075478,-0.32339,0.0384,0.15395,-0.28124,0.34852,0.2217,0.14331,-1.8368,-1.2249,-0.13857,-0.16854,-0.98523,0.045698,0.13663,-0.26222,0.7609,-0.39068,-0.32046,-0.084479,0.067736,0.14658,0.26246,-0.21191,0.10385,0.28159,-0.22809,-0.027578,0.21966,0.40721,0.028774,0.069312,0.25206,0.35848,-0.02887,-0.32221,-0.11161,0.045579,-3.4007,1.2652,0.90865,-1.8238,0.97907,0.3089,-1.086,0.95329,-0.34457,-0.79042,-0.44061,0.38349,-0.19336,-0.41118,-0.039042,0.20996,0.54125,0.041205,-0.35431,-0.24956,-0.51551,0.10111,-0.47412,0.11668,-0.24443,-0.4143,0.18726,0.27796,-0.37619,0.18042,-1.5352,0.52038,1.1918,-0.47322,-0.2457,-0.46217,-0.0088286,-0.13314,-0.1271,-0.51166,-0.16824,0.0045926,-0.1311,0.021008,0.26152,0.034984,0.12114,0.0067652,-0.066058,-0.022451,-0.60264,0.10684,-0.32443,-0.34731,0.2503,0.32407,-0.035408,-0.094283,-0.21824,-0.23129,-2.772,0.67527,-0.73128,-2.1423,0.045125,0.20552,-1.4964,-0.43106,0.56573,1.1082,-0.074569,-0.49274,0.30734,0.17737,-0.86124,1.5071,0.52486,0.86998,0.30997,-0.6984,-0.097789,-0.60127,-0.6182,0.21341,-0.51394,0.072179,0.023085,0.22301,-0.35563,0.10616
0.33684,0.26052,0.034393,-0.092525,-0.1348,-0.10073,-0.079121,-0.059905,-0.036125,-0.015755,0.0032557,0.010761,0.039144,0.074818,0.11006,0.13328,0.15766,0.14154,0.050105,-0.042986,-0.40861,-0.3812,-0.033678,0.19656,0.42135,0.3902,0.29116,0.23113,0.13588,0.088277,0.13535,0.16351,0.14208,0.091471,0.15053,0.20853,0.19137,0.13839,0.07136,0.0035691,-0.0038293,0.00346,-0.015281,-0.036894,-0.060341,-0.085978,-0.079723,-0.032199,0.0049201,-0.01046,-0.0015657,0.018993,0.084213,0.17566,0.18789,0.14395,0.074405,0.020665,-0.010861,-0.024989,-0.027,0.11317,0.26189,0.26223,0.22573,0.10528,-0.035809,-0.0089983,-0.046061,-0.070735,-0.11557,-0.25061,-0.3333,-0.42449,-0.437,-0.41801,-0.34204,-0.23838,-0.19919,-0.23769,-0.26957,-0.21173,-0.067693,0.046431,0.086446,0.090019,0.053897,-0.0019654,0.027277,0.098428,0.11128,0.15478,0.19387,0.1303,0.087586,0.095793,-0.10016,-0.17247,-0.09144,-0.11877,-0.54105,-0.26356,0.041853,0.10196,0.11828,0.1164,0.050669,-0.041527,-0.093131,-0.061197,0.042829,0.13123,0.20045,0.24093,0.24514,0.34663,0.42852,0.39895,0.35519,0.25908,-1.6501,-1.7069,0.10569,0.32204,0.42152,0.36922,0.33711,0.32868,0.34865,0.25501,0.04784,-1.0236,-0.92765,-0.080492,-0.33906,-0.39115,-0.36803,-0.27565,-0.17492,-0.089952,-0.065257,-0.076905,-0.067638,-0.06263,-0.079747,-0.059393,0.025651,0.11233,0.15396,0.11203,-0.0021111,-0.21514,-0.44747,-0.57541,-0.57756,-0.51304,-0.41177,-0.32991,-0.27038,-0.21169,-0.14898,-0.029142,0.19082,0.1872,-0.053218,-0.078149,0.0014363,0.022341,0.051969,0.08143,0.09563,0.093751,0.14489,0.18469,0.20394,0.15256,0.1089,0.1256,0.13866,0.17142,0.19407,0.079,-0.061921,-0.13375,-0.20903,-0.25667,-0.24944,-0.17875,-0.053795,0.030582,0.045804,0.091865,0.0786,0.22517,0.33168,0.28583,0.17608,0.16183,0.17086,0.1221,1.4147,0.10629,-1.7378,0.066539,1.0639,-2.1379,-0.19757,0.70044,-0.56586,0.41301,0.090233,0.46365,-0.20644,0.19443,0.25421,-0.17389,0.21541,0.083675,0.015899,0.034001,-0.29705,-0.50743,0.056296,-0.061845,-0.025824,-0.088959,0.27605,0.086065,0.1084,0.26201,-0.69213,0.88847,-0.35596,0.28261,2.3339,-0.81593,2.5244,-0.66787,-0.48423,1.0741,-0.029169,0.7018,-2.0076,0.66728,0.1418,0.60309,0.44946,0.1261,-0.38783,-0.67401,-0.094648,0.18226,-0.10401,0.31034,-0.30826,0.028837,-0.34217,0.85038,-0.093441,0.26398,0.85997,-1.9804,1.7678,0.26358,-0.47234,0.0020742,0.46478,-0.13927,-0.23081,0.63647,-0.24595,0.13035,0.27274,0.069016,0.14221,-0.28835,-0.16773,0.15433,-0.26154,0.17059,-0.27322,0.22556,-0.09963,-0.27174,0.095769,0.073411,0.27097,0.10504,-0.28118,-0.35841,-1.2255,2.2644,1.9036,-1.3058,-0.35186,-0.33763,0.069992,0.48091,-0.60898,-0.35448,0.068804,0.15895,-0.18121,-0.36844,-0.153,0.068984,-0.071025,-0.12852,-0.12722,0.14446,0.32813,0.24855,-0.27197,0.37912,0.23788,0.27433,-0.048979,-0.32215,-0.13791,-0.33123,1.6303,-0.28678,2.2296,-1.417,-0.33504,0.18735,0.27743,-0.26053,-0.042641,-0.4044,0.092353,0.30626,0.0070167,-0.047173,-0.2388,-0.17343,0.019537,0.2535,0.1024,0.014694,0.31607,-0.20052,-0.19851,-0.14375,0.39734,0.1435,-0.013532,-0.047838,-0.07213,0.12688,-0.79874,1.9697,-2.7409,-0.15616,1.246,0.66683,0.25383,-0.47218,0.17798,0.61513,-0.41325,-0.40059,-0.027364,0.32569,-0.12365,-0.081147,-0.14959,0.10728,-0.10636,0.076776,-0.23595,-0.051154,-0.16018,-9.0748e-05,-0.11231,0.19128,0.17442,-0.31234,-0.12559,-0.11104
0.49289,0.13832,0.045914,0.024707,-0.059225,-0.044255,0.037043,0.12609,0.17177,0.12782,0.077391,0.065096,0.041554,0.087856,0.17648,0.17976,0.084124,-0.10101,-0.15639,-0.12977,0.30895,0.15923,-0.33303,-0.15163,0.044746,0.248,0.30095,0.17923,0.074439,0.10248,0.25728,0.011027,-0.06242,0.061322,0.15585,0.2019,0.19327,0.14646,0.11454,0.080002,0.0355,0.0053334,-0.012425,0.033103,0.06565,0.051206,0.082928,0.15251,0.19792,0.16076,0.072369,0.063934,0.094647,0.08792,0.090785,0.04879,-0.011132,-0.013944,0.0064889,0.0084022,0.0053008,-0.0017411,0.0068136,0.090563,0.16544,0.11916,0.025378,0.022006,0.19108,0.1205,0.0063515,-0.058909,-0.20292,-0.23841,-0.23001,-0.19671,-0.24512,-0.31258,-0.31196,-0.19957,-0.047194,0.069749,0.14141,0.14638,0.10535,0.079271,0.12156,0.18297,0.18817,0.18097,0.16974,0.10254,0.074655,0.11936,0.14747,0.15162,0.012133,-0.47462,-0.83228,-0.60276,1.9087,1.3812,-0.13988,-0.14604,-0.1283,-0.14964,-0.23752,-0.20322,-0.098414,-0.078564,0.020658,0.082045,0.23865,0.41088,0.44761,0.39371,0.29191,0.34959,0.47778,0.35103,-2.0364,-2.0121,0.21712,0.32528,0.35648,0.36905,0.36011,0.35899,0.34239,0.27215,-0.10643,-0.61332,-0.68945,-0.58517,-0.26924,-0.23019,-0.14614,-0.11064,-0.15497,-0.21535,-0.21118,-0.19727,-0.12716,-0.047849,0.042917,0.15796,0.2785,0.36888,0.42854,0.38488,0.17711,-0.12472,-0.31007,-0.34302,-0.32834,-0.26111,-0.15283,-0.084833,-0.0688,-0.033298,-0.046296,-0.046589,-0.021458,0.01328,0.12119,0.28267,0.43869,0.54703,0.40483,0.075729,0.035231,-0.057904,-0.1445,-0.12313,-0.10605,-0.077584,-0.13567,-0.17104,-0.14309,-0.19342,-0.26722,-0.17323,-0.052222,-0.10837,-0.11076,-0.12217,-0.071243,-0.023736,-0.054676,-0.0076153,-0.039134,0.068114,0.16527,0.12031,0.3204,0.47499,0.33142,-1.7018,-1.1163,0.71447,3.4589,0.34506,-0.85514,-1.5878,0.68955,0.79674,0.64556,0.42095,0.61119,0.62435,1.2052,0.32165,0.1887,-0.22636,0.23731,-0.24555,0.60554,0.015849,-0.14415,-0.080632,-0.085822,0.35146,0.22874,0.10851,0.39016,-0.31198,0.13044,0.1158,-0.11198,-0.41278,-1.6021,0.59779,-0.93991,-0.11513,-2.1518,-1.5772,-0.24985,-0.35064,-0.36873,0.0086259,-0.18708,-0.36169,-0.18454,-0.11239,0.42251,0.4476,0.33119,-0.43926,-0.067375,-0.15778,-0.43426,-0.051444,0.17342,-0.28817,-0.0095785,0.08599,-0.26169,0.12216,0.12847,0.091961,-1.5144,-1.4602,-0.36716,-0.76238,-0.89065,0.21132,0.22103,-0.10808,0.5551,-0.28332,0.066622,-0.20911,0.037201,0.34859,0.41505,0.13089,0.10633,-0.012153,-0.39325,0.09908,-0.26427,0.27711,-0.12065,-0.023978,0.30169,0.29796,-0.12834,-0.35405,-0.090245,-0.086155,-3.8765,0.07158,0.56636,0.79852,0.081709,-1.5443,0.78913,0.053457,0.1175,-0.6159,-0.39326,0.70951,0.098973,0.4355,0.016569,0.72866,-0.033107,0.21739,-0.006208,-0.22172,-0.15258,-0.0073506,-0.022828,0.31167,-0.15846,-0.15706,0.44094,0.32504,0.22544,-0.12011,-0.88964,0.39427,1.5883,0.0089829,0.66898,-0.13995,0.68686,0.085356,-0.28374,-0.34352,-0.18403,0.47387,0.013217,0.051504,-0.50823,-0.18652,0.2263,0.11403,-0.07922,-0.25539,-0.49329,0.33433,-0.19515,-0.30075,-0.06247,0.12939,-0.073504,0.07875,0.1517,0.25274,-3.9432,0.33802,-1.587,0.44015,0.67791,0.30243,-0.89111,-0.59735,0.12356,0.382,-0.72006,-0.06403,-0.03428,0.39412,-0.37118,0.094503,-0.51235,-0.29467,-0.11768,-0.046483,0.55965,-0.040248,-0.0018056,0.43849,-0.08364,-0.066021,-0.40794,-0.01748,0.018169,-0.24157
-0.044485,-0.11794,0.29067,0.53825,0.50901,0.21896,0.065431,0.078383,0.053914,0.013767,0.025077,0.062163,0.056557,0.014284,-0.016823,-0.0024917,0.066221,0.22282,0.3509,-0.26175,-0.42676,-0.050972,0.14246,0.11861,0.0074418,-0.020112,0.072227,0.19627,0.18513,0.076714,-0.096799,-0.16368,-0.12057,0.060974,0.24362,0.22692,0.10003,-0.0641,-0.17247,-0.21932,-0.22065,-0.2309,-0.16974,-0.11948,-0.16956,-0.24139,-0.2574,-0.16829,-0.1178,-0.11898,0.60269,0.54938,-0.24834,-0.14637,-0.11305,-0.1238,-0.12528,-0.0054962,-0.0073681,-0.11006,-0.10034,-0.097327,-0.09365,-0.1592,-0.23583,-0.24269,-0.25341,-0.22519,-0.15113,-0.038287,0.056851,0.097405,0.08277,0.013891,-0.059763,-0.067532,0.006775,0.070228,0.08841,0.14798,0.16256,0.14139,0.15544,0.16356,0.129,0.094633,0.092714,0.085223,0.075524,0.076771,0.087448,0.12975,0.15799,0.14754,0.26725,0.45866,0.36884,-0.70356,-0.62892,0.51594,1.019,0.49473,-0.28154,-0.39619,-0.39129,-0.23458,-0.01298,-0.046339,-0.036922,-0.0039604,0.054795,0.086442,0.054388,0.096372,0.13282,0.11726,0.14122,0.2129,0.26656,-0.91497,-0.88528,0.29905,0.43951,0.37029,0.26569,0.28779,0.34497,0.33418,0.34517,0.30106,0.24526,0.56174,0.71149,0.23844,-0.21506,-0.31535,-0.16318,-0.12808,-0.18602,-0.11578,-0.10349,-0.03745,0.00058851,-0.0062907,-0.037962,-0.064468,-0.0046943,-0.18159,-0.36963,-0.39124,-0.15573,-0.12636,0.15078,0.069882,0.056506,0.093733,0.15587,0.1507,0.064874,0.0012633,0.023724,0.015152,0.014951,0.02283,-0.034878,-0.23709,-0.38961,-0.29222,-0.20567,-0.13564,-0.059371,-0.087121,-0.1181,-0.098777,-0.073865,-0.042211,-0.13142,-0.21755,-0.21086,-0.22219,-0.24025,-0.16626,-0.10283,-0.16551,-0.18536,-0.11928,-0.055083,-0.055597,-0.010058,0.0071327,0.10763,0.19841,0.16576,0.27914,0.42516,0.4541,0.36236,-0.99978,-0.66913,0.71348,-0.63774,-1.6347,0.34275,0.96477,1.9496,-0.45232,-0.87331,-0.23011,0.58249,-0.15667,1.0571,0.62042,-0.040321,0.71005,0.013074,0.39355,0.11959,0.96703,-0.19746,0.26553,0.17037,-0.23303,0.56026,-0.33127,0.046627,-0.029938,-0.40356,0.060086,-0.35378,-0.1105,-0.13246,0.39514,2.231,0.49319,-1.1114,-1.3695,0.30862,0.28447,-0.19002,-0.27769,0.67299,0.017078,-0.49875,-0.0079561,-0.10437,-0.071537,-0.32123,0.024704,-0.1319,0.29691,0.65083,0.38229,-0.42521,-0.03546,-0.70545,-0.54463,-0.063905,0.18524,0.16307,-0.30964,-0.55595,0.9461,-0.72082,0.65576,-0.12764,0.46633,-0.18277,-0.67756,-0.32768,-0.086972,-0.44651,-0.25176,0.26899,-0.26032,-0.46432,0.33403,-0.020274,0.37534,-0.48057,-0.13843,0.22215,-0.41346,0.020596,-0.40286,0.35392,-0.0011011,0.2433,-0.2612,-0.0068047,-0.093914,-1.1099,0.56962,-2.1949,-0.5416,1.9528,-0.7735,0.23458,0.17206,0.20033,-0.24298,-0.2068,0.48368,0.29902,-0.88961,0.28098,-0.027214,0.45322,-0.00085351,-0.53377,0.12211,-0.28866,0.42057,0.33245,0.54971,0.30503,-0.011584,0.10285,0.096741,0.062746,0.078915,0.018596,-0.40871,-1.1587,-0.6257,0.37913,-0.028603,-0.31978,0.62096,-0.2608,-0.32584,-0.48463,0.58532,-0.40056,-0.19701,0.43009,0.22041,0.31972,-0.034993,0.42412,0.3765,0.19062,-0.24178,-0.4192,-0.1856,-0.27091,0.18769,-0.21631,0.094364,-0.45206,0.44746,-0.042461,1.1003,1.8824,-1.0535,0.4147,-0.096999,0.18299,-0.6185,-1.2901,0.075643,0.51647,-0.32301,0.7896,1.1814,0.19582,-0.39069,-0.50806,-0.066082,0.34266,0.17753,-0.73507,-0.70408,0.64367,0.20218,-0.59221,-0.20312,0.28565,0.17626,0.21686,0.013465
-0.15219,-0.16488,-0.060098,0.058529,0.023151,-0.060286,0.015269,0.14801,0.16325,0.12864,0.10771,0.056153,0.062214,0.12869,0.1556,0.12569,-0.044532,-0.19081,-0.13734,0.0092266,-0.15042,-0.27461,-0.38743,-0.024885,0.33674,0.46828,0.37319,0.22362,0.16503,0.20942,0.16087,0.08686,0.12291,0.11252,0.085082,0.077631,0.04552,0.012494,0.086371,0.1561,0.12193,0.087741,0.067839,0.11913,0.13914,0.073642,0.34795,0.25149,-0.52256,-0.56285,-0.47926,-0.32895,-0.12821,0.0069057,-0.007238,-0.035278,-0.033416,-0.024384,-0.042529,-0.037868,-0.0010307,0.032327,0.043924,0.052972,0.07089,0.057379,0.028412,0.069825,0.14784,0.014699,-0.13354,-0.13407,-0.18216,-0.19843,-0.19702,-0.17981,-0.11397,-0.040093,-0.0070097,0.01158,0.094019,0.20058,0.23025,0.1893,0.096651,0.11414,0.20859,0.22464,0.2231,0.21976,0.12653,0.068856,0.098564,0.097086,0.11662,0.11231,-0.062105,-0.85807,-0.52539,1.0375,0.39913,-0.008412,-0.23828,-0.25388,-0.25374,-0.23603,-0.11246,0.022096,-0.016952,0.033298,0.065372,0.18327,0.33028,0.37421,0.33454,0.23825,0.25887,0.31661,0.36022,0.44594,-1.5326,-1.723,-0.019404,0.25574,0.29227,0.23289,0.27547,0.34412,0.16001,-0.16873,-0.34961,-0.20696,-0.19172,-0.21155,-0.14322,-0.12381,-0.055605,-0.029386,-0.063976,-0.17547,-0.2492,-0.24796,-0.18301,-0.10033,-0.063912,0.014507,0.69862,0.77011,-0.017553,-0.061058,-0.060367,-0.031611,-0.088994,-0.07744,-0.057266,-0.0091835,0.020164,-0.062349,-0.13673,-0.085686,-0.057967,-0.02607,0.0066582,0.0024707,0.061399,0.18979,0.23937,0.22119,0.088943,-0.094317,-0.092957,-0.050816,-0.07808,-0.10478,-0.085267,-0.054057,-0.023976,-0.067723,-0.12278,-0.12767,-0.10185,-0.11153,-0.19451,-0.24376,-0.22336,-0.070167,0.069704,0.030368,0.057868,0.016288,0.075643,0.14335,0.11903,0.27157,0.38884,0.33705,0.12478,-1.0917,-0.4635,0.82667,2.6495,-0.42589,-0.56807,-0.046172,0.80702,0.11314,1.7547,0.0018,-0.60133,0.12906,0.56981,-0.20788,0.64122,0.13846,-0.65803,0.034783,0.87691,-0.24207,0.16269,-0.44206,-0.38224,0.10762,0.086929,0.19585,0.095501,-0.11875,0.18527,0.045825,0.4484,0.28035,-0.28608,0.19342,-0.27366,-0.25149,-1.3944,1.3571,0.79811,0.037737,-0.088814,-0.78632,1.5355,-0.28363,-0.15623,-0.70722,-0.016012,0.87786,0.10215,0.037243,-0.019793,0.10584,-0.32261,-0.044895,-0.30162,-0.49665,-0.51606,-0.10062,-0.23071,0.16847,0.075319,-0.21123,-0.93514,-0.87669,0.19366,-0.33366,-0.1276,-0.036662,-0.20789,-0.043005,0.5966,-0.51258,-0.25666,0.19602,0.056955,0.20819,0.73325,0.64071,0.13019,-0.056038,0.24468,-0.39334,-0.32239,0.71294,-0.051046,0.29303,0.15048,0.13881,-0.21422,-0.017138,-0.22458,0.064444,-3.2826,0.78483,0.54124,-0.73025,-0.21764,0.73354,-0.31899,0.20314,-0.24832,0.030029,0.10231,0.45269,0.031542,-0.18638,-0.35453,0.67739,0.49363,-0.028359,0.22161,-0.073706,0.2976,-0.012521,-0.25789,-0.045722,0.048257,-0.03109,-0.19305,0.18685,0.24959,0.15153,-0.38116,-0.027992,0.83898,-0.36372,0.39589,0.19958,0.022144,0.011126,0.0094269,-0.4666,-0.40831,-0.26245,0.017912,-0.016686,-0.30595,0.0039173,0.073797,0.0024018,-0.044951,-0.23257,-0.38181,0.080958,-0.023573,-0.34991,-0.056953,0.26776,-0.16093,0.20756,-0.26291,0.026326,-2.5961,1.1065,-1.1505,-1.842,0.97855,-0.089614,-0.52973,-0.52552,0.25851,0.48996,-0.17322,-0.22262,0.11054,0.25623,-0.63787,0.1831,-0.46405,0.090465,-0.11387,-0.24461,0.14391,0.022207,0.019079,0.033453,-0.069806,-0.11411,0.0014453,0.15425,0.14885,0.20496
0.19575,-0.03837,0.033982,0.02858,0.12057,0.13227,0.1006,0.11506,0.09481,0.068033,0.060426,0.052155,0.064013,0.083266,0.070174,0.011359,0.077305,0.20113,0.093463,-0.05228,-0.39754,-0.43544,-0.073854,0.035901,0.090796,0.21254,0.25354,0.14205,0.016817,-0.010469,0.14892,0.37855,0.33366,0.1237,-0.068904,-0.0032414,0.004702,-0.053203,-0.0019506,0.0355,-0.0057667,-0.041762,-0.074874,-0.054856,-0.032812,-0.033996,0.0086805,0.18292,0.33337,0.31648,0.22937,0.050339,-0.036553,0.041297,0.046519,0.0094282,-0.0085983,-0.011541,-0.026441,-0.024242,-0.0148,-0.0015564,-0.022573,-0.053888,-0.070329,-0.075063,-0.046635,-0.038777,-0.029236,0.046062,0.073812,0.084536,0.01525,-0.047978,-0.04857,-0.0302,-0.0044795,-0.11558,-0.25031,-0.20037,0.045193,0.22368,0.25822,0.25399,0.2446,0.18388,0.1427,0.092857,0.068342,0.077233,0.11419,0.15679,0.14678,0.16901,0.23812,0.22534,0.058884,-0.55317,-0.66264,-0.13634,1.1622,0.28913,-0.255,-0.23423,-0.26595,-0.1581,-0.034346,-0.091623,-0.11379,-0.041727,0.047842,0.057382,0.12286,0.16606,0.12509,0.27217,0.45733,0.49563,0.45256,0.28489,-1.46,-1.4183,0.22483,0.23515,0.19459,0.32521,0.44332,0.4385,0.36173,0.31188,0.3399,0.158,-0.18605,-0.27987,-0.15654,-0.30342,-0.27519,-0.19287,-0.19912,-0.20369,-0.19752,-0.21667,-0.19567,-0.19376,-0.13382,0.035869,0.22083,0.36697,0.62647,0.63988,0.14746,-0.23394,-0.33976,-0.39789,-0.35508,-0.30695,-0.2491,-0.19184,-0.10548,-0.054114,-0.0048517,0.053376,0.13877,0.24044,0.30211,0.19439,0.036257,-0.13034,-0.14856,-0.049321,-0.031578,-0.013587,-0.076153,-0.12333,-0.10019,-0.066638,-0.028746,-0.08068,-0.12108,-0.13976,-0.24289,-0.34551,-0.27032,-0.13972,-0.18868,-0.18059,-0.17294,-0.083662,0.026708,0.088601,0.18008,0.19472,0.39075,0.49965,0.43881,0.37295,0.20691,-1.4761,-1.0697,0.56989,2.4865,-0.2615,0.030743,0.16274,0.82687,0.41209,1.7903,0.19662,-1.218,0.14914,0.63745,-0.02634,0.13885,-0.054864,-0.25756,-0.087825,0.28608,0.49683,0.32309,-0.24973,-0.093387,0.18723,0.17402,-0.06088,0.33394,0.12498,0.28288,0.29641,0.056723,0.00059196,-0.99265,0.41029,-0.15385,0.60025,-2.1394,-1.5918,0.48111,0.0082666,-0.05039,0.11136,0.26068,-0.19605,-0.40525,-0.012119,0.3766,0.23837,-0.21675,-0.034533,-0.10656,0.12905,-0.38463,0.082566,0.082881,0.11966,0.10287,0.21703,0.0872,-0.086174,0.53365,-0.073022,-0.9454,-0.9529,-0.21971,-0.063257,0.20373,0.37249,0.54745,-0.87404,-0.23176,-0.079196,0.23829,-0.31576,0.42455,-0.072493,0.05113,-0.071608,0.006097,-0.18042,-0.5194,0.081905,0.1437,-0.061452,-0.18104,-0.21197,0.12853,-0.16075,0.015026,-0.23841,-0.1364,-0.024785,-3.1956,-0.13149,-0.1526,0.2657,0.14973,-1.4917,0.79427,0.25084,0.3387,0.12549,-0.2808,0.44613,0.28715,0.14136,0.041588,0.26225,-0.36613,0.31181,0.23444,-0.10326,0.32948,0.15396,0.17862,0.14391,0.083286,0.058106,-0.37063,0.23806,-0.024408,0.087608,-0.28362,0.3876,0.74836,-0.53507,0.87371,-0.41977,0.31735,0.31523,-0.44628,-0.017222,-0.2875,0.26449,-0.0090612,0.10922,-0.2857,0.42839,-0.13847,-0.10867,0.044768,-0.22672,-0.033216,-0.10044,-0.010193,-0.19835,-0.0077461,0.090749,-0.238,-0.19603,0.23692,0.28419,-2.4854,0.29655,-0.23468,-1.8166,0.055678,0.69589,1.9652,-0.16754,-0.18624,0.034338,-0.049927,0.49487,0.30983,0.029188,0.061949,0.16211,-0.62009,-0.046821,0.064834,-0.53479,0.17667,-0.17824,-0.19025,-0.15115,-0.26045,0.0116,-0.088931,0.095396,-0.080327,0.18486
0.17403,0.20375,0.14709,0.079232,-0.0050108,-0.036771,0.050125,0.14821,0.14917,0.10879,0.087705,0.099359,0.14299,0.17749,0.19886,0.15881,0.010732,-0.12921,-0.24096,0.26221,-0.03232,-0.47885,0.015666,0.13567,0.14501,0.073403,-0.090919,-0.19794,-0.20518,-0.13176,0.14649,0.20668,0.15907,0.05435,0.066161,0.069777,0.039117,0.013311,-0.0057119,-0.036266,-0.04575,-0.052662,-0.054661,-0.066937,-0.1019,-0.1274,-0.092947,-0.019669,0.02264,-0.014453,0.03392,0.11275,0.13848,0.16576,0.11361,0.030218,-0.0081438,-0.0033628,0.03293,0.070481,0.026888,-0.027297,-0.0063665,-0.0049485,-0.018804,-0.023918,-0.050204,-0.046505,0.018337,-0.076562,-0.066869,0.016844,0.02163,-0.00099528,-0.044736,-0.098327,-0.13356,-0.14068,-0.10587,0.039613,0.2215,0.28737,0.25494,0.13798,-0.0048633,-0.065325,-0.046803,-0.031575,-0.14186,-0.12077,0.046337,-0.020535,-0.33373,-0.24509,0.20366,0.69508,0.88829,0.79488,0.41263,0.15564,-0.70498,-0.50016,-0.27994,-0.24583,-0.23164,-0.17903,-0.063777,0.00068772,-0.0274,0.01879,0.035696,0.12802,0.22587,0.24935,0.24224,0.15809,0.18196,0.21315,0.07245,-2.0864,-2.0179,0.07308,0.40491,0.39303,0.32033,0.25867,0.32426,0.41625,0.45483,0.36043,0.028438,-0.87633,-0.77055,-0.015665,-0.11338,-0.069033,-0.022917,0.041895,0.096835,0.15278,0.13277,0.086982,0.064684,0.004077,-0.0079756,0.054225,0.18899,0.32699,0.38714,0.31161,0.17407,0.056233,-0.019324,-0.061106,-0.068879,-0.032313,0.053662,0.10128,0.090181,0.076534,0.13744,0.24315,0.31117,0.34159,0.29848,0.31582,0.34811,0.31402,0.14048,-0.10258,-0.11729,-0.079561,-0.12124,-0.15367,-0.13009,-0.091232,-0.04109,0.0035637,-0.041049,-0.085268,-0.091218,-0.15519,-0.22519,-0.24121,-0.16981,-0.0072035,0.13253,0.15415,0.35438,0.63463,0.76753,0.5925,-1.487,-1.7893,0.14462,0.42915,0.37755,0.29131,0.28341,0.27301,2.8541,-0.5014,-1.089,-0.85843,0.7331,1.9486,0.88068,0.71591,-0.22333,0.16978,-0.12885,-0.46432,0.35692,0.175,-0.19654,0.2242,-0.20948,0.63993,-0.13596,0.90222,-0.0020728,-1.2157,-0.6295,-0.50436,0.30913,-0.61293,-0.33166,-0.67456,0.71956,-0.47791,-1.856,0.87462,-0.77947,-0.23626,-2.3493,-1.1745,-0.50513,-0.76957,-0.41132,-0.037671,-0.28917,-0.1384,-0.27964,-0.17169,0.0072967,0.39816,0.54232,0.070353,-0.35746,-0.3695,0.20465,-0.21962,-0.34821,-0.15276,0.037868,0.61994,0.059058,0.048689,0.12928,-0.18271,-1.6454,-0.98253,-0.085737,-0.42033,-1.3112,-0.41806,0.39294,0.12746,0.97046,-0.20128,-0.49396,-0.2388,-0.044423,0.10546,0.19309,-0.14181,0.037471,0.046443,-0.40771,0.19904,-0.11718,0.013381,0.17979,0.15849,-0.0090466,0.18016,0.1474,-0.03019,-0.17212,-0.22995,-3.937,0.81054,0.32326,1.1216,-0.46594,-1.8589,1.0559,0.18047,-0.082799,-0.43522,0.18165,0.6524,-0.16722,0.47023,0.088848,0.3348,0.16957,0.22745,-0.21233,0.1442,-0.066796,0.08096,0.069783,0.14936,0.029319,0.13275,0.049828,0.067059,0.16661,-0.44953,-1.395,0.46855,1.2164,-0.1992,-0.79577,-0.29506,0.17825,-0.57926,0.12124,-0.39931,-0.071636,0.11955,-0.071658,0.062044,0.070607,-0.085467,0.30448,-0.1098,0.083147,0.14812,-0.17446,0.12808,-0.1012,-0.13682,0.088682,0.19941,0.083441,-0.24332,-0.09689,0.10328,-3.7909,0.88122,-0.90249,1.3006,-0.5673,0.77719,1.7783,-0.10726,0.012974,-0.0074304,-0.83654,0.36816,0.096411,-0.38349,-0.45963,-0.030085,-0.28144,-0.012152,-0.12546,-0.29848,0.28808,-0.4237,-0.12702,0.051117,-0.035398,-0.44963,0.29326,0.14843,-0.22894,0.099921
-0.15374,-0.24766,-0.020893,-0.11559,-0.080203,0.11898,0.29815,0.3196,0.2435,0.17427,0.11632,0.10786,0.13634,0.19248,0.22138,0.17243,0.041388,-0.11314,-0.17223,-0.15044,-0.22401,-0.21892,-0.099162,-0.013985,0.046411,0.25172,0.40945,0.28808,0.18183,0.23229,0.39313,0.16312,-0.041633,0.12968,0.016803,0.064927,0.037757,-0.037554,-0.036389,-0.019642,-0.030046,-0.028947,-0.036737,0.0039532,-0.00068024,-0.068872,-0.075798,-0.036913,0.035633,0.08919,0.063355,0.069422,0.16106,0.20669,0.15021,0.074869,0.029489,0.007828,-0.034032,-0.069529,-0.048338,-0.032174,-0.024718,0.029043,0.074901,0.064265,0.063941,-0.0189,-0.078503,-0.058394,-0.092316,-0.11336,-0.18315,-0.20713,-0.19817,-0.17528,-0.16107,-0.13146,-0.10894,-0.078426,0.03721,0.19959,0.29107,0.2844,0.17944,0.10983,0.13034,0.089521,0.074612,0.11767,0.17691,0.21645,0.11164,-0.025106,-0.16075,-0.80197,-0.58248,0.5479,0.51201,0.59953,1.1052,0.39274,-0.26492,-0.2221,-0.24764,-0.15105,-0.057857,-0.14564,-0.13516,-0.11397,-0.0040571,0.11911,0.17879,0.25866,0.24834,0.39999,0.46724,0.35425,0.32178,0.2814,-1.6537,-1.689,0.20661,0.20434,0.30326,0.43902,0.42953,0.35887,0.29637,0.31837,0.17267,-0.50213,-0.70655,-0.43017,-0.18877,-0.32393,-0.27524,-0.18343,-0.076425,0.013515,0.0078366,-0.035827,-0.035494,-0.088626,-0.16919,-0.16878,-0.090273,-0.00055111,0.088956,0.15869,0.095249,-0.14806,-0.35234,-0.3449,-0.25129,-0.17744,-0.092129,-0.00099555,0.043055,0.082157,0.12379,0.11079,0.085474,0.089807,0.15095,0.15136,0.086873,-0.051269,-0.057892,-0.028009,-0.054228,-0.012379,0.0050113,0.022192,-0.046173,-0.092708,-0.048594,-0.012705,0.00027306,-0.0083333,-0.048871,-0.13358,-0.23989,-0.31203,-0.30605,-0.13898,0.0061361,0.10887,0.24734,0.29996,0.34724,0.31235,0.55625,0.64787,0.39421,-1.4598,-1.5959,0.29422,0.28904,0.32266,3.5504,-0.35004,-0.76475,-0.55228,1.0062,1.1016,1.0934,0.51,-0.60233,0.39603,0.69217,-0.13553,-0.39033,0.54997,0.062797,0.65093,0.23654,-0.014891,-0.054239,0.34987,0.021606,-0.21724,0.11357,0.23569,0.22543,-0.083406,-0.074105,0.28088,0.021629,0.11882,-1.55,0.71623,-0.65577,0.17945,-2.161,0.71716,0.69482,-0.60901,0.33012,-0.081078,0.40312,-0.1505,-0.78636,-0.031726,0.24558,-0.4476,0.48613,0.09544,-0.26264,-0.19192,0.7266,-0.30052,-0.23376,-0.024497,0.040982,0.071722,-0.42292,0.14217,0.022836,-0.10944,-1.2819,-1.0944,-0.24936,-0.22373,-0.84869,-0.73618,0.2559,-0.49784,0.46768,0.098099,-0.44004,0.10597,0.22925,0.47804,-0.037145,-0.18661,-0.0099436,0.57223,-0.012639,-0.02012,0.24384,-0.1675,0.18144,0.30228,0.27191,0.17435,-0.13641,-0.28496,-0.42607,0.065963,-3.5995,0.30399,0.065927,0.71328,-0.22954,-1.4595,0.68802,0.15677,0.13092,-0.82088,-0.19337,0.90316,0.17608,0.11485,0.1396,0.15429,0.57837,-0.069931,-0.30379,0.15275,-0.1083,0.027103,-0.0087051,-0.2141,-0.091515,0.019511,-0.26704,0.33121,0.17039,-0.05746,-1.0919,0.26499,1.0199,-0.35812,-0.22466,-0.30345,0.69458,-0.085647,0.13162,-0.15462,-0.39416,-0.072075,-0.55506,-0.30944,0.13286,0.021548,0.50382,-0.18414,0.029493,0.17723,-0.61038,0.040376,0.031256,-0.21691,0.039865,0.18245,0.055726,-0.16876,-0.24867,-0.25213,-3.3225,0.46952,-0.59551,1.2522,-0.40257,0.78023,1.6278,-0.21029,-0.38787,-0.34825,-0.75187,0.3639,0.48008,0.017064,-0.64377,-0.21217,-0.077883,0.18797,0.20505,-0.43064,0.32863,-0.48953,0.38656,-0.059517,0.23166,-0.19358,0.31501,0.1772,0.2613,0.15066
0.33966,0.045436,0.046862,0.032298,0.04364,0.078575,0.11003,0.16399,0.2136,0.18772,0.12697,0.089103,0.027168,0.035877,0.11944,0.1441,0.088744,-0.069162,-0.16473,-0.16629,-0.069458,-0.10422,-0.36332,-0.14326,0.18916,0.36684,0.26411,0.12528,0.11435,0.13056,0.30094,0.056653,-0.10748,0.04217,0.12643,0.16097,0.11144,0.055515,0.01472,0.0020615,-0.002034,-0.021311,0.021874,0.05392,0.0034084,-0.0499,-0.043129,0.046948,0.13703,0.13309,0.067203,0.065186,0.15928,0.20736,0.18732,0.13767,0.071677,0.038348,0.065924,0.090518,0.081087,0.079269,0.10022,0.12621,0.11577,0.096381,0.096438,0.11529,0.046505,-0.038069,-0.10164,-0.23314,-0.27908,-0.32044,-0.34735,-0.34434,-0.29408,-0.24239,-0.23105,-0.20981,-0.054609,0.13494,0.19707,0.16439,0.071554,0.088791,0.18229,0.19802,0.19815,0.19666,0.094085,0.0684,0.14451,0.16584,0.15011,0.077905,-0.059121,-0.83787,-0.99839,-0.23013,1.6547,1.1694,-0.020929,-0.014246,-0.02962,-0.058732,-0.12824,-0.14473,-0.14332,-0.16991,-0.10234,-0.038816,0.10814,0.28291,0.35156,0.33524,0.26789,0.34128,0.44623,0.41056,-1.778,-1.8846,0.085371,0.25513,0.31501,0.28056,0.28732,0.32103,0.34189,0.43207,0.13362,-0.71172,-0.55658,-0.15013,-0.23582,-0.15692,-0.072566,-0.01807,0.0013238,-0.018497,-0.089344,-0.11959,-0.15875,-0.18188,-0.17234,-0.13694,-0.041632,0.10071,0.21783,0.21993,0.096072,-0.13149,-0.29671,-0.30766,-0.26033,-0.18218,-0.060368,0.044174,0.028033,-0.073275,-0.13291,-0.11848,-0.059352,-0.016107,0.024181,0.060865,0.066193,0.11743,0.083013,0.057082,-0.012863,-0.087027,-0.063654,-0.043656,-0.044634,-0.034345,0.0062795,0.046794,0.077376,0.077477,0.0063093,-0.10139,-0.19598,-0.2441,-0.2207,-0.070214,0.065432,0.033713,0.075762,0.043038,0.1826,0.34297,0.35377,0.26396,0.15906,0.13474,0.039642,-1.716,-1.2235,0.6811,3.2049,-0.28303,-1.0922,-1.5857,0.91486,0.45765,0.38819,0.29686,0.7465,0.29899,0.8916,0.029868,0.28936,0.33865,0.23812,-0.10781,0.50752,-0.13415,-0.091694,0.054594,0.0042858,0.27141,0.24413,0.067098,0.1358,-0.20214,0.054213,0.29761,0.30306,-0.71714,-1.5119,0.68072,-0.83652,0.10483,-2.2221,1.3115,0.2233,-0.35269,-0.29725,-0.029239,0.0668,-0.044356,-0.77714,-0.094127,0.052624,-0.037207,0.44788,0.02523,0.10502,-0.4041,0.54818,-0.24641,0.033584,-0.4677,0.036134,-0.01231,-0.13767,0.1463,0.053874,0.0076452,-1.4687,-0.95619,0.064228,-0.37864,-0.70506,-0.030912,-0.020639,0.219,0.62962,-0.52824,-0.63509,0.091831,0.035767,0.28319,0.13716,-0.091165,0.062531,-0.20876,-0.17358,0.088024,0.087048,-0.0051549,-0.088405,0.14656,0.41142,0.30788,-0.032071,-0.090867,0.012018,-0.23559,-3.888,0.67305,0.34153,0.78285,0.0093146,-1.2801,0.82197,-0.19847,0.030682,-0.53661,-0.1452,0.5479,-0.0033261,0.40177,-0.44625,0.53155,0.40337,0.48543,0.0069622,0.077445,-0.18787,-0.06102,-0.098005,-0.0026012,-0.30954,0.078053,0.01072,0.23965,0.18815,-0.3536,-1.1049,-0.015187,1.1619,-0.11734,0.28061,0.13387,0.55463,-0.29839,-0.022007,-0.032492,-0.044672,0.03141,-0.26697,-0.35527,-0.15296,-0.11109,0.14889,-0.11124,-0.011637,-0.21383,-0.50808,0.10021,-0.20853,-0.25584,0.35099,0.11776,-0.0070483,0.075598,0.058207,-0.075278,-3.8882,0.93879,-1.3876,0.6139,0.63552,0.27326,-0.55561,-0.58534,0.25244,0.25376,-0.72063,-0.43135,-0.033027,0.23557,-0.95432,-0.0042942,-0.15411,-0.19167,-0.055835,-0.19017,0.42699,0.12043,0.05866,-0.023131,-0.10145,0.0024616,-0.045328,-0.2464,0.23633,0.11764
-0.18334,-0.06933,0.15135,0.22941,0.26171,0.21497,0.20608,0.23062,0.21679,0.15586,0.12164,0.11854,0.1491,0.17336,0.20143,0.18374,0.071047,-0.076045,-0.18175,-0.23786,-0.12324,-0.20203,-0.41381,-0.20491,-0.017328,0.050811,-0.0055372,-0.11762,-0.21551,-0.20935,-0.032653,0.1126,0.14509,0.18169,0.24357,0.15842,-0.025115,-0.15172,-0.17007,-0.13852,-0.10611,-0.021587,0.017475,-0.0070382,-0.024627,0.012508,0.089433,0.1432,0.15467,0.10674,0.040725,0.075915,0.1371,0.1436,0.14808,0.051873,-0.069925,-0.069328,-0.0082144,0.050812,0.078523,0.062535,0.055716,0.076521,0.085308,0.039964,-0.0090333,0.00021521,0.022776,0.099549,0.10219,0.03742,-0.021079,-0.11136,-0.142,-0.14165,-0.13682,-0.10305,-0.034993,0.12389,0.30082,0.37451,0.35562,0.2628,0.12292,0.034168,0.036029,0.043684,0.060295,0.075313,-0.017205,-0.0015866,0.065417,-0.032364,-0.477,-0.62618,-0.26022,-0.11525,0.56155,0.87185,0.40197,-0.018485,-0.24894,-0.24439,-0.26234,-0.29505,-0.1966,-0.053273,-0.090316,-0.039042,-0.0043905,0.10251,0.20323,0.21658,0.22014,0.15744,0.20893,0.2351,0.15247,0.090567,-1.7485,-1.7972,-0.05297,0.17973,0.25235,0.24013,0.22508,0.22743,0.25305,0.31125,0.20972,-0.0887,-0.14993,-0.29886,-0.22172,0.023037,0.12484,0.13766,0.18083,0.17496,0.15906,0.03199,-0.12208,-0.14389,-0.073123,0.11932,0.31211,0.37566,0.3382,0.241,0.11397,0.011816,-0.039251,-0.045857,-0.045672,0.0098596,0.12764,0.19809,0.15756,0.062008,-0.012273,-0.0091754,0.056726,0.12427,0.14341,0.076848,-0.028638,-0.06315,-0.032448,0.013991,-0.025695,-0.064331,-0.047901,-0.081418,-0.10727,-0.068864,-0.0227,0.008883,0.0023104,-0.039409,-0.083281,-0.14895,-0.23701,-0.28907,-0.25538,-0.06631,0.12381,0.17386,0.22109,0.19286,0.37547,0.5893,0.57508,0.37492,0.2292,-1.5595,-2.0014,-0.013641,0.3809,0.52071,3.3442,-0.93242,-0.83496,0.14068,0.76952,0.45907,1.6817,0.060036,0.036654,0.19925,0.88186,-0.29344,0.18582,0.62986,0.46987,-0.10064,0.17329,0.019642,0.20108,0.19955,-0.30319,0.074308,0.065987,-0.30097,0.10386,0.24598,-0.11559,-0.024893,-0.0092714,-0.14557,-1.5017,0.52567,-0.19659,0.52637,-1.6762,-0.77626,-0.38584,0.076145,-0.80548,0.63873,-0.28931,0.22321,-0.48256,-0.089367,-0.54036,0.45147,-0.10771,0.016484,-0.044283,-0.45256,-0.097725,0.10166,-0.090278,0.070347,0.14238,0.061853,0.00063643,0.18402,0.22316,-0.30458,-1.3859,-0.5927,0.079674,-0.39011,0.017708,0.51817,-0.20663,0.04434,0.31997,-0.28314,-0.22654,-0.16655,0.17874,0.022297,-0.21544,-0.0061658,-0.082203,-0.13125,-0.040263,0.085521,0.082931,0.33548,-0.014478,0.30016,0.25592,0.24829,-0.18708,-0.19655,-0.18534,0.18431,-4.1312,0.65148,0.17318,-0.47222,-0.24896,0.69863,-0.24463,-0.034789,0.0054895,-0.040898,0.14924,-0.15022,-0.10453,-0.32267,-0.43938,0.17068,-0.022698,0.30159,0.20394,0.080573,-0.28547,-0.1113,-0.18549,0.38058,0.25025,-0.13908,-0.13937,-0.19052,-0.13643,0.17797,-0.76798,-0.11239,0.82298,-0.2143,0.86506,0.26719,0.18453,0.083814,-0.3046,-0.17971,0.14399,0.064773,-0.22143,-0.32582,-0.024084,0.065657,0.0091698,0.053779,-0.26856,-0.13856,-0.090216,-0.018663,0.31203,-0.3141,-0.0035834,0.05637,-0.11956,-0.025882,-0.064804,0.062603,-3.4678,1.1363,-0.86128,-1.8957,0.8015,-0.053088,-0.25601,-0.45156,0.17419,0.1757,0.053681,-0.37903,-0.019548,0.1787,-0.52314,0.42413,0.004211,-0.2806,0.03625,-0.097658,-0.19001,-0.043711,-0.062689,-0.14733,0.019789,-0.0036822,-0.32937,0.017273,0.29968,0.22315
-0.2987,-0.28102,0.12418,0.13831,0.048502,0.024494,0.11282,0.18798,0.19035,0.17735,0.13156,0.11335,0.12513,0.1542,0.15873,0.077395,0.0061246,-0.02264,-0.084413,-0.16007,0.013142,-0.024191,-0.24837,-0.12656,0.24164,0.40023,0.24996,0.084247,0.036489,0.045733,0.17008,0.20735,0.052587,-0.025219,0.039254,0.096461,0.11002,0.076657,0.024357,-0.0058512,-0.027055,-0.034704,-0.052581,-0.086213,-0.15286,-0.20587,-0.15,-0.051287,0.012186,0.038038,0.018992,0.026288,0.084942,0.10642,0.070777,0.012153,-0.031126,-0.047264,-0.050545,-0.027706,-0.0046202,0.0083313,0.018435,0.045207,0.056263,0.027289,0.022802,-0.035085,-0.078909,-0.044889,-0.057931,-0.038365,-0.05234,-0.038346,-0.025251,-0.0087749,0.0036702,0.028545,0.039654,0.064107,0.12204,0.17916,0.22536,0.23975,0.18349,0.12953,0.062608,0.03372,0.048268,0.066772,0.072901,-0.025419,-0.030459,0.029776,-0.17495,-0.67479,-0.48186,0.22797,0.8282,1.0432,0.97724,0.3672,-0.28138,-0.27722,-0.26193,-0.082147,0.073485,-0.028328,-0.067283,-0.10528,-0.02249,0.093378,0.148,0.21067,0.18394,0.32915,0.44831,0.4183,0.37978,0.20834,-1.976,-1.9716,0.069042,0.13352,0.35695,0.47543,0.45611,0.41814,0.40061,0.33748,0.20806,-0.74785,-0.74363,-0.078124,-0.22563,-0.19701,-0.15589,-0.060363,-0.014784,0.0062952,0.033522,-0.012005,-0.079177,-0.11167,-0.16257,-0.12147,-0.070795,-0.00986,0.086954,0.14691,0.145,0.042361,-0.10403,-0.13878,-0.077882,0.008868,0.10125,0.076402,0.0034026,0.033794,0.048205,0.073354,0.090285,0.12495,0.2305,0.25574,0.19584,0.028032,-0.022158,-0.037039,-0.097691,-0.068558,-0.089296,-0.10209,-0.081085,-0.051255,-0.094744,-0.13933,-0.13001,-0.1428,-0.17584,-0.11727,-0.064861,-0.13669,-0.13336,-0.11364,-0.0053978,0.114,0.15852,0.20199,0.16921,0.34061,0.51794,0.47684,0.4182,-1.4552,-1.8499,0.15826,0.40416,0.48042,3.9566,-1.227,-0.78235,0.18217,-0.07536,-0.63275,0.038264,0.66737,-1.5632,0.67798,0.046798,0.050094,-0.55548,0.47962,-0.2603,0.44714,0.12824,-0.040329,-0.42043,0.053446,-0.06443,-0.23188,-0.16667,0.018271,-0.1424,-0.19504,0.2245,-0.1802,-0.1012,0.026725,-1.7148,0.86439,-0.2127,0.24263,-2.1511,-1.2789,-0.68739,-0.72727,-0.38667,0.080162,-0.032808,-0.34871,-0.52771,-0.0037431,-0.14561,0.27979,0.45119,-0.076936,-0.5024,-0.43369,0.32512,-0.069489,-0.17396,0.093121,0.025294,0.35185,-0.0040229,0.36856,0.085328,-0.026701,-1.7276,-0.58465,-0.34376,-0.26934,-0.68495,-0.30683,0.21939,-0.29763,0.7876,0.26189,-0.42761,-0.12512,0.17007,0.479,0.070457,-0.31222,-0.004299,0.61865,-0.40136,-0.094151,-0.17274,0.34353,0.0072057,0.26389,0.20773,0.23641,0.0105,-0.2201,-0.14178,-0.1713,-4.1428,0.90306,0.41658,-0.63101,-0.7698,0.35512,-0.6,0.78446,-0.52971,-0.66606,0.048541,0.9997,-0.21059,-0.30351,-0.11403,0.24382,0.52478,0.03082,-0.20205,0.31784,-0.35384,0.17963,-0.50325,-0.032882,0.01665,0.28606,-0.26338,-0.13897,0.029795,0.096131,-1.2233,0.22691,0.90552,-0.36468,-0.70344,-0.53286,-0.023849,-0.065632,0.15686,-0.49207,-0.60261,-0.26898,-0.024653,-0.17821,0.12011,-0.1433,0.2708,0.14923,0.17162,0.2666,-0.34183,-0.26697,-0.057974,-0.04416,0.034655,0.057887,0.17909,-0.014649,0.054788,-0.13005,-3.8416,1.0306,-1.0364,0.8527,0.8419,0.48137,-0.81774,-0.50853,-0.26354,0.053582,-1.0711,-0.03438,0.47787,0.12622,-0.75334,0.061791,-0.036638,0.1357,-0.18989,0.045187,0.25961,-0.043492,0.17403,0.086088,0.01674,-0.0033597,-0.2291,-0.39597,0.1207,0.32944
-0.060937,-0.32082,-0.13183,-0.0024248,0.18127,0.13155,0.11889,0.17423,0.16616,0.12072,0.098518,0.068815,0.06096,0.072912,0.13536,0.28329,0.37582,0.325,0.16075,-0.075706,-0.36823,-0.37905,-0.02258,0.074561,0.21004,0.29356,0.20925,0.19054,0.16306,0.0073475,0.03021,0.093688,0.17197,0.064582,-0.015919,0.04304,0.036073,-0.029834,-0.028319,-0.0164,-0.04066,-0.048407,-0.068033,-0.10461,-0.17026,-0.21126,-0.13399,-0.01923,0.0089521,-0.038668,-0.12562,0.44006,0.57382,0.051062,0.06242,0.046285,0.026494,0.020418,0.020679,0.030686,0.039796,0.017245,-0.020069,-0.028225,-0.01112,-0.10002,-0.21434,-0.21996,-0.19912,-0.02042,-0.0020581,-0.090247,-0.14542,-0.093235,0.023234,0.093062,0.024933,-0.08834,-0.14086,-0.10784,0.037822,0.21833,0.26721,0.22337,0.17682,0.10085,0.070444,0.051174,0.055485,0.068845,0.10079,0.13606,0.10657,0.10838,0.10851,0.019283,-0.076736,-0.70636,-0.61635,0.51339,1.4329,0.65392,-0.29922,-0.31627,-0.33062,-0.35205,-0.20222,0.0045211,-0.0080189,0.044304,0.048841,0.078089,0.12732,0.13661,0.25375,0.35879,0.34046,0.28614,0.2185,0.10462,-1.3842,-1.3036,0.25595,0.33725,0.37074,0.32073,0.37041,0.43112,0.43612,0.24206,-0.11865,0.066235,0.080799,-0.074217,-0.19947,-0.3355,-0.28532,-0.19247,-0.079159,0.023938,0.041326,-0.028975,-0.091235,-0.20757,-0.28542,-0.20922,-0.079491,0.039778,0.092845,0.079133,0.079054,-0.19518,-0.43046,-0.1546,-0.11577,-0.077209,-0.024369,-0.0056455,-0.0073815,0.0065581,-0.0068086,-0.086294,-0.16625,-0.19163,-0.21706,-0.25325,-0.25134,-0.2125,-0.062547,0.14748,-0.016759,-0.16428,-0.14037,-0.12226,-0.1041,-0.08229,-0.056112,0.0016239,0.050648,0.044014,-0.026871,-0.13816,-0.15193,-0.10836,-0.11793,-0.066359,-0.038479,0.054332,0.14087,0.14888,0.18293,0.16748,0.34153,0.444,0.35542,0.24215,0.11371,-1.4597,-0.80254,0.94398,2.9769,-1.1548,0.11379,-0.46804,0.86806,0.45526,1.7734,-0.1354,-0.60371,0.4195,0.8915,-0.5351,0.33715,-0.24038,0.14787,-0.18387,-0.089302,0.013134,0.19856,0.057022,0.18336,0.21107,0.39326,-0.17675,-0.17748,-0.14926,0.54273,0.44413,0.39143,0.03095,-1.254,0.58184,0.80611,0.52143,-2.0188,-1.1418,-0.1326,0.22841,-0.4732,0.34821,0.097416,-0.24323,-0.45124,-0.40469,-0.15761,-0.030602,0.22001,0.46183,-0.18105,-0.27944,0.080238,0.14028,-0.0019537,0.31803,0.071328,0.051187,0.019134,0.24539,0.045258,0.12539,-1.0066,-0.13697,-0.36082,0.48573,-0.26635,-0.34643,-0.055884,-0.52338,-0.0019639,-0.21037,-0.559,-0.59907,-0.0093708,0.010272,-0.00051038,-0.43913,0.00022379,0.068812,-0.39499,-0.11687,0.36091,-0.076296,-0.2702,0.06667,0.08012,0.13098,0.013727,-0.36992,-0.11447,0.19647,-2.7608,0.95876,-0.47983,-1.6533,1.2295,0.23545,-0.058111,0.37558,0.013889,-0.036904,0.41098,-0.083129,0.066528,-0.21272,0.30983,0.51971,0.28961,0.218,-0.28805,0.24564,-0.046099,-0.23623,0.16191,0.36809,-0.18137,0.12842,0.1588,-0.24153,-0.025617,-0.25504,-0.70391,-0.14572,-0.014825,-0.68823,0.6216,0.24057,0.40928,0.30739,-0.032806,-0.24241,0.22515,0.1242,-0.51332,0.018065,0.12963,-0.11162,-0.010233,-0.098452,-0.1685,0.23789,-0.5605,-0.05063,0.055422,-0.23543,0.12401,0.014857,-0.17519,-0.17007,-0.004582,0.12351,-2.3292,0.37385,1.1134,-1.3106,-0.57795,0.11672,1.6624,0.012308,0.53405,0.07999,-0.020257,-0.64188,0.03432,0.33799,-0.6882,1.3635,0.31671,0.16867,-0.32058,-0.23901,0.39459,-0.072333,-0.050662,0.58024,0.017743,0.066022,-0.00085682,-0.3508,-0.48398,0.04291
-0.064566,-0.19445,0.1879,0.10734,-0.05004,-0.052072,0.024559,0.050575,0.031166,-0.0089527,0.024407,0.09082,0.099585,0.12841,0.14309,0.09567,0.091169,0.089958,-0.046598,-0.16484,-0.0090721,-0.034408,-0.26909,-0.040914,0.17254,0.36562,0.37783,0.12753,-0.075825,-0.12047,-0.050393,0.077414,0.1029,0.17038,0.31025,0.32209,0.15899,-0.022027,-0.018863,-0.0012411,-0.014391,-0.027686,-0.051289,-0.036686,-0.043501,-0.077088,-0.052286,0.025372,0.09704,0.10894,0.062421,0.054466,0.12766,0.18154,0.18387,0.12609,0.038335,-0.00090243,0.036117,0.064205,0.042815,0.00097128,-0.020684,-0.021151,-0.0061027,0.02872,-0.0028585,-0.06267,-0.093758,-0.13108,-0.060842,-0.0048707,-0.01023,-0.038431,-0.10949,-0.21977,-0.31174,-0.31337,-0.24278,-0.12017,-0.0032542,0.093097,0.18359,0.23167,0.21647,0.18657,0.14489,0.13315,0.10185,0.093455,0.12713,0.17529,0.1964,0.1523,0.12393,0.12576,0.034106,-0.56372,-0.70247,0.24036,1.3241,0.56373,-0.29661,-0.26002,-0.22936,-0.11024,-0.026225,-0.080117,-0.087148,-0.05286,0.03198,0.093384,0.10752,0.16507,0.16349,0.35407,0.51033,0.48065,0.41023,0.2629,-1.8588,-1.9286,-0.041676,0.14167,0.28976,0.32529,0.28574,0.30643,0.34582,0.4078,0.30239,-0.1236,-0.22595,-0.41587,-0.37967,-0.14233,-0.054824,-0.045308,-0.022753,-0.02634,-0.058222,-0.12613,-0.13717,-0.17943,-0.20347,-0.1248,0.0063091,0.098933,0.1613,0.20336,0.13772,-0.070435,-0.24685,-0.29694,-0.28239,-0.18115,-0.012719,0.11609,0.086687,-0.034857,-0.13434,-0.20705,-0.23483,-0.16651,-0.086105,-0.1121,-0.12008,-0.072464,-0.072313,-0.078856,-0.048757,-0.054799,-0.063808,-0.044104,-0.068903,-0.056466,0.0389,0.10571,0.098301,0.034405,-0.084961,-0.086246,-0.045117,-0.13807,-0.17161,-0.18739,-0.080343,0.024865,0.12284,0.24281,0.26035,0.26989,0.20689,0.32942,0.43,0.38189,0.24717,-1.8477,-1.0132,1.1779,4.0657,-1.0665,-0.58708,1.0624,0.041624,-0.90535,-0.011054,0.18322,-0.25302,0.35728,0.5753,0.012149,-0.34195,0.088665,0.20748,0.11047,0.055484,0.035696,-0.35575,0.48001,-0.17188,0.092848,-0.020163,-0.021484,-0.21796,0.35085,0.29253,-0.45697,-0.048677,-0.018734,-1.7668,0.83442,-0.25937,0.42624,-2.3715,1.0619,0.54523,0.19008,0.13742,-0.13262,0.093195,-0.24527,-0.44313,-0.23316,0.11891,-0.054694,0.20083,0.46299,0.14978,-0.38798,0.038056,-0.17292,0.012004,-0.072603,-0.061488,-0.51472,-0.40906,-0.12985,0.023811,-0.19402,-1.6164,-0.74071,0.19003,0.064916,-0.72201,0.82323,-0.51615,-0.014242,0.67887,-0.40568,-0.14289,-0.0059075,0.16232,-0.23727,0.077613,-0.27415,-0.15704,-0.2123,-0.40264,0.056416,0.0058649,0.092773,0.20093,0.19221,0.24339,0.19274,-0.077963,-0.27552,-0.012584,0.22216,-4.1072,0.41281,-0.22529,0.44963,0.057035,-1.1693,1.0926,-0.1211,0.1098,-0.6688,-0.39711,0.70288,-0.36573,-0.014862,-0.0023925,0.14992,0.31257,0.66905,0.21073,-0.1065,0.042618,-0.048617,0.04417,-0.037956,-0.15615,0.36087,0.096145,0.11406,0.031139,0.067439,-1.1443,0.078032,0.55415,-0.28859,0.36982,0.27561,0.1684,0.18233,-0.21228,-0.37403,0.089397,0.13663,0.029367,0.078893,0.25225,0.072531,0.09751,0.11026,-0.25443,0.078371,-0.34829,0.43278,0.095177,-0.23281,0.0753,0.12589,0.032143,0.086201,-0.42342,0.084205,-3.4346,0.90918,-0.31261,-1.9018,0.026033,0.18912,1.9163,0.092131,-0.0079944,0.25263,-0.30625,0.16865,-0.16956,-0.25771,-0.59209,0.32225,-0.29436,-0.30836,0.0054701,-0.6884,-0.065877,-0.20229,0.37466,0.19569,-0.12542,-0.34448,0.31477,0.52902,-0.21907,0.17836
0.25848,-0.066794,0.093232,0.40756,0.60068,0.43755,0.16151,0.022791,0.013245,-0.00014739,0.013491,0.035039,0.027266,0.033267,0.061704,0.073956,0.18393,0.33745,0.3254,-0.35399,-0.25338,0.02109,0.076128,0.14949,0.24551,0.33404,0.25764,0.21958,0.25398,0.20793,0.25707,0.30033,-0.0049161,-0.2034,-0.24524,-0.17183,-0.076412,-0.043694,-0.076634,-0.14283,-0.17711,-0.2008,-0.1269,-0.083786,-0.15524,-0.12431,-0.056906,-0.027227,-0.090602,-0.2143,-0.1938,-0.12115,-0.055107,0.010311,0.054107,0.057549,0.036285,0.031449,0.048308,0.051955,0.018358,-0.034342,-0.082675,-0.085847,-0.16072,-0.25449,-0.27094,-0.3071,-0.2068,-0.084768,0.026434,0.1069,0.055221,-0.067236,-0.16787,-0.19601,-0.15242,-0.13394,-0.1343,-0.081808,-0.013075,0.028176,0.10138,0.18067,0.19698,0.16291,0.13581,0.12925,0.13937,0.10792,0.10495,0.15463,0.21595,0.24416,0.21817,0.27187,0.26629,-0.80001,-0.65829,0.62023,1.2116,0.65142,-0.14072,-0.24594,-0.25967,-0.31604,-0.18551,0.049546,0.041288,0.022339,0.026076,0.032708,0.0054747,0.051903,0.10487,0.098517,0.37796,0.58948,0.59144,-1.3717,-1.6453,0.02817,0.069656,0.36874,0.54624,0.48486,0.45003,0.43511,0.43675,0.40704,0.27447,-0.084408,-0.23344,-0.070711,0.010609,0.01549,-0.023731,-0.15388,-0.27695,-0.19482,-0.15894,-0.083965,-0.11215,-0.18865,-0.2212,-0.4024,-0.46824,-0.36876,-0.22396,-0.13094,-0.11529,-0.049259,-0.035182,-0.053746,-0.08446,-0.08388,-0.031816,0.018563,0.022689,-0.050937,-0.15241,-0.22089,-0.27127,-0.27935,-0.22415,-0.25146,-0.40829,-0.38317,-0.12167,-0.069764,-0.09583,-0.061894,-0.097913,-0.11703,-0.084573,-0.045075,-0.0074013,-0.028164,-0.066306,-0.085835,-0.12446,-0.17964,-0.14503,-0.095867,-0.15499,-0.16793,-0.18226,-0.11238,-0.056039,0.036408,0.16008,0.19348,0.20175,0.11274,0.37768,0.62354,0.5592,-0.85446,-0.63903,0.79293,2.7869,-1.4181,-0.18626,0.56459,2.278,0.23787,0.42834,-0.613,0.16208,0.16192,1.2828,0.18326,-0.047616,0.76586,-0.15493,-0.036995,0.08507,0.58657,0.39958,0.042088,0.11823,0.34695,0.11302,-0.26085,0.20848,0.1134,0.30217,0.59662,0.29303,-0.29883,-0.64652,0.62081,1.7005,0.19124,-1.4673,-1.5187,-0.78839,0.28919,-0.18967,-0.5119,0.78181,0.12,-0.96771,-0.26119,-0.44172,0.10557,-0.38406,0.26934,-0.089732,0.4871,0.3252,-0.032191,-0.66436,-0.34035,-0.48848,-0.63937,0.048639,0.43747,-0.4227,-0.25078,-1.3095,0.15627,0.51701,0.75028,-0.87549,1.0306,-0.31141,-0.59137,-0.042098,0.1442,-0.51798,-0.1285,0.2956,-0.08518,-0.076773,0.56857,-0.10476,0.29927,0.13848,-0.22664,0.15371,0.044011,0.0047144,-0.16462,0.221,-0.08098,-0.2045,-0.0038549,0.037169,-0.22099,-1.6136,1.1479,-1.9396,0.12688,1.8814,-1.2306,1.1842,0.28614,-0.37928,-0.02038,0.34032,0.12043,0.43031,-1.2536,0.043453,0.19029,0.72155,-0.27778,-0.31931,0.025806,-0.21384,0.15031,-0.23375,0.34196,0.62002,0.49835,-0.15879,0.20156,-0.43562,0.44854,-0.78896,-0.37794,-0.40073,-0.96667,-0.57801,-0.1814,-0.31338,0.96,0.11267,0.11023,-0.44934,0.3054,-0.0047318,-0.33701,0.027936,0.22327,-0.1728,0.11813,0.28032,0.085662,-0.14647,-0.32212,-0.10106,-0.264,-0.14477,-0.028787,-0.20626,0.068861,0.071957,0.086935,-2.0624,0.79636,1.815,0.88131,-0.70478,0.017287,0.51386,-0.60134,-0.62937,0.32971,-0.87267,-1.2304,0.33576,1.8,-0.23551,0.82836,-0.07919,0.6136,0.19846,0.56247,0.4211,0.066336,0.41724,-0.35382,-0.063802,-0.17492,-0.6194,-0.011567,0.30616,0.27759
0.15875,-0.13829,0.052342,0.037897,0.014625,-0.024196,0.032108,0.099393,0.092063,0.053731,-0.01129,-0.041169,-0.018907,0.019053,0.064151,0.084034,-0.011278,-0.11446,-0.069087,0.004494,-0.48145,-0.45098,0.0043954,0.11237,0.12649,0.077877,0.025644,-0.024573,-0.046252,0.065702,0.30137,0.32391,0.27078,0.12484,0.15956,0.1866,0.14935,0.06473,-0.019994,-0.061223,-0.064721,-0.064513,-0.053332,-0.054826,-0.079086,-0.021757,0.089464,0.16263,0.19081,0.14444,0.060722,0.03126,0.090388,0.15061,0.15514,0.1136,0.051848,0.024795,0.030722,0.043686,0.052188,0.070628,0.1106,0.13588,0.13937,0.14052,0.14796,0.10838,0.076862,0.11394,0.048228,-0.0055547,-0.025072,-0.12456,-0.21412,-0.2475,-0.23356,-0.18896,-0.1299,0.0041256,0.16977,0.26315,0.28029,0.20765,0.1247,0.097053,0.080959,0.063302,0.064788,0.060053,0.083128,0.12811,0.016809,-0.14029,-0.24961,-0.4635,-0.48701,-0.10099,0.79072,1.1828,1.4153,0.64451,-0.26462,-0.26468,-0.30949,-0.35322,-0.22836,-0.052773,-0.071552,-0.055034,0.018569,0.09895,0.16183,0.23207,0.27701,0.26568,0.31663,0.36547,0.39365,0.36968,-1.2865,-1.4199,0.083385,0.11025,0.063307,0.014139,0.047025,0.15549,0.22193,0.18817,-0.12071,-0.23595,-0.034085,0.018428,-0.20227,-0.22148,-0.18072,-0.088269,0.0068286,0.064028,0.046931,0.013141,-0.072909,-0.12179,-0.05476,0.12218,0.36375,0.48974,0.47532,0.36943,0.19751,-0.031069,-0.22891,-0.30696,-0.29354,-0.22487,-0.11036,-0.02846,-0.0078308,-0.014717,-0.033693,-0.0064999,0.12072,0.25414,0.27246,0.1752,0.1175,0.099461,0.060657,0.039808,-0.038014,-0.056885,-0.036167,-0.06322,-0.079165,-0.034047,0.018238,0.058088,0.058695,0.018719,-0.033375,-0.10381,-0.18698,-0.23124,-0.14129,-0.03945,-0.024982,0.030598,0.042564,0.11992,0.21273,0.22483,0.46643,0.52545,0.29884,-1.7512,-1.9232,0.13649,0.52589,0.60072,2.6461,-0.51969,-0.27744,-1.5872,-1.8716,-1.0288,0.046018,0.36004,-0.50577,-0.063363,0.24286,0.027752,-0.072329,0.1664,-0.094771,-0.045033,0.03762,0.19405,-0.05644,-0.33154,-0.24874,0.23846,0.27811,0.13336,0.20163,-0.041484,-0.073944,0.055866,0.29232,-0.27482,-1.4146,0.22348,-0.42633,0.18967,-1.5679,0.74709,1.2548,0.24646,0.16074,-0.31571,-0.01964,0.068334,-0.35893,-0.22773,0.44044,-0.45029,-0.034115,0.1865,-0.10451,-0.34147,-0.044413,-0.064112,0.025343,0.10107,0.09759,0.2727,0.046695,-0.0096659,0.31415,0.016703,-1.0681,-0.90774,-0.62801,-0.59143,-0.31561,-0.14499,-0.40828,0.071367,0.65024,-0.27343,0.22248,0.31108,0.18268,-0.038463,-0.0079562,-0.22877,0.27726,-0.18379,-0.096234,0.039747,0.10078,0.085634,-0.12836,0.0095656,0.14053,-0.054777,0.094699,0.15868,-0.42212,-0.10571,-3.7144,-0.016362,0.38037,-0.042687,-0.83032,0.76292,-0.22015,-0.076501,-0.31456,0.30308,-0.064549,0.20793,-0.41363,0.020216,0.045342,0.6266,0.25358,0.53236,-0.038535,0.36329,0.19296,0.041377,-0.26654,0.35686,0.25953,-0.0013726,-0.32504,-0.28275,-0.042765,-0.34804,-0.6949,0.74719,0.72518,0.38273,0.50657,0.30464,-0.46725,-0.27573,-0.45909,-0.44788,-0.15482,-0.30514,0.0891,0.33455,0.098629,0.33512,-0.11652,0.11055,0.00098312,-0.091668,-0.093103,-0.29944,-0.26987,0.046525,0.032329,-0.0561,0.074486,-0.14257,-0.29241,0.0043109,-3.5134,0.011943,-0.80883,0.76073,0.49308,-0.064893,-0.63438,-0.6958,0.2864,0.051272,-0.58895,-0.086178,-0.43117,-0.26152,-0.24636,-0.058695,-0.23804,0.22149,-0.29746,-0.43858,0.17405,0.19291,-0.068045,-0.36158,-0.17615,0.14436,-0.0013679,-0.47581,0.28324,0.1253
-0.048057,-0.1065,0.20489,0.10989,0.17072,0.31518,0.24538,0.093828,0.060252,0.027446,-0.014419,-0.030057,-0.010004,0.0015566,-0.014748,-0.073094,-0.15306,-0.20285,-0.18777,-0.11589,-0.058423,-0.45224,-0.45892,0.052094,0.074095,0.13373,0.05649,-0.1722,-0.24075,-0.14723,0.011797,0.055247,0.11862,0.13832,0.12641,0.070694,-0.0066683,-0.059676,-0.052519,-0.039962,-0.061108,-0.060118,-0.057979,-0.068035,-0.011429,0.045049,0.076417,0.13416,0.16088,0.11884,0.08909,0.073664,0.034884,0.047702,0.062883,0.043807,0.01551,0.012658,0.039965,0.064736,0.072688,0.084894,0.099389,0.091592,0.072291,0.012608,-0.043024,-0.010872,0.021816,0.064324,-0.10799,-0.33696,-0.34241,-0.2098,-0.068064,-0.014751,-0.087103,-0.13005,-0.03142,0.11903,0.23721,0.2654,0.19802,0.1276,0.10185,-0.0022161,-0.071664,-0.057138,-0.021575,-0.55115,-0.6503,0.70075,0.025772,-0.0066244,0.014809,0.067696,0.34061,0.66451,0.92371,1.0264,1.0509,0.34444,-0.28479,-0.27994,-0.33412,-0.43309,-0.30486,-0.028268,-0.025243,-0.016967,0.028591,0.099717,0.15563,0.17683,0.13084,0.050088,-0.0055047,-0.019645,0.014174,0.07361,0.076817,-1.2885,-1.361,-0.01583,-0.053206,0.097613,0.20075,0.16733,0.21469,0.1534,-0.088816,-0.022378,0.017501,-0.013129,0.083588,0.14463,0.18028,0.2292,0.24647,0.15296,0.060527,0.053236,0.023332,0.038457,0.077422,0.16535,0.27689,0.34739,0.35059,0.2647,0.17458,0.13826,0.11375,0.064503,-0.025115,-0.066983,0.0026223,0.045613,0.0093095,-0.050239,-0.017566,0.087645,0.13084,0.093228,0.035869,0.030246,0.023783,0.0084657,0.030358,0.035696,-0.059759,-0.070761,-0.04652,-0.081404,-0.099355,-0.078097,-0.021459,0.036223,0.024351,-0.022384,-0.069517,-0.13129,-0.13331,-0.093409,-0.10137,-0.0070754,0.13444,0.22416,0.29379,1.2944,-0.29325,-1.9125,-0.39515,-0.43395,-0.41708,-0.38449,0.058853,0.3341,0.41941,0.49377,2.1974,-1.8246,-0.29436,-0.34829,-2.0465,-0.11876,-0.69537,0.13148,0.88181,-0.031889,0.71119,-0.41055,1.2475,0.47962,-0.097837,0.30077,0.30323,-0.12687,-0.25407,0.49514,-0.15628,-0.42844,0.23205,-0.16632,0.16719,-0.045185,0.44213,-0.3029,-0.089357,-0.099238,-0.93159,0.0040013,0.25578,-0.042689,-0.23242,0.28252,-0.072366,0.47507,-0.85232,-0.46207,0.9683,0.33798,0.16408,-0.5645,0.18206,0.28808,0.81744,0.24713,-0.008442,-0.48935,0.076439,0.56462,0.067322,0.24573,0.33982,-0.10265,-0.78672,-0.43943,0.70128,0.03977,-1.3377,-0.17797,-0.71091,-0.59897,-0.41651,0.20705,-0.95096,0.42126,0.65998,-0.14454,-0.10947,0.11698,0.27501,0.13364,-0.20102,-0.22392,-0.58349,-0.055575,0.10948,0.16066,-0.24659,0.28266,0.078656,-0.12733,0.18788,0.057282,0.15704,-0.048661,-0.40194,-0.12295,-2.6149,-0.1121,-0.18269,0.66779,-1.5299,1.4596,-0.099876,-0.40067,-0.64881,-1.4534,0.17267,-1.1578,0.92022,-0.36538,-0.090951,0.34018,0.73021,0.02922,0.20471,0.4265,0.21602,-0.57088,0.0036655,0.2278,0.28017,0.68395,0.40565,0.24317,0.12471,-0.25137,-0.96043,0.49484,0.092543,0.58521,0.37723,0.57217,-0.66335,-0.12375,-0.10014,-0.25551,0.023182,-0.71497,0.30135,0.0061519,0.17965,-0.30794,0.17841,-0.01237,-0.27296,0.037722,0.21663,-0.0345,-0.2623,-0.16391,-0.016683,0.13622,0.13483,-0.28884,-0.50583,0.26835,-2.6758,-0.074973,-0.19008,1.8362,0.44786,-1.4003,-0.89749,0.2159,0.63304,1.0292,1.311,-0.28428,0.034233,0.055798,-0.93072,0.63505,0.0656,0.71146,0.06262,-0.17074,-0.56273,-0.56422,-0.74956,0.050377,-0.26853,-0.043645,0.18436,0.036314,-0.27625,-0.11363
-0.25366,-0.34779,0.041382,0.070722,0.23314,0.43048,0.29082,0.12762,0.13754,0.13342,0.11162,0.099179,0.020568,-0.0049691,0.059255,0.090315,0.074519,0.030344,-0.08047,-0.21093,-0.54851,-0.48294,-0.083345,-0.15699,-0.24798,-0.27858,-0.11712,0.086395,0.11565,0.077997,-0.037324,0.013724,0.11151,0.040129,-0.001655,-0.084028,-0.15966,-0.15456,-0.048147,0.22321,0.34565,0.31383,0.29433,0.28858,0.17138,0.041745,0.071042,0.14467,0.18537,0.12724,-0.071607,-0.17903,-0.080537,-0.03103,-0.048945,-0.0081691,0.051781,0.046464,0.020615,0.0085867,0.039735,0.083419,0.11111,0.12285,0.12413,0.27199,0.38207,0.3735,0.23045,-0.040793,-0.02138,-0.089088,-0.15601,-0.24486,-0.26437,-0.21857,-0.18286,-0.2764,-0.42817,-0.44621,-0.27927,0.017429,0.24729,0.26645,0.1862,0.11667,0.12934,0.087821,0.05181,0.069246,0.10562,0.1432,0.12064,0.13788,0.13982,-0.0011533,-0.12057,-0.57548,-0.60698,0.26567,1.277,0.54566,-0.34297,-0.28898,-0.26207,-0.33923,-0.39217,-0.19071,0.029658,-0.030468,-0.053165,-0.092141,0.0078927,0.18702,0.27517,0.27361,0.2335,0.19074,0.17356,0.1078,-1.1633,-1.2013,0.062959,-0.017753,-0.10734,-0.13241,-0.12092,-0.13178,-0.11427,-0.11879,0.045017,0.51224,0.59491,0.3203,0.18835,0.24811,0.26619,0.27158,0.19594,-0.05559,-0.21983,-0.21993,-0.091572,0.099313,0.18695,0.18265,0.28325,0.46317,0.58389,0.45805,0.13956,-0.21372,-0.39445,-0.34215,-0.24402,-0.17339,-0.20691,-0.32151,-0.36988,-0.30487,-0.08357,0.18774,0.34654,0.3754,0.27223,0.18581,0.2826,0.37802,0.2567,0.07283,0.057971,0.0084088,0.036276,0.06261,0.084483,-0.030153,-0.16278,-0.12191,0.0047583,0.030735,-0.091607,-0.1448,-0.15423,-0.22743,-0.22785,-0.086001,0.023222,0.053983,0.11218,0.1283,0.17756,0.17473,0.35883,0.4674,0.37183,0.2233,0.053351,-1.6047,-0.76286,1.0114,1.7585,-1.0197,-0.89233,1.5781,-0.77551,-1.3312,1.2139,-0.27747,0.19732,-0.38781,0.66177,-0.52803,-0.54442,-0.37342,0.20513,-0.68305,0.86815,0.094722,0.27459,-0.13071,-0.0010648,-0.41589,0.34019,-0.27566,0.053667,-0.057796,-0.34298,0.92627,0.28443,-0.20996,-1.1356,-0.082937,-0.61653,0.40682,-1.2293,1.3107,0.51622,1.0128,-0.72953,0.74955,-0.62072,0.38975,-0.040366,-0.12057,0.49216,0.14633,0.031132,-0.17368,0.059692,0.67495,0.3267,0.12367,-0.14499,0.050333,-0.15582,0.29865,0.017361,0.21453,0.24683,-0.097986,-0.71905,-0.55713,-1.0176,-1.0371,0.26039,-0.79837,-1.0601,0.35987,-0.51436,-0.33573,0.61459,-0.33278,-0.68365,0.45146,0.42884,0.35002,0.079726,-0.12032,0.13325,0.26626,-0.21343,-0.27552,-0.32632,-0.27101,-0.018651,0.099042,0.063356,-0.16177,0.018343,-0.41635,-2.5582,0.39597,0.39307,-0.89511,1.7433,1.2762,-0.37985,-0.60771,0.012296,-0.28358,-0.89263,-0.43952,-0.31985,-0.13723,0.49578,0.65592,-0.40121,-0.35237,-0.60358,-0.053433,0.009977,0.09864,-0.29498,-0.26356,0.012453,-0.03119,0.24706,0.19161,-0.27682,-0.56223,-0.33981,0.57081,0.74038,0.41153,0.62597,1.013,-1.1723,0.24114,-0.15302,0.4303,0.47835,0.05486,0.02217,0.69695,-0.64023,0.0012771,0.37758,-0.40122,0.27452,0.1988,0.040654,-0.0067453,-0.39576,-0.00031832,-0.083133,0.061337,0.11094,0.094679,0.091791,0.041449,-2.6452,0.28927,-0.61795,-1.5914,0.33542,-1.1343,-0.19511,-0.76571,0.50856,-0.57896,0.061392,-0.05475,-0.82067,-0.51009,0.16708,0.39979,-0.78428,-0.35186,0.14955,0.61335,0.17966,-0.12541,-0.37434,0.17166,-0.25765,0.23498,0.1792,-0.43002,0.30826,-0.17172
-0.18747,0.024546,0.23975,0.23401,0.40262,0.40831,0.22953,0.10152,0.058674,0.0070326,-0.0317,-0.023159,0.013166,0.015705,-0.0083097,-0.06985,-0.14707,-0.19052,-0.18129,-0.13587,-0.30742,-0.38121,-0.091126,0.026879,0.03928,-0.010732,-0.069306,-0.13974,-0.19185,-0.13982,-0.033382,0.052219,0.13123,0.046779,-0.013816,-0.048356,-0.049367,-0.032457,-0.0076527,0.03403,0.082335,0.090073,0.076568,0.067131,0.045544,-0.03362,-0.063049,0.0084833,0.046586,0.0046963,0.035776,0.061754,0.0017367,0.0082166,0.0028036,-0.027637,-0.032266,-0.0077024,0.032385,0.060293,0.054583,0.054894,0.080093,0.090019,0.079065,0.063432,0.057075,0.084696,0.059445,0.048719,0.018478,-0.15017,-0.19132,-0.094472,0.045118,0.15184,0.072747,-0.055428,0.092081,0.34767,0.27901,0.10252,0.04493,0.056834,0.01142,-0.024559,-0.019156,-0.18377,-0.23314,-0.070082,-0.022026,-0.21341,0.34877,0.54881,-0.39737,-0.27803,0.25764,0.6171,0.70617,0.75073,0.49297,-0.12762,-0.42778,-0.36931,-0.29628,-0.34417,-0.26572,-0.093736,-0.088048,-0.056629,-0.012413,0.081772,0.17096,0.17899,0.13753,0.077907,0.02594,-0.00090387,0.007621,0.0093731,-1.3675,-1.2861,0.20324,0.19534,0.088189,0.037316,0.0097175,-0.0010806,0.015343,-0.023954,-0.054868,0.23923,0.28204,0.14112,0.05076,0.14946,0.22775,0.22288,0.21445,0.1758,0.050411,-0.060915,-0.053096,0.0060287,0.085372,0.2019,0.35337,0.47372,0.51199,0.42057,0.28269,0.19542,0.16668,0.1201,0.056184,0.034029,0.081696,0.095639,0.049245,-0.0076008,0.020927,0.12885,0.20615,0.19614,0.15942,0.12922,0.10403,0.13732,0.10729,0.10116,-0.0116,-0.11766,-0.098722,-0.10273,-0.095059,-0.065398,-0.12117,-0.15876,-0.18396,-0.23264,-0.25098,-0.12926,0.0069331,-0.03368,0.017555,0.088899,0.093976,0.26809,0.54195,0.7491,0.73118,0.66196,-1.5714,-2.0164,-0.56533,-0.39128,0.17895,0.38395,0.45771,0.54684,1.7805,-1.4315,-0.16372,-1.0187,-2.4642,-0.36042,0.18491,-0.0090774,0.21351,0.20265,0.57187,0.025573,0.99563,0.10905,0.27001,0.39277,0.19543,0.080266,0.27319,-0.12499,-0.0079479,-0.7679,-0.29437,-0.15686,0.11483,0.12416,0.1615,0.28037,-0.15412,-0.1693,-1.2208,-0.38143,0.27635,0.35502,-0.46975,1.4022,0.37872,0.23938,-0.50101,-0.35608,0.38149,0.28253,0.15692,-0.59393,-0.49481,0.76766,0.11668,0.0070179,0.11459,-0.14397,-0.52608,0.47883,-0.50564,-0.12104,-0.37768,0.44837,0.1411,0.095905,0.030587,-0.1779,-1.3405,0.058741,-1.3896,-0.6606,-0.26004,-0.68325,-0.7209,0.096885,0.0050307,0.3904,0.20099,0.080438,0.21724,0.32303,-0.2671,-0.15147,-0.39293,-0.12663,0.009794,-0.016992,-0.32851,0.20219,-0.14306,0.13131,-0.0039235,0.10895,0.04789,-0.14945,-0.27683,-0.025927,-3.8381,-0.18776,-0.43393,0.065242,-0.26243,1.0166,-0.074904,-0.35529,-0.17047,0.021739,0.092276,-0.14044,-0.4059,0.30408,-0.20296,-0.11931,-0.39674,-0.34871,0.24552,0.081345,-0.0094908,-0.30676,-0.25764,0.32938,0.36179,0.011545,0.40097,-0.37227,-0.17985,-0.14461,-0.84516,0.53376,0.0050969,0.43921,0.48829,0.51062,-0.69982,0.12773,-0.12245,-0.23291,-0.036418,-0.39332,0.23873,0.097979,0.034412,-0.271,0.35253,0.10769,-0.38206,0.022933,0.13086,-0.070862,-0.12703,0.015898,-0.029054,-0.013103,-0.038845,-0.21175,-0.082862,0.19153,-3.3392,0.07579,-0.22486,1.2825,1.1582,-1.0603,-0.33829,0.05273,0.28314,0.49208,1.5645,-0.076203,0.11234,-0.15682,-0.34705,0.1396,-0.39145,-0.25503,-0.085573,0.30536,-0.60041,-0.015076,-0.39843,0.37519,-0.32635,0.1073,0.013737,-0.23992,-0.12086,-0.12285
-0.034523,0.19476,0.27996,0.066932,-0.13956,0.041193,0.29087,0.25577,0.15875,0.12603,0.083011,0.067674,0.018688,0.024581,0.084125,0.091378,0.040421,-0.069121,-0.11375,-0.069098,-0.012931,-0.11607,-0.15928,0.062978,0.18486,0.16912,0.043485,-0.087533,-0.15026,-0.11908,0.0052374,0.074209,0.0065019,-0.052559,-0.12145,-0.14888,-0.1642,-0.10319,-0.040442,-0.032986,-0.020981,-0.030142,0.015594,0.05233,0.022632,-2.7638e-06,0.04355,0.12744,0.1763,0.14175,0.044458,0.059512,0.014509,-0.15689,-0.19506,-0.20871,-0.18883,-0.12385,-0.08316,-0.078973,-0.061581,-0.037446,0.060927,0.12646,0.084737,0.03448,0.029141,0.025693,-0.0018903,0.015131,0.018001,0.061278,0.11868,0.15739,0.15269,0.15687,0.17551,-0.021963,-0.17608,0.068936,0.33385,0.23353,0.048084,0.030706,-0.060133,-0.12948,-0.11395,-0.063672,-0.23772,-0.36828,-0.17774,0.3221,-0.056436,-0.027948,0.19053,0.62163,0.91989,0.91839,0.83624,0.78401,0.10893,-0.23814,-0.33215,-0.34507,-0.33524,-0.40188,-0.54507,-0.38407,-0.051976,-0.066352,-0.021759,-0.0040038,0.12848,0.29634,0.3445,0.31239,0.24457,0.23227,0.27364,0.22104,-1.8159,-1.8011,0.17589,0.33064,0.34712,0.29735,0.2657,0.25439,0.23123,0.23905,0.20238,-0.57704,-0.50701,0.10485,0.080347,0.11551,0.13571,0.10743,0.055302,0.045988,0.010805,0.020124,0.013147,0.0056475,0.032208,0.10143,0.2042,0.33662,0.46023,0.46029,0.25986,-0.010347,-0.12773,-0.099672,-0.055212,-0.020333,0.002755,-0.070465,-0.15259,-0.11566,-0.045466,0.075417,0.18455,0.27059,0.32713,0.32465,0.2914,0.1403,0.0060388,0.0032662,-0.024105,-0.014279,-0.075168,-0.11976,-0.098902,-0.069965,-0.039044,-0.10007,-0.15535,-0.21932,-0.28507,-0.18598,-0.015645,-0.045131,0.028528,0.17702,0.30792,0.41992,0.96207,1.2289,-1.1184,-1.7943,-0.31977,-0.2414,0.16464,0.45234,0.41174,0.33934,0.40772,0.50214,3.5958,-0.6847,-0.62252,-1.3075,-0.87217,-0.80295,-1.5712,0.39435,0.0075653,0.76215,0.70189,0.17149,-0.21624,-0.10438,0.41302,-0.086151,0.13273,0.093864,0.083931,-0.25671,0.31678,0.48208,0.063125,0.18917,0.07018,-0.27845,-0.19336,0.067445,-0.22658,0.0028514,-1.5894,0.047528,-0.17371,-0.0083252,-0.7213,1.4045,0.70712,-0.44162,0.81071,-0.63345,0.80085,-0.028193,0.11878,-0.80819,-0.27061,0.96874,0.11208,0.15365,-0.31905,0.29202,-0.21464,-0.22625,-0.63081,-0.34287,-0.46194,0.2544,-0.24361,0.16076,0.042653,0.0042444,-1.6938,-0.81851,-0.32075,-0.25048,-1.0484,0.98146,-0.40113,0.089565,1.1039,-0.15938,0.14578,0.0033564,-0.042816,0.51412,0.40814,-0.39033,0.21287,0.33106,0.011544,0.34369,-0.23994,0.11216,0.035588,0.22191,0.33359,0.21524,0.26823,-0.4369,0.11368,-0.42317,-3.4696,0.13071,0.44863,-0.46248,-2.1545,0.80248,0.54141,0.76164,-0.53819,-1.2461,0.16116,-0.85003,0.90485,-0.042995,0.58648,0.76437,0.25932,-0.072936,-0.4484,-0.11648,-0.0016776,0.16821,-0.095284,-0.54814,0.095059,0.37711,0.18511,0.34214,0.069621,0.16416,-1.534,0.55334,0.62973,0.22872,-0.27161,-0.26059,0.067807,0.21779,-0.24762,-0.56749,-0.12047,-0.18442,0.16482,0.36669,-0.30345,-0.25099,0.24004,-0.071844,-0.035357,-0.037544,-0.11176,0.15578,-0.0070506,-0.094122,-0.10048,-0.0054237,0.40345,-0.14614,-0.41657,0.11724,-4.4739,0.32957,-0.79382,0.45062,0.48989,0.44073,-0.82449,-0.07148,-0.10512,0.43912,-0.61831,0.078964,-0.27554,0.16527,-0.0076888,-0.17111,-0.4473,0.13957,-0.36574,0.26374,-0.16072,-0.088323,-0.082811,0.28825,-0.024258,0.10222,0.080748,-0.23237,-0.23817,0.13392
0.11825,0.078727,-0.011594,0.0082955,0.15777,0.20796,0.22535,0.24838,0.19305,0.14776,0.079543,0.044697,0.053646,0.060722,0.10184,0.14059,0.11193,0.04056,-0.088507,-0.037282,-0.14206,-0.27611,-0.12264,-0.022466,0.016155,-0.024139,-0.086074,-0.080415,0.016413,0.15523,0.15073,0.12132,0.059488,0.011815,0.020249,-0.1226,-0.1314,-0.091367,0.035954,0.10925,0.093375,0.071642,0.073749,0.078463,0.047302,0.0062671,-0.007809,0.0032018,0.039347,0.058533,0.022849,0.019782,0.068748,0.072629,0.031271,-0.034046,-0.072649,-0.064812,-0.059194,-0.056298,-0.06048,-0.058817,-0.01312,0.038428,0.01317,-0.047693,-0.053376,-0.049087,0.032923,-0.022341,-0.20525,-0.24404,-0.20857,-0.067803,0.063769,0.10138,0.085633,0.018251,-0.059342,-0.016395,0.11279,0.18833,0.18759,0.10009,0.067997,0.11685,0.076647,0.032624,0.042522,0.072998,0.10897,0.076979,0.048347,0.022617,-0.052491,-0.32289,-0.2839,0.053176,0.82664,1.0438,0.70284,-0.12444,-0.40672,-0.40135,-0.40941,-0.22939,-0.012141,-0.090504,-0.083418,-0.079039,-0.013781,0.078684,0.11384,0.23165,0.32125,0.30553,0.25322,0.19437,0.14602,-1.7179,-1.6526,0.19823,0.31626,0.2798,0.22973,0.34454,0.44232,0.43938,0.25481,-0.029068,-0.11934,-0.1095,-0.25582,-0.46963,-0.10611,0.1671,0.2061,0.20728,0.07736,-0.09118,-0.1496,-0.14937,-0.037373,0.11009,0.14357,0.10762,0.07705,0.077014,0.12814,0.17748,0.1334,-0.040922,-0.16328,-0.14642,-0.082102,0.0087555,0.096651,0.063912,-0.031089,-0.053183,-0.17437,-0.21538,-0.11715,-0.0285,0.073931,0.078657,0.046582,0.070224,0.13433,-0.011531,-0.10453,-0.068695,-0.072997,-0.11604,-0.13009,-0.096153,-0.060589,-0.022416,0.0074736,-0.0033568,-0.048628,-0.11133,-0.17407,-0.18738,-0.074139,0.0022632,0.0050969,0.053385,0.099696,0.19021,0.22223,0.48699,0.6328,0.49444,0.50329,-1.6384,-2.0361,0.18488,0.57067,0.67286,3.2117,-0.74106,-0.66093,1.1588,1.5964,0.92202,0.85262,-0.28516,0.1459,0.20901,0.64187,-0.33755,-0.1217,0.073423,0.043517,-0.53087,0.31899,-0.52319,0.296,0.13225,0.2141,0.066311,0.40278,0.31473,0.38339,-0.26397,0.25796,-0.13846,0.075213,-0.30875,-1.0616,0.31385,0.47551,0.15955,-0.70916,-1.3772,-0.58213,0.21517,-0.49747,-0.49737,0.35354,0.29569,-0.13092,-0.7926,-0.58087,-0.026555,0.2188,0.39459,-0.33873,0.64472,0.20815,0.14383,-0.41221,-0.45631,-0.32015,-0.019161,-0.25153,0.26756,-0.33654,-0.41343,-1.5263,-0.54042,-0.045028,-0.20946,-0.87156,0.74571,-0.27219,-0.30733,0.15352,-0.35674,-0.20133,-0.23159,-0.06251,-0.095224,0.17243,-0.13679,-0.31408,0.076841,0.1561,-0.37845,-0.53946,-0.020661,-0.048525,-0.017962,0.34007,-0.1081,0.10168,-0.48725,0.0023359,-0.17466,-3.8761,0.15866,-0.37511,0.84099,0.16879,-0.98695,0.84377,0.057944,0.002359,-0.98549,-0.38774,0.53229,-0.27539,0.28793,-0.08862,-0.40639,-0.083149,-0.31456,-0.21739,-0.31299,0.29201,-0.42005,0.023146,-0.30168,0.051072,0.51299,-0.014223,-0.058097,0.46206,-0.0033346,-1.0497,0.045684,0.58175,-0.11167,-0.10398,-0.12402,-0.15079,0.61763,0.063158,0.18829,-0.13075,0.38274,0.13664,0.11341,0.040859,-0.684,0.16916,0.17226,-0.19952,-0.11244,-0.44124,-0.11066,0.16336,-0.098206,-0.29479,0.1599,0.03322,-0.13586,0.0070549,0.051799,-2.956,0.085668,1.0618,1.0683,-1.6337,-0.2935,0.043903,-0.9236,-0.050963,0.16241,-0.59624,-1.1742,0.20758,1.0578,0.048641,0.38733,-0.15941,0.39864,-0.33147,0.62414,0.010508,0.013529,-0.060156,0.32441,0.21561,-0.19199,-0.46492,-0.012121,-0.58149,0.036264
0.62547,0.19082,0.093686,0.05179,0.11776,0.1841,0.21948,0.18938,0.14219,0.083303,0.076605,0.1039,0.10161,0.12257,0.13684,0.14589,0.18233,0.22329,0.25117,0.26063,-0.49249,-0.58324,0.11636,0.2516,0.18501,0.083875,0.046459,0.0085608,-0.038754,-0.021448,0.085341,0.070457,-0.082308,-0.13533,-0.029451,-0.067255,-0.087498,-0.14131,-0.096679,-0.044629,-0.05114,-0.054131,-0.071245,-0.035175,-0.041057,-0.09394,-0.074401,-0.015996,0.0228,0.055076,0.035541,0.0034394,-0.10864,-0.21975,-0.22166,-0.20718,-0.1708,-0.088114,-0.046164,-0.062704,-0.057036,-0.040782,-0.013484,0.011779,0.030115,0.036117,0.034948,0.075575,0.14128,0.11442,0.068091,0.083902,0.05468,0.030694,0.02597,0.031315,0.067284,0.14476,0.21862,0.27021,0.29611,0.28409,0.20631,0.11101,0.074338,0.057613,0.036282,0.044743,0.064367,0.093147,0.10926,0.13907,0.15289,0.064006,0.0050448,-0.0025961,-0.2448,-0.35153,-0.50533,-0.58878,1.7799,1.1308,-0.24117,-0.2097,-0.23849,-0.29194,-0.2535,-0.14596,-0.15533,-0.14445,-0.07663,-0.013987,0.01388,0.095297,0.11321,0.19418,0.2668,0.26092,0.25879,0.23402,-0.64351,-0.46645,0.42021,0.40473,0.31109,0.24379,0.24948,0.27825,0.30328,0.2636,0.076939,-0.13244,-0.3183,-0.50859,-0.12308,0.17138,0.12787,0.021321,0.026269,0.0086961,-0.0050657,-0.058442,-0.065279,-0.15157,-0.24332,-0.20227,-0.07523,0.049482,0.12925,0.13694,0.031701,-0.012425,0.090563,0.13342,0.14059,0.16833,0.2085,0.19594,0.069188,-0.043054,-0.042908,-0.091827,-0.10468,-0.050286,-0.0024525,0.10371,0.13142,0.064406,0.020266,-0.099075,-0.13649,-0.11526,-0.10673,-0.23874,-0.34691,-0.31605,-0.28723,-0.16413,-0.047459,-0.055979,-0.075584,-0.12815,-0.18642,-0.10839,0.010719,0.026035,0.082043,0.09182,0.15332,0.20726,0.18998,0.16509,0.083275,0.19551,0.32019,0.30017,0.2246,-1.8341,-1.608,0.40881,1.8724,-2.3685,-0.23711,-0.89794,-1.6371,0.56748,-0.37712,0.24812,-0.55112,0.83071,0.97971,0.13364,0.99956,0.32454,0.055419,0.10337,0.40969,0.4924,0.3492,-0.3757,-0.31688,-0.38679,-0.07599,0.066699,0.22741,-0.10209,0.21292,0.36981,0.11845,0.2629,-1.0708,0.34757,0.83375,0.58393,-0.44759,0.72574,-0.0016079,-0.51167,0.3192,0.14979,-0.18926,0.14502,-0.42696,0.28607,-0.5052,-0.088337,-0.19128,-0.1542,-0.37616,-0.14538,-0.048395,0.51079,-0.037632,-0.15567,0.34136,0.72393,0.19456,0.14499,0.20464,0.072562,-0.97188,0.90823,-0.83054,-0.83264,0.23584,0.090534,0.43674,-0.77133,0.14244,0.79592,-0.090052,-0.16433,0.30885,0.18995,-0.37372,0.27188,0.033975,-0.35033,0.17913,-0.037219,-0.44561,-0.0039068,-0.096063,0.0028454,-0.088765,-0.062231,0.071154,-0.25555,-0.039014,-0.22473,-3.3282,0.010736,-1.527,1.1788,0.19411,-0.15337,0.36457,0.72986,0.12078,-0.045295,0.063593,0.20389,0.062992,0.67548,-0.34669,-0.27459,-0.5142,-0.46235,0.1758,0.11723,0.18506,0.40651,0.11172,-0.11638,0.3764,-0.11181,-0.17649,-0.56348,-0.31025,0.10208,-0.50686,-0.34941,-0.41627,0.49748,-0.2738,-0.624,-0.10898,0.47709,0.18464,-0.15649,-0.57461,-0.16761,0.005889,-0.039237,-0.30608,0.051929,0.026802,0.36985,-0.20557,0.0037229,0.22838,-0.35471,0.25704,0.10246,-0.26318,-0.047897,0.10384,-0.01978,-0.0087807,0.12803,-2.88,0.87687,0.98333,-1.8163,-0.70262,0.28922,0.73424,0.27282,-0.1549,0.2907,0.31862,0.64526,0.44846,-0.34718,-0.0089679,-0.39528,-0.42141,0.12338,-0.12994,0.35029,-0.47467,0.20815,0.15858,-0.26842,0.018613,-0.021921,-0.011973,-0.17599,-0.23454,0.71021
0.059033,0.13583,0.032787,-0.014624,0.055723,0.013887,0.051079,0.17561,0.18046,0.12979,0.095576,0.03336,0.040202,0.10265,0.10181,0.029472,-0.046468,-0.089172,-0.10326,-0.25343,-0.34467,-0.26294,-0.24779,-0.16758,0.0082503,-0.012808,-0.099333,-0.045337,0.021426,-0.070631,-0.16737,0.05523,0.024073,-0.073051,-0.031576,-0.079072,-0.10954,-0.022641,0.10103,0.16145,0.14684,0.1151,0.099213,0.09318,0.079948,0.077244,0.04654,0.034165,0.073806,0.033292,-0.064621,-0.044693,0.080343,0.1385,0.11325,0.021919,-0.061607,-0.073986,-0.070778,-0.065087,0.021563,0.10247,0.10472,0.10088,0.10126,0.10058,0.089271,0.11699,0.20508,0.18527,0.09693,0.10463,0.21439,0.31896,0.31668,0.19758,0.030039,-0.076574,-0.10398,-0.12769,-0.10417,0.0029419,0.111,0.12531,0.097939,0.089968,0.066266,0.038462,0.036688,0.044499,0.082912,0.12467,0.0035061,-0.12161,-0.22825,-0.071047,-0.10284,-0.58291,0.30396,0.98545,-0.12562,-0.28848,-0.29582,-0.28417,-0.30805,-0.32317,-0.19344,-0.0445,-0.0875,-0.036463,0.0042334,0.14629,0.32598,0.38896,0.34907,0.23447,0.086657,-0.0090687,-0.016402,-1.4937,-1.4106,0.063491,0.18554,0.25566,0.27834,0.23932,0.20741,0.10068,-0.0064524,0.062013,0.26746,-0.73375,-0.73466,-0.11876,0.0043801,0.23374,0.27151,0.21466,0.086528,-0.0035371,0.045717,0.16983,0.27524,0.34375,0.37375,0.39552,0.432,0.49283,0.53073,0.48263,0.29148,0.00027172,-0.23996,-0.32137,-0.25414,-0.20746,-0.17976,-0.15221,-0.14999,-0.090828,0.049898,0.29135,0.51925,0.60225,0.52187,0.3916,0.35129,0.34283,0.23272,-0.025053,-0.17214,-0.19592,-0.16645,-0.11286,-0.074053,-0.063874,-0.054901,-0.076847,-0.053629,0.015321,-0.0035102,-0.084223,-0.19285,-0.26256,-0.19297,-0.099652,-0.078752,0.0074653,0.059834,0.1803,0.28903,0.2822,0.48133,0.51348,0.30994,-1.8198,-2.0744,-0.36202,0.55677,1.001,2.9012,0.27709,-1.1363,-1.5621,0.078655,0.82036,0.24876,0.49406,0.015264,-0.0062443,0.71473,-0.091297,0.15884,0.20763,0.44276,-0.43005,1.129,-0.021315,0.53905,-0.047823,0.46025,-0.12439,0.57258,-0.17058,-0.0814,-0.071373,0.031407,0.29934,-0.0065665,0.01855,-1.3177,0.24933,-1.1256,0.36048,-1.3624,0.72758,0.49521,-0.44131,0.61101,0.049212,-0.47669,0.48411,-0.49068,-0.11099,0.44061,0.33661,0.45121,-0.010165,0.403,0.4269,0.10544,0.30931,0.15615,-0.20697,0.21502,0.09949,0.0070581,-0.0082697,0.22717,-0.22817,-0.83704,-1.0487,-0.14049,-1.1126,0.080339,0.24138,0.69676,-0.28639,-0.26719,0.41855,0.89577,-0.13653,0.02436,0.41998,0.41785,-0.56662,-0.68081,0.59906,0.079309,0.0031752,-0.26563,0.18486,-0.32174,-0.41767,0.089604,0.10272,-0.24198,-0.29875,-0.034149,-0.20085,-3.4123,-0.12557,0.38285,1.2453,0.1896,-1.0989,0.31989,0.39808,-0.26566,-0.023012,-0.33431,-0.076948,0.016599,0.58196,0.042938,0.42355,-0.65126,-0.71663,-0.21233,0.063517,0.28399,0.042934,0.19847,0.31228,-0.4856,0.37067,0.15412,0.11055,-0.33991,-0.0074713,-0.53239,0.52597,1.3529,0.48463,-0.046947,-0.59571,-0.10359,-0.0042741,-0.64783,0.060203,0.12165,0.012439,0.6942,0.50651,-0.39743,-0.57493,0.37047,-0.11778,0.16448,0.096272,-0.018017,-0.48753,-0.0031807,-0.1157,-0.26622,-0.056303,0.080309,0.045219,0.42116,0.05172,-3.4428,-0.062687,-0.70607,0.46268,-0.907,0.52353,1.0547,-0.31232,0.022358,0.21202,-0.2368,0.42359,-0.15071,-0.17472,0.60802,-0.65362,-0.5844,0.37528,0.21574,0.18634,0.13806,-0.60627,-0.40598,0.86405,-0.011489,-0.044044,0.23271,-0.098966,0.25766,0.34397
-0.17318,-0.29814,0.092063,0.050777,0.045787,0.082507,0.13483,0.17204,0.16535,0.11584,0.088266,0.021267,0.026132,0.10886,0.13456,0.077811,-0.021639,-0.084143,-0.091491,-0.068052,0.079433,-0.1018,-0.22165,-0.001994,0.099002,0.1226,0.055844,-0.08533,-0.19735,-0.2103,-0.036246,0.15102,0.15055,0.16492,0.29602,0.30946,0.15392,0.0027668,-0.039368,-0.040736,-0.034734,0.021554,0.041555,0.0067383,-0.024283,0.0059791,0.093237,0.17413,0.21944,0.18463,0.094018,0.06008,0.12183,0.18356,0.19165,0.1506,0.089965,0.06217,0.061438,0.071203,0.083645,0.083024,0.097017,0.11587,0.11572,0.0864,0.058773,0.078628,0.041129,0.034134,0.066261,0.016259,-0.0039822,-0.054629,-0.06149,-0.095051,-0.162,-0.21473,-0.22015,-0.17318,-0.05264,0.099472,0.17991,0.1718,0.11431,0.04649,0.027884,0.023858,0.028068,0.038187,0.04913,0.084669,0.12203,0.063714,-0.030443,-0.092249,-0.20548,-0.31104,-0.558,-0.1705,1.5643,0.90215,-0.27055,-0.24913,-0.26093,-0.29401,-0.18994,-0.032121,-0.067591,-0.029302,-0.016128,0.10442,0.29432,0.39439,0.3849,0.28701,0.1561,0.080716,0.069416,0.062369,-1.8862,-1.8197,0.22851,0.36079,0.33103,0.28836,0.27015,0.26776,0.29669,0.36675,0.26486,-0.10078,-0.23045,-0.46363,-0.43514,-0.16299,-0.0094849,0.036765,0.084433,0.075848,0.05153,-0.070567,-0.20435,-0.21985,-0.16786,0.0014161,0.21978,0.37286,0.43249,0.36702,0.14812,-0.12676,-0.28918,-0.33392,-0.31283,-0.23689,-0.11987,-0.028941,0.026659,0.054986,0.037518,0.05737,0.16101,0.24262,0.22213,0.1274,0.019464,0.022994,0.031085,0.052972,0.031619,-0.031874,-0.021954,-0.0094819,0.012671,-0.028629,-0.038921,0.033091,0.063258,0.041506,-0.02724,-0.10117,-0.17054,-0.22731,-0.22823,-0.10313,0.032665,0.080706,0.14367,0.13863,0.16924,0.2026,0.16926,0.27371,0.32468,0.23639,0.074682,-2.1296,-1.509,0.90062,3.099,-0.34948,-0.60533,-2.4091,0.13847,0.36123,0.65726,0.26261,0.46845,0.064209,0.81875,-0.25383,-0.073567,-0.26581,0.50868,-0.14542,0.27464,0.14107,0.19989,-0.029515,0.03106,0.024218,0.036109,-0.097055,0.15356,-0.057885,-0.15694,0.36368,-0.073368,0.022596,-1.7892,0.36621,-0.69907,0.72406,-1.8101,1.1645,0.45373,-0.19408,-0.18111,0.029358,-0.51215,0.196,-0.5484,-0.13263,0.021231,0.07566,0.16134,0.35994,0.019211,-0.38757,0.26847,-0.14995,-0.06518,-0.14271,-0.063436,-0.114,-0.015789,-0.1343,0.12368,-0.43958,-1.7188,-0.75534,-0.98961,-0.41862,-0.68617,-0.74592,0.019746,0.056689,0.33316,0.053249,-0.1705,-0.12572,-0.27056,-0.13674,-0.067593,-0.066652,-0.13312,-0.46446,-0.36467,0.15854,0.10639,-0.15473,-0.13477,0.030971,-0.0073635,0.41211,0.11833,0.021871,-0.090224,0.09207,-4.3833,0.22619,0.42197,-0.34579,-0.51941,0.43929,-0.18685,0.067164,-0.36571,0.24243,0.21355,-0.13294,-0.6567,-0.077248,-0.074824,0.15899,-0.16448,0.20989,0.044069,-0.10425,-0.37269,-0.036714,-0.073049,0.17589,0.1055,-0.45777,0.16288,-0.016308,-0.16084,-0.14962,-1.0746,0.43762,0.90029,-0.13752,0.10898,-0.067832,-0.42477,-0.26857,-0.18937,-0.24957,0.18174,0.027423,0.24234,0.13107,0.2696,-0.058015,0.055699,0.1095,0.054429,0.16726,-0.23625,0.049917,-0.07561,0.12792,0.29624,-0.14045,-0.26567,-0.045586,0.081495,-0.13817,-3.2312,-0.080898,-0.68849,2.3027,0.41656,-0.12326,1.7695,0.51949,0.097603,0.52653,1.0291,0.30157,-0.021058,-0.34593,-0.22614,0.53312,-0.43636,-0.61175,-0.0076118,-0.30839,0.13485,-0.18432,-0.05671,0.037364,-0.17835,-0.39771,0.33288,0.37131,0.17529,0.28612
-0.21215,-0.19275,-0.14251,-0.035625,-0.026338,0.023042,0.13898,0.1653,0.11025,0.029303,0.040104,0.11477,0.13864,0.16259,0.14679,0.068609,-0.031687,-0.094478,-0.10912,-0.35103,-0.34725,-0.17285,-0.15124,0.081265,0.044103,-0.051669,0.019932,0.099739,0.046957,-0.038598,-0.023273,0.14144,0.25579,0.19621,0.13592,0.030187,-0.058943,-0.078903,-0.05034,0.0072285,0.061858,0.086031,0.079988,0.067287,0.035839,0.010431,0.048387,0.11384,0.13652,0.095216,0.019895,0.0079462,0.065129,0.077685,0.032568,0.0017805,-0.0079804,-0.001395,0.026895,0.060757,0.015,-0.041957,-0.02032,-0.0091776,-0.0088452,0.037213,0.073312,0.077993,0.14506,0.11232,0.06681,0.10751,0.10182,0.06806,0.0011754,-0.10226,-0.18991,-0.21416,-0.17314,-0.052672,0.073695,0.13367,0.13824,0.086612,0.00095028,-0.040952,-0.026061,-0.013458,-0.13307,-0.16837,-0.081251,-0.071697,-0.25725,0.13755,0.31005,-0.22514,0.33973,0.68154,0.80719,0.87557,0.15836,-0.057423,-0.18508,-0.22863,-0.25775,-0.1652,-0.11154,-0.1837,-0.17701,-0.10675,0.049846,0.17732,0.20883,0.23827,0.1833,0.1433,0.10388,0.049772,0.040315,0.13733,-1.7269,-1.8583,0.25426,0.36163,0.29514,0.22849,0.11251,-0.00021917,-0.007409,-0.0058463,0.010508,0.12183,0.21448,0.12165,0.04427,0.15942,0.25326,0.28012,0.28458,0.25481,0.19015,0.085665,0.012215,0.0040579,0.016274,0.085111,0.20244,0.28929,0.29131,0.21114,0.07303,-0.076153,-0.053133,0.033552,0.02315,-0.0015556,0.051698,0.10205,0.10981,0.088721,0.08887,0.14646,0.22347,0.25958,0.21508,0.13662,0.10598,0.14053,0.1614,-0.033109,-0.12475,-0.1114,-0.105,-0.11291,-0.11251,-0.065864,0.0012816,0.059011,0.064614,0.012676,-0.047316,-0.10863,-0.17398,-0.19973,-0.15407,-0.01341,0.12024,0.14655,0.36027,0.58547,0.64907,0.57366,0.42977,-1.8457,-2.1894,-0.27216,0.22088,0.30431,0.36851,0.44934,3.6892,-1.551,-0.86107,0.82854,-0.42525,-1.0324,0.7163,0.5643,-0.22338,-0.13929,0.27529,-0.37827,-0.8182,-0.099691,0.026053,0.016653,0.047,-0.081859,-0.0041018,-0.040695,0.16977,-0.30915,-0.17064,-0.15147,-0.0084772,0.18292,-0.18749,-0.23663,-0.063012,0.48069,-1.7741,0.66588,-0.3054,0.56067,-1.7445,1.2456,0.67854,0.13334,-0.29224,0.12469,-0.65944,0.46191,-0.2304,0.13552,-0.042625,0.13085,0.27298,0.19427,0.0066018,-0.077038,0.063413,0.386,0.0039075,0.17228,0.017082,-0.10414,0.15863,0.026908,-0.20463,-0.35753,-1.5894,-0.31683,-0.20375,-0.49179,-0.13319,-0.76988,-0.17271,0.10905,0.20404,-0.086313,0.45042,-0.1139,-0.083901,-0.2224,-0.12505,-0.18035,-0.36086,-0.06385,-0.13323,-0.11306,-0.34655,-0.20614,-0.058342,-0.024339,-0.1385,0.18382,-0.20831,0.079931,0.30844,-0.08364,-4.3565,0.79549,0.10548,-0.34008,-0.61605,0.62939,-0.31764,-0.36477,-0.332,0.20976,-0.22523,-0.15984,-0.68509,0.22969,0.033787,-0.016368,-0.29711,-0.20872,0.0020551,-0.13352,-0.3386,-0.098034,0.34016,0.030044,-0.034402,0.028514,-0.038869,-0.057881,-0.20557,0.0060035,-1.0697,0.071249,0.50262,-0.16373,-0.23776,0.2965,-0.84628,-0.37946,-0.052471,0.15348,-0.13283,-0.18286,0.16582,0.65283,0.10956,-0.22769,0.30383,0.062319,-0.16992,0.35831,0.054376,0.064013,0.26557,0.005865,-0.078364,-0.14958,0.029003,0.25419,0.038468,-0.12787,-4.0531,0.85749,-0.66506,0.74978,0.72212,-0.099275,-0.64654,-0.9695,0.48666,0.26929,-0.34058,-0.25743,-0.6288,-0.004268,0.3664,-0.25311,-0.089789,0.17619,-0.37317,0.037314,-0.037408,-0.15433,0.21065,0.10712,0.13207,0.11764,0.19702,-0.32114,-0.1526,0.33166
0.21451,0.28018,0.27805,0.54034,0.60547,0.30714,0.080084,0.099986,0.092661,0.090173,0.077377,0.067099,0.070298,0.13801,0.23228,0.26276,0.21899,0.10902,-0.1275,-0.29806,-0.28099,-0.23975,-0.046342,-0.1508,-0.21472,-0.30141,-0.41005,-0.35273,-0.13842,0.107,0.29222,0.19709,-0.020054,0.033243,-0.12398,-0.15342,-0.11802,-0.070463,-0.08767,-0.059823,-0.019908,-0.038461,-0.062308,-0.085391,-0.020957,0.049315,0.082123,0.1177,0.11646,0.20861,0.20314,0.092299,0.0080209,0.061753,0.030198,-0.14523,-0.19516,-0.14668,-0.079589,-0.069056,-0.059677,-0.0717,-0.090113,-0.047891,-0.0002395,-0.040524,-0.077334,-0.079666,-0.16734,-0.059695,0.084735,0.19973,0.24037,0.18213,0.10413,0.0026358,-0.14532,-0.20782,-0.09902,0.10216,0.27449,0.29386,0.18979,0.10422,0.013253,-0.0069114,-0.005102,0.0069714,0.018059,0.035554,0.06457,0.10506,0.15248,-0.29609,-0.18653,0.2423,-0.48592,0.022574,0.71732,0.89459,-0.50988,-0.47557,-0.37098,-0.34726,-0.37238,-0.22079,0.036048,-0.019992,-0.016149,-0.01768,-0.044792,0.011453,0.066214,0.19347,0.27714,0.24194,0.17826,0.096525,0.099247,0.044325,-1.5694,-1.4815,0.29056,0.25609,0.2383,0.18624,0.14439,0.18993,0.26924,0.27599,0.088844,-0.29784,-0.50726,-0.27241,0.24745,0.24396,0.23971,0.11762,0.028071,0.036249,-0.0053104,-0.06281,-0.13323,-0.12837,0.006495,0.22878,0.35909,0.35449,0.31468,0.39428,0.281,0.056452,0.16785,0.19065,0.082255,0.098859,0.21531,0.25702,0.13866,0.031444,0.021,-0.034872,-0.073824,-0.046081,0.127,0.27849,0.28321,-0.016954,-0.26935,-0.17392,-0.091948,-0.027399,-0.0069461,0.0072483,0.02514,-0.080677,-0.20187,-0.20771,-0.22759,-0.27638,-0.31479,-0.1916,-0.018558,-0.010025,0.059075,0.072935,0.051224,0.016105,-0.0090833,0.054942,0.12233,0.56612,0.81627,0.694,-1.5341,-2.0832,-0.28084,0.17631,0.54193,0.64198,2.7677,-1.9244,-1.1185,1.934,0.43726,-0.85916,0.25497,-0.086346,-0.38167,0.73376,0.379,0.79942,-0.56461,-0.071599,0.33798,-0.47456,0.37789,0.15899,0.60798,0.29994,-0.099582,0.06597,0.11359,0.20346,0.43026,-0.43209,0.047583,0.31671,0.029225,-0.028231,-1.4313,1.0514,0.31009,-0.079259,-1.2117,-1.6724,-0.55402,0.40923,0.13654,-0.031622,0.18056,0.08793,-0.73441,0.22745,0.31605,-0.1372,-0.28301,-0.19666,0.47518,0.20324,-0.50088,0.45149,0.042229,0.34552,0.21762,0.24818,-0.11541,0.13805,-0.15757,-0.38518,-1.5187,-0.055595,-0.089123,-0.92518,-0.28355,0.22011,0.20244,-0.71958,-0.37324,0.89744,0.3093,-0.66126,0.19635,0.040806,-0.213,0.026739,-0.042079,-0.24775,0.12085,-0.0082872,-0.09628,0.079746,-0.15798,0.067399,0.60766,-0.28705,-0.10295,-0.067247,-0.08597,-0.042681,-2.9651,0.55475,-0.55799,1.1006,-1.0636,-0.79435,1.6124,0.14522,-0.0051866,-1.218,-0.27048,-0.84098,1.6414,-0.17017,0.42896,0.82404,-0.11774,0.21594,-0.30028,-0.3407,0.054649,0.023989,-0.26318,0.23929,0.28583,-0.24134,-0.28104,-0.15616,0.11049,0.21901,-1.185,-0.15012,0.48772,0.33034,-0.28275,-0.33704,-0.28775,0.60836,-0.082534,-0.45627,-0.079624,0.61571,0.28957,0.020687,-0.13569,-0.031366,0.3913,-0.27444,-0.27364,0.25945,0.23298,0.077122,0.02583,0.23013,-0.21036,0.31469,0.16395,-0.17872,0.30123,0.29836,-3.9691,0.7753,0.22815,0.45966,-0.81309,-0.072415,1.4311,0.015633,-0.13666,-0.13319,-0.63772,0.67879,0.19938,0.65268,0.47595,-0.37833,-0.62709,-0.12184,0.18952,-0.43556,-0.11146,0.063329,0.050156,0.009312,0.0029634,0.06255,-0.24642,0.048127,0.0032661,0.15548
-0.21849,-0.2179,-0.061152,-0.064857,-0.016987,0.1183,0.23827,0.26202,0.24348,0.17839,0.1397,0.057812,0.058614,0.13369,0.14289,0.06147,-0.10876,-0.21467,-0.1978,-0.13832,-0.18665,-0.30121,-0.17112,-0.10184,-0.059507,0.048704,0.059395,-0.053089,-0.097092,-0.074112,0.16601,0.10551,0.036482,0.042425,0.049229,0.069926,0.050287,-0.00029924,-0.04233,-0.056194,-0.066041,-0.061076,-0.059477,-0.080958,-0.067824,-0.049322,-0.0042874,0.084116,0.14279,0.13057,0.11086,0.077537,0.054018,0.038468,-0.0054507,-0.023826,-0.0053805,-0.033112,-0.091852,-0.09277,-0.084637,-0.066476,0.047139,0.14499,0.13863,0.11406,0.097258,0.14317,0.17253,0.15329,0.18781,0.12823,0.064757,-0.063547,-0.19056,-0.2084,-0.11352,-0.001061,-0.1417,-0.28504,-0.094404,0.16973,0.21922,0.1659,0.13276,0.071952,0.0506,0.08196,0.12978,0.071744,0.083853,0.20026,0.26972,0.26066,-0.10011,-0.58463,-0.47612,0.29017,0.85801,1.0649,0.6434,0.305,-0.1292,-0.21188,-0.22893,-0.28573,-0.21923,-0.08342,-0.13669,-0.10913,-0.091186,0.067841,0.29458,0.39193,0.36299,0.23888,0.12417,0.081986,0.11619,0.059098,-1.6241,-1.5271,0.14273,0.16546,0.21947,0.26731,0.23752,0.23462,0.26377,0.27641,0.0014453,-0.72183,-0.55897,0.099586,0.0056597,0.050524,0.11603,0.16225,0.21745,0.17394,0.10508,0.097118,0.023216,-0.026952,-0.13633,-0.14679,0.018225,0.18646,0.28669,0.29748,0.20425,-0.022186,-0.14856,-0.10414,-0.027581,0.012599,0.0249,-0.043739,-0.1074,-0.092978,-0.06637,0.015086,0.11372,0.19741,0.24578,0.25082,0.25928,0.28216,0.1982,0.095922,0.067568,0.0090131,-0.0017587,-0.053615,-0.078264,-0.039963,-0.017145,-0.0053153,-0.066749,-0.11959,-0.20585,-0.34346,-0.25842,-0.068901,-0.070688,-0.01661,0.0069712,0.079241,0.1213,0.23397,0.40516,0.45892,0.42118,0.28886,0.24027,-1.696,-1.8458,0.39277,0.58,0.65235,3.6963,-0.91877,-1.2502,0.48954,-0.41955,-0.32292,0.088681,0.4969,-0.85552,0.22342,0.23599,-0.27646,-0.53881,0.38841,-0.37421,-0.1516,-0.25687,0.14461,-0.49949,0.34935,0.34254,-0.21999,-0.23465,0.1228,0.15585,-0.24698,-0.040689,-0.29643,-0.36686,-0.012825,-1.6251,0.84898,-0.52228,-0.30121,-1.662,-0.90046,-0.40451,-0.22102,-0.46656,-0.0039871,-0.059798,0.2473,-0.24989,-0.22714,0.030816,0.17547,0.22023,-0.15855,-0.37983,-0.029528,0.33325,-0.007046,0.021743,0.16405,-0.095057,0.28776,-0.087774,0.039626,0.17831,0.14417,-1.4085,-0.87078,0.077957,-0.69629,-1.0044,0.088806,-0.19043,0.10746,0.66667,-0.50487,-0.3204,-0.20096,0.014081,0.13419,0.073438,-0.096433,-0.01655,0.24702,-0.17105,0.31569,0.0095015,-0.26793,0.11317,-0.010953,0.15585,0.32181,0.053936,-0.058726,-0.069052,0.060294,-3.8004,0.61399,0.15365,1.2861,-0.074772,-1.1024,0.34367,0.0098682,-0.11369,-0.87352,-0.50711,0.60116,-0.29846,-0.21415,0.026028,0.12911,0.26214,0.40434,-0.16626,0.31915,0.021258,0.035632,-0.16434,-0.54307,0.027504,0.20466,-0.2001,0.0066341,0.105,-0.42511,-1.1007,0.058252,0.90505,0.44983,-0.15924,0.092441,0.25541,-0.17814,-0.18868,0.013425,-0.098704,0.030811,-0.18586,-0.20435,-0.24143,-0.0035087,0.25835,-0.043393,0.05887,0.27887,-0.20873,0.17629,0.10935,-0.091499,0.18928,-0.0049752,-0.076335,-0.32491,0.035652,-0.15776,-3.6706,0.76577,-0.68168,1.3883,-0.90203,0.29276,1.3257,-0.41481,-0.070742,-0.37489,-0.45967,0.22772,0.010647,-0.098722,-0.48638,-0.17995,-0.10492,-0.055914,-0.031503,-0.27746,0.25389,-0.4561,0.087189,-0.23176,-0.046546,0.07936,0.41189,0.066362,-0.18663,0.23168
0.39377,0.078317,0.27086,0.45482,0.48914,0.28491,0.15599,0.1962,0.15526,0.081883,0.067712,0.099045,0.094844,0.09988,0.09367,0.092441,0.086034,0.064014,-0.074975,-0.2994,-0.3684,-0.21543,-0.046248,-0.1117,-0.23838,-0.29835,-0.25571,-0.1644,-0.025325,0.15059,0.14956,0.063605,-0.066842,-0.091559,-0.13888,-0.15136,-0.10966,-0.080032,-0.0778,-0.067173,-0.058811,-0.063982,-0.072402,-0.1027,-0.13471,-0.15943,-0.078719,0.065475,0.14659,0.11563,0.16033,0.2278,0.15434,0.053104,-0.080369,-0.19433,-0.19405,-0.1513,-0.11206,-0.10387,-0.075256,-0.049033,-0.028163,0.027232,-0.01415,-0.11591,-0.047156,0.084459,0.14009,0.11051,0.13475,0.21231,0.21704,0.17949,0.18564,0.21584,0.12358,-0.052372,0.001195,0.18008,0.19233,0.11467,0.047462,0.049115,0.034844,0.046043,0.016545,-0.0030021,0.0093698,-0.0032522,-0.010482,0.021627,0.077533,0.067857,-0.14971,-0.24852,-0.036286,-0.20974,0.40628,0.7141,1.8742,1.328,-0.28281,-0.40269,-0.43993,-0.47734,-0.34844,-0.15584,-0.15933,-0.10412,0.0045327,0.058422,0.038047,0.06463,0.05177,0.078594,0.10115,0.080416,0.014726,-0.34567,-0.30675,0.11917,0.24297,0.22565,0.17315,0.12649,0.14414,0.18083,0.10427,-0.056789,-0.14117,-0.081969,-0.18808,-0.23203,0.075824,0.094037,0.069342,0.070914,0.088115,0.086194,0.080439,0.10001,0.045123,-0.0073125,-0.1909,-0.2587,-0.048117,0.20226,0.32285,0.25146,0.10245,0.029763,0.13209,0.23184,0.17464,0.10014,0.16648,0.21389,0.14674,0.085539,0.11091,0.13278,0.17316,0.30423,0.53816,0.57936,0.37365,0.10932,-0.086069,-0.16634,-0.1544,-0.12726,-0.11805,-0.10238,-0.20796,-0.29209,-0.25762,-0.20636,-0.24038,-0.31074,-0.32444,-0.1429,0.087801,0.051314,0.0571,0.035873,0.08069,0.14399,0.13917,0.1316,0.11367,0.10917,0.13292,0.63188,0.76615,-1.693,-2.1974,-0.11766,0.35567,0.52245,2.0987,-1.8027,-0.70286,1.758,0.24574,1.062,0.09549,-0.050074,-0.42215,0.40517,0.54255,0.34879,-0.74721,0.15025,0.067114,0.22317,0.1273,0.61297,-0.20515,-0.11557,0.33344,0.0030851,-0.18389,-0.09055,0.15539,-0.3216,-0.054736,0.46705,0.098128,0.049362,-1.071,0.0051068,0.92385,0.46383,0.10698,-0.041624,-0.34312,-0.16172,0.031488,0.093265,-0.22618,-0.044447,-0.25083,0.32987,0.0035951,0.14282,-0.052728,-0.096014,-0.40109,0.0040701,0.4875,-0.04525,0.05035,0.20222,-0.059849,0.36551,0.26397,-0.16744,0.18438,-0.32196,-0.50146,1.3226,-2.0079,-1.6137,0.12364,0.68179,-0.098699,-0.2625,0.41943,0.59751,0.36374,-0.49633,0.324,0.12131,-0.13075,0.36932,0.45407,0.53481,0.069857,0.11795,0.11425,-0.29152,-0.27531,0.12515,-0.019239,0.0067661,0.22291,0.38323,-0.3355,-0.29341,-2.8857,-0.65706,-1.7882,1.7686,-0.16016,0.76736,0.052061,0.55621,0.066183,0.40368,0.14605,0.28074,-0.25626,-0.33433,-0.064921,0.30163,-0.22937,-0.40182,0.25718,-0.11754,-0.67999,0.27058,0.15107,0.017895,0.15676,-0.51689,-0.020758,-0.20618,-0.11033,-0.35641,-0.027284,0.13108,-0.69757,1.3807,-0.14591,-0.53716,-0.028551,0.55973,0.0014353,0.20636,-0.43191,0.058787,0.087451,0.12557,0.079249,0.23476,0.27899,0.060193,0.46939,0.38994,0.15572,-0.083599,-0.048988,0.40638,0.10665,0.17337,-0.1987,-0.3006,0.0083562,0.14573,-3.1974,-0.26187,1.5095,0.9206,-1.1948,-0.30594,-0.81936,-0.08648,0.00037829,0.0013118,-0.3286,0.51346,0.39404,0.49112,0.2697,0.00090933,-0.46345,-0.038945,-0.098307,0.060555,0.069114,-0.41828,0.22052,0.0031853,0.045105,0.28504,0.19826,-0.15711,0.023185,0.21735
-0.016073,-0.26407,-0.088272,-0.022025,0.059058,0.10312,0.18365,0.27093,0.27586,0.20854,0.14977,0.10624,0.096542,0.10304,0.12749,0.12397,0.036175,-0.050529,-0.10057,-0.1566,0.14226,0.13566,-0.15196,-0.053344,0.0083918,0.099763,0.18348,0.15187,-0.012305,-0.14282,-0.12614,0.088439,-0.0077102,0.027512,0.0071248,0.051452,0.038242,-0.0073818,-0.028201,-0.03325,0.041879,0.077997,0.032587,0.010891,0.00031165,0.050191,0.10743,0.077576,0.068499,0.072344,0.0014948,-0.030334,0.0048364,-0.01774,-0.029906,-0.026716,-0.041437,-0.041435,-0.041862,-0.034196,-0.002259,0.031086,0.058069,0.080771,0.039974,-0.015,-0.012429,-0.013126,0.048378,0.067535,0.046409,0.065728,0.011369,-0.04035,-0.069879,-0.064717,-0.04409,-0.11653,-0.26264,-0.15786,0.0787,0.14606,0.1804,0.1583,0.14402,0.14437,0.11159,0.091765,0.064925,0.060609,0.088502,0.15807,0.21648,0.22634,0.26624,0.23073,-0.11076,-0.79679,-0.50246,0.68382,1.4914,0.87691,-0.14616,-0.19339,-0.23148,-0.27073,-0.20001,-0.10907,-0.18108,-0.16037,-0.13301,-0.038123,0.057997,0.083588,0.12404,0.099906,0.28642,0.43561,0.40731,0.2771,-1.8718,-1.8972,0.15678,0.20601,0.17771,0.33502,0.46754,0.45861,0.38129,0.35914,0.44109,-0.013953,-0.4218,-0.3793,-0.15674,-0.13121,-0.0059053,0.027199,0.026777,0.015626,-0.090347,-0.24293,-0.2922,-0.2533,-0.1422,-0.023521,0.029846,0.072217,0.15952,0.20823,0.10511,-0.12986,-0.20023,-0.093118,-0.048696,-0.038741,0.012522,-0.0081204,-0.059427,-0.037975,-0.065137,-0.045816,0.038235,0.094438,0.14566,0.092766,0.0060157,-0.011038,0.055674,-0.0051477,-0.07157,-0.055194,-0.080739,-0.088722,-0.063254,-0.030859,-0.16742,-0.24798,-0.16381,-0.059413,0.0077383,-0.056049,-0.13676,-0.1287,-0.096267,-0.14044,-0.13188,-0.13036,-0.054233,0.043515,0.1014,0.19115,0.19792,0.38993,0.52977,0.45497,0.34634,-1.3899,-1.2763,0.75879,3.1972,-0.67517,-0.89961,-0.18548,1.5965,0.75383,1.2897,-0.0026032,-0.47347,0.30647,0.97906,-0.51294,0.12666,0.082073,0.11618,-0.10283,0.50999,0.070689,-0.13471,0.15306,0.046475,-0.31369,0.12941,-0.23901,-0.24437,0.065349,0.09269,0.043956,-0.068788,-0.022762,-1.4715,0.7109,-0.23709,0.55546,-2.1674,1.2579,0.067596,-0.4253,0.070561,0.30014,-0.26225,-0.021916,-0.7668,0.015253,0.23395,0.11979,0.1818,0.0087002,-0.048998,0.051443,0.38847,0.045425,-0.0037164,-0.3431,-0.043122,-0.11298,-0.38161,0.04184,0.10627,-0.30016,-1.496,-0.32207,-0.13738,-0.31456,-0.47199,-0.4533,0.26151,-0.52033,0.064848,-0.10122,-0.089881,-0.42421,-0.1301,0.1181,0.33584,0.12024,-0.17318,0.044427,-0.093739,-0.0032245,-0.14218,0.061669,-0.11714,-0.012026,0.19434,0.30865,0.027234,-0.23608,-0.11465,0.18039,-3.2326,1.4371,0.30896,-1.3165,1.3813,0.34067,-0.0099257,0.99262,-0.22981,0.38113,0.53879,-0.12156,0.054848,0.034494,0.11164,0.32338,0.058276,0.054058,-0.2464,-0.36296,-0.3762,0.021748,-0.4371,-0.27441,0.11373,-0.080968,0.42205,0.28974,-0.086355,-0.059246,-0.84143,-0.14571,0.72635,-0.32457,0.31609,-0.21735,0.43938,0.39667,-0.21012,-0.011921,0.10438,0.29519,-0.19377,0.076397,-0.53809,-0.12929,0.15454,-0.068999,-0.088522,0.13501,-0.37308,0.32989,0.034016,-0.41335,0.13237,-0.061599,-0.15504,-0.066945,-0.05135,-0.2561,-3.3758,1.3209,-0.84282,-1.6238,0.95811,0.35302,-0.29651,-0.2645,-0.14227,0.16815,-0.41034,-0.3623,0.14861,0.059747,-0.26835,0.56995,-0.33383,-0.59872,0.096785,0.49107,0.29478,0.23555,0.031804,0.22868,-0.15693,-0.16181,0.084046,-0.0046791,-0.083688,0.14621
-0.15829,-0.18279,0.0097021,0.061725,0.27175,0.3188,0.19779,0.22059,0.17559,0.14236,0.14584,0.16918,0.10755,0.12102,0.19462,0.17395,0.070093,-0.094562,-0.18934,-0.17065,0.12313,-0.035291,-0.2775,-0.11925,0.0093843,0.17203,0.24527,0.15137,0.041318,0.0036674,0.12482,-0.10732,-0.18259,0.016698,0.01472,0.0098251,-0.038216,-0.06018,-0.065406,-0.064578,-0.044131,-0.042735,-0.0055485,0.00084068,-0.050551,-0.084714,-0.039926,0.052836,0.12194,0.12296,0.057674,0.010366,0.018017,0.02051,-0.0060255,-0.021382,-0.051073,-0.088361,-0.085729,-0.07284,-0.059147,-0.014259,0.030182,0.040351,0.038245,0.00072618,-0.041051,0.0057381,0.036774,-0.015634,0.027242,0.028359,0.029126,0.012985,-0.0024785,-0.0028375,0.042467,0.088684,-0.064582,-0.22129,-0.12497,0.051168,0.11876,0.12608,0.12507,0.089569,0.074762,0.051294,0.049154,0.06543,0.090995,0.10634,0.006384,-0.017449,-0.039046,-0.56041,-0.44275,0.40655,0.91856,1.0688,0.84101,0.40875,-0.26646,-0.43589,-0.45711,-0.25273,0.025976,-0.047931,-0.043721,-0.047438,0.0059756,0.035242,0.15898,0.35779,0.40301,0.33797,0.22831,0.17334,0.17518,0.11103,-1.8988,-1.8282,0.22032,0.31912,0.31626,0.35642,0.38668,0.38089,0.4053,0.3347,0.11842,-0.93436,-0.82439,0.12779,0.013043,0.028593,0.060904,0.081479,0.090843,0.10284,0.057972,0.030597,-0.076526,-0.18795,-0.19578,-0.12388,0.010202,0.15159,0.26745,0.31043,0.24712,0.10735,-0.021057,-0.056351,-0.025086,0.002431,-0.043678,-0.084671,-0.051506,-0.046499,0.0042267,0.074344,0.13311,0.14861,0.18284,0.24918,0.2716,0.27796,0.092128,-0.035528,-0.0099084,-0.021926,-0.013776,-0.068907,-0.1103,-0.078571,-0.048238,-0.026687,-0.1045,-0.16864,-0.21799,-0.32133,-0.22777,-0.056245,-0.085809,-0.072587,-0.079138,0.011757,0.12197,0.16362,0.19767,0.15222,0.44649,0.64496,0.53349,-1.4141,-1.6819,0.26776,0.42573,0.51083,3.5985,-0.50068,-1.0697,-0.52226,1.3252,1.0191,1.1715,0.014242,-0.50218,0.33745,0.68726,0.39875,-0.25284,0.21195,-0.096869,0.42738,0.39406,0.28288,0.088512,0.16345,0.18642,-0.38387,-0.24175,0.33934,0.12207,-0.13577,0.047205,0.57151,-0.054325,0.15624,-1.6577,0.89201,-0.56423,0.21837,-2.0076,1.0789,0.046548,-0.42683,0.51533,-0.15617,0.025876,-0.1322,-0.96863,0.035696,0.24232,-0.040769,0.58915,-0.09945,-0.042295,0.060707,0.63104,-0.10108,-0.16061,0.093192,0.040499,0.04163,-0.33097,0.11979,0.01242,-0.11919,-1.6263,-0.64633,0.048689,-0.42253,-1.0802,0.27,0.10712,-0.45327,0.74481,-0.081094,-0.22798,-0.58028,0.01441,0.24908,0.10598,0.65594,-0.51997,-0.39827,-0.36952,-0.035613,-0.10022,-0.3823,-0.0055922,0.074041,0.13233,0.36526,-0.11096,-0.12772,0.10393,0.075938,-3.7729,0.70869,0.039131,1.0617,-0.084536,-1.3841,1.4504,0.53078,-0.092634,-0.25944,0.092357,0.8473,-0.0489,0.27814,-0.20357,0.4947,0.085796,-0.12473,-0.069107,0.14777,-0.45929,-0.041283,0.075784,-0.17157,-0.42763,0.047105,0.14737,0.21101,0.1367,-0.3603,-1.1377,0.035343,0.92707,-0.075546,-0.56641,-0.20153,0.32648,0.18176,0.0096074,-0.3391,-0.23523,0.04915,-0.12174,-0.11419,-0.21146,-0.2014,0.33021,-0.28142,0.41631,0.31531,-0.35396,-0.13536,0.053182,-0.15313,-0.017222,-0.090591,0.13726,-0.22763,-0.20626,0.014615,-2.7241,0.91038,0.38032,-1.3015,-1.7429,0.069364,1.8201,0.085568,-0.45141,0.54291,-0.19991,-0.59627,0.71031,0.21551,-0.56005,1.2277,-0.42158,0.2994,0.16756,0.25761,0.32545,-0.38759,-0.094314,0.6667,0.16611,-0.080322,-0.061655,-0.029492,-0.50851,0.22827
-0.10511,-0.19058,0.12376,0.14937,0.28913,0.36384,0.30527,0.21658,0.19998,0.14498,0.11516,0.090341,0.096606,0.11805,0.15574,0.15276,0.046434,-0.11071,-0.23573,-0.29735,-0.35985,-0.34696,-0.02184,0.0076034,-0.1102,-0.15198,-0.052507,0.057829,0.11616,0.16317,0.17219,0.14072,0.1087,0.1583,0.19656,0.096689,-0.0049246,-0.021825,0.07492,0.12781,0.11046,0.094554,0.084507,0.075909,0.05252,0.033768,0.012883,0.027137,0.075958,0.04359,-0.048481,0.0012054,0.13888,0.17492,0.16411,0.12587,0.075168,-0.016177,-0.088183,-0.072916,-0.047361,-0.033654,0.039264,0.11767,0.12401,0.09931,0.082606,0.029493,-0.037269,-0.093646,-0.14707,-0.11593,-0.054186,0.032972,0.086147,0.087765,0.06282,0.020074,-0.010007,0.040072,0.1441,0.24615,0.31082,0.27011,0.12358,0.023038,0.02291,0.028436,0.047503,0.073568,-0.085976,-0.16629,-0.099015,-0.24457,-0.11212,-0.31566,-0.59744,0.31339,0.71461,1.0369,1.1624,0.26205,-0.43162,-0.3816,-0.36584,-0.40721,-0.27797,-0.060138,-0.11539,-0.10862,-0.12027,-0.031618,0.083971,0.13635,0.18374,0.14784,0.21451,0.23764,0.13521,0.04635,-1.5987,-1.522,0.36435,0.3643,0.24671,0.1887,0.099182,-0.0012414,-0.02656,-0.076057,-0.098886,0.19347,0.24187,0.1169,0.059997,0.11762,0.1866,0.20726,0.083599,-0.071505,-0.094131,-0.059199,0.037109,0.1405,0.19707,0.24688,0.32811,0.44825,0.55908,0.54822,0.33775,0.0030805,-0.21772,-0.23692,-0.19038,-0.12675,-0.028316,0.031905,0.070379,0.13653,0.12932,0.1094,0.059977,0.10589,0.26084,0.31284,0.30435,0.19632,0.051957,-0.0019031,-0.032461,-0.021264,-0.10269,-0.16665,-0.14547,-0.1144,-0.080201,-0.047393,-0.086449,-0.10694,-0.097074,-0.16919,-0.2654,-0.32516,-0.2883,-0.11175,0.050834,0.10535,0.19568,0.22314,0.47741,0.6961,0.71597,0.57239,-1.7316,-2.095,-0.32681,0.29835,0.38216,0.41892,2.9747,-1.0605,-0.17324,-0.40461,-1.5165,-1.2024,-0.034482,0.25302,0.53575,0.59435,0.79723,-0.26561,-0.096816,0.10808,0.49155,-0.43591,0.84122,0.2435,0.35052,0.092817,-0.035042,0.1061,0.46822,0.17889,-0.03682,-0.18612,-0.075239,0.29867,0.34252,-0.34748,-1.7094,0.094755,-0.40987,0.90696,-1.4684,0.89909,0.55254,0.28694,-0.2766,0.25694,-0.42553,0.092132,-0.16446,-0.087707,-0.026993,-0.28979,0.089967,0.12731,0.070968,0.22504,-0.024612,0.24268,0.097339,-0.026486,-0.050039,0.22225,-0.087816,0.2231,-0.27064,-0.25883,-1.3865,-0.76715,-1.3351,-0.50253,0.063786,-0.60755,-0.28434,-0.26507,-0.47148,0.68755,0.032524,0.37622,-0.1517,0.16759,-0.085015,-0.17406,-0.15313,-0.41525,0.061533,-0.1315,-0.25693,-0.21828,0.028067,-0.045928,0.013295,-0.17858,-0.01753,-0.10181,-0.061017,-0.3039,-4.221,-0.38521,0.072516,-0.28748,0.062246,0.77339,-0.54162,-0.2871,-0.11374,-0.26191,-0.017113,-0.080811,-0.38571,-0.0084313,0.31666,0.33382,-0.37437,-0.05906,-0.40945,-0.041253,0.049237,-0.065052,-0.080419,0.16183,0.25971,0.15115,0.073568,-0.38599,-0.12727,0.12534,-1.0028,0.69823,0.61325,0.15286,0.86729,0.37062,-0.54528,0.13656,0.033616,-0.040484,0.069054,0.019833,0.08587,0.42943,0.013959,-0.20237,0.1242,0.031581,-0.038996,-0.0036231,-0.083061,-0.1833,-0.055568,-0.045784,-0.27331,-0.00042112,0.27781,-0.08592,-0.11851,-0.15044,-3.3628,0.24497,-0.53574,-2.4881,0.56795,-0.18565,-0.16637,-0.57717,0.51191,0.37466,0.44218,-0.041955,-0.46902,-0.060943,0.15392,0.005735,-0.33701,-0.45044,-0.5827,0.17382,-0.28392,-0.061238,0.04257,0.3137,0.020352,-0.010971,-0.11219,-0.28189,-0.14643,0.39482
-0.029836,0.12673,0.22951,0.26094,0.24371,0.11718,0.076873,0.14941,0.17881,0.14967,0.12012,0.035918,0.017347,0.074731,0.08261,0.015519,-0.14844,-0.26628,-0.24889,-0.18652,0.48177,0.33466,-0.32869,-0.15161,-0.062745,-0.1329,-0.29494,-0.26151,-0.052871,0.17153,0.20468,0.15881,0.17058,0.1773,0.11966,0.0068701,-0.058285,-0.071607,-0.0079869,0.028658,-0.0077882,-0.02622,-0.039901,-0.057425,-0.012919,0.040615,0.081839,0.14447,0.16896,0.15051,0.08085,0.040044,0.10228,0.13985,0.092908,-0.0092467,-0.07892,-0.061474,-0.0051364,0.039582,-0.0040014,-0.04443,-0.012519,0.0032119,0.0046767,0.020715,0.026014,0.019244,-0.0012054,-0.010808,0.093025,0.10829,0.057328,-0.0038736,-0.079846,-0.16605,-0.20172,-0.075106,0.1077,0.19611,0.22742,0.21707,0.13392,0.051946,0.039144,0.030813,0.013707,0.019504,-0.10533,-0.2659,-0.21151,-0.049313,-0.32695,-0.21017,0.27393,-0.0078859,0.26941,0.49366,0.74452,0.86616,-0.12976,-0.29953,-0.33871,-0.33505,-0.34299,-0.34189,-0.1819,-0.011721,-0.091883,-0.093622,-0.091332,0.042461,0.24423,0.33765,0.32026,0.21348,0.12372,0.099448,0.12561,0.093299,-2.0218,-2.0361,0.094261,0.2988,0.29686,0.26054,0.21123,0.23544,0.15716,-0.077469,-0.25954,-0.14032,-0.11162,-0.11487,0.097344,0.21118,0.23833,0.24957,0.19847,0.049692,-0.039572,-0.016217,-0.01855,0.0054859,0.086971,0.24492,0.39068,0.43865,0.39998,0.37389,0.33542,0.12412,-0.11293,-0.1775,-0.10801,0.015466,0.13085,0.16924,0.10556,-0.026958,-0.044926,0.08764,0.24733,0.33316,0.28008,0.13128,-0.01082,-0.0029533,-0.066071,-0.11596,-0.077319,-0.13354,-0.17413,-0.15441,-0.12125,-0.061834,0.008143,0.012175,-0.038927,-0.069779,-0.091831,-0.13453,-0.17415,-0.090344,0.019788,0.042836,0.10085,0.10444,0.10293,0.22447,0.48328,0.64965,0.67335,-1.6078,-2.0984,0.17656,0.32884,0.32221,0.3791,0.45581,3.8215,-0.95806,-0.67539,0.78374,-0.17723,-1.0031,0.14642,0.33233,-0.67943,0.12271,0.25488,-0.17249,-0.82338,-0.022903,-0.05727,-0.050777,-0.67903,-0.073517,-0.22616,0.07796,-0.098228,-0.3875,-0.2811,0.24497,0.072879,0.13537,0.25257,-0.10842,-0.51317,0.026689,-1.9302,0.49748,-0.36356,0.66338,-1.7634,1.1612,0.55418,0.10446,0.15098,-0.03177,-0.50678,0.35284,-0.54166,0.17022,0.22105,-0.0557,0.22735,0.06902,0.23437,-0.35279,-0.20984,0.010461,-0.2407,0.11626,-0.028005,-0.34982,-0.39567,0.1247,-0.10287,-0.38059,-1.6587,-0.64569,-0.65079,-0.40653,-0.57462,-0.27439,-0.2499,-0.077988,0.053478,0.40793,0.3628,-0.029042,-0.014547,0.080336,-0.2648,-0.19816,-0.12305,0.10869,-0.067523,0.059362,-0.091999,0.23598,-0.28319,0.30771,0.33411,-0.032621,0.11596,-0.015924,0.053777,-0.10424,-4.3052,0.35268,0.40975,-0.37146,-0.97809,0.70906,0.18668,0.24103,-0.43987,0.40974,0.083957,0.13819,-0.45034,-0.1636,-0.065601,-0.30885,-0.34822,0.32686,-0.42872,-0.17261,-0.21369,-0.14329,-0.14571,0.00076337,0.2695,-0.1459,0.27764,0.27644,-0.040156,0.20025,-1.3798,0.5135,0.73321,-0.1982,-0.25077,0.10423,-0.53641,0.097714,-0.23339,-0.19409,0.010694,0.11083,0.13204,0.30166,0.30815,-0.16625,0.37396,-0.037467,-0.32024,-0.092994,-0.10955,0.28461,-0.0089375,0.030114,0.041301,0.0052132,0.044349,-0.013849,-0.17099,-0.0065645,-3.1275,0.40794,-1.2268,2.0093,1.9188,-0.63025,-0.36526,0.28006,-0.5327,0.94402,1.0812,-0.22789,0.19361,0.23272,-0.016611,0.2415,-0.10967,-0.65415,0.12339,-0.20497,0.033551,-0.023618,0.13639,0.052999,0.057921,0.21666,-0.099615,0.05316,-0.21662,0.054798
-0.19724,-0.29487,-0.013326,0.013332,0.034675,-0.021024,0.045762,0.16939,0.17482,0.13578,0.11084,0.10297,0.10972,0.12175,0.16065,0.17376,0.1764,0.17589,0.1618,0.15735,-0.37256,-0.49769,-0.10963,0.10719,0.1583,0.073433,0.03965,0.01056,-0.053098,0.020583,0.24806,-0.060503,0.025189,0.17582,0.082167,0.10587,0.07456,0.0073669,-0.058635,-0.10545,-0.13265,-0.12418,-0.11493,-0.043366,-0.03823,-0.086408,-0.063543,0.0066999,0.055947,0.094591,0.11578,0.078092,0.089882,0.14005,0.12332,0.060608,-0.051465,-0.12744,-0.11703,-0.097824,-0.081957,-0.0060558,0.071687,0.087816,0.08602,0.22748,0.32739,0.22041,0.083654,0.15762,0.073494,-0.122,-0.29149,-0.39016,-0.38907,-0.29708,-0.25747,-0.22813,-0.053336,0.21208,0.27387,0.14129,0.050323,0.050041,0.030225,0.036657,0.04323,0.051482,0.057975,0.06276,0.067268,0.087039,0.13576,0.18992,0.16402,0.090775,-0.04381,-0.78534,-0.5853,0.79436,1.6444,1.1475,-0.13487,-0.21611,-0.22931,-0.2192,-0.10209,0.027197,-0.0017467,0.028349,0.016575,0.025863,0.054303,0.08539,0.13977,0.12809,0.16835,0.20949,0.20167,0.21045,-1.3339,-1.3152,0.23631,0.37862,0.33487,0.27284,0.26379,0.28044,0.28997,0.16353,-0.57882,-0.76641,-0.60975,-0.3179,-0.057606,-0.10755,-0.053436,0.007838,0.085959,0.17177,0.25565,0.25566,0.22113,0.016289,-0.18622,-0.17706,-0.054873,0.076824,0.13772,0.096942,0.044664,-0.047029,-0.19678,-0.26216,-0.21853,-0.1202,-0.053612,-0.028402,-0.015873,-0.043257,-0.015327,0.05425,0.13527,0.18923,0.16638,0.35549,0.54006,0.3813,0.022028,0.0355,-0.081784,-0.12507,-0.071244,-0.033102,-0.022082,-0.018614,-0.086884,-0.14609,-0.17916,-0.22924,-0.2492,-0.10711,0.076341,0.049991,0.067458,0.05062,0.029219,0.0093419,-0.0013369,0.038041,0.050277,0.1018,0.1472,0.10062,0.25898,0.37014,0.18777,-1.374,-1.0188,0.71323,2.7772,-0.39914,-1.2067,-0.26519,0.74424,0.7427,1.4134,0.22423,-0.55613,0.31826,0.23343,0.24345,-0.48195,0.48355,0.4835,0.31621,0.38152,0.11036,-0.38007,-0.50767,-0.025312,-0.40906,-0.38471,-0.024685,0.55599,-0.1138,-0.22155,0.4971,0.20024,-0.037325,-1.3231,0.70436,-0.38294,-0.37877,-1.6614,-1.2785,-0.23367,-0.2421,-0.18486,0.13955,-0.17944,0.0083367,-0.51604,0.014697,0.11324,-0.097055,0.17898,-0.56683,-0.74767,-0.45356,-0.049937,-0.19533,-0.24915,0.088698,-0.26712,0.23121,-0.0029828,0.34639,0.23932,-0.010994,-1.1607,-0.60803,-0.13368,-0.91068,-0.66092,0.50518,-0.029434,0.24142,0.87582,-0.44197,-0.37914,-0.47894,-0.034866,0.51954,-0.3763,0.32708,0.23816,0.26759,-0.50856,0.49939,-0.34932,0.20975,-0.12736,0.20683,-0.095576,-0.040304,0.018394,0.015551,-0.12017,0.059981,-2.375,0.16065,-0.42518,2.2283,-0.16823,-0.9667,0.87808,-0.080479,-0.085642,0.48737,0.87348,-0.029365,-0.059543,-0.09893,-0.39409,0.46026,0.33213,0.093734,-0.36952,0.3073,-0.72462,0.25339,0.2174,-0.40203,0.88522,-0.20819,-0.27351,-0.10585,-0.16584,-0.14371,-0.65858,0.20014,0.90784,0.39115,-0.45999,-0.079916,-0.2081,-0.38157,-0.050836,-0.61714,-0.19153,0.055457,-0.082201,-0.22926,-0.35457,0.062222,0.32484,0.54671,0.38253,-0.14983,0.14199,0.074681,-0.26105,0.13994,-0.0061953,-0.24397,-0.082052,-0.43008,-0.14099,-0.27879,-2.7512,0.92986,-0.57576,-0.87585,-0.65465,0.32561,1.3392,0.12092,0.21563,0.056558,-0.24375,0.55852,0.075973,-0.70459,-1.009,0.18925,0.035799,-0.63836,-0.094095,0.19933,0.10477,-0.45726,0.0994,-0.33527,-0.49172,0.59411,-0.06709,0.047658,-0.30694,0.47395
-0.10148,-0.058154,0.18514,0.24239,0.28765,0.1854,0.10695,0.10186,0.095248,0.066086,0.089206,0.13723,0.14602,0.16478,0.16202,0.10559,0.080211,0.13458,0.1925,0.20622,0.1216,-0.56769,-0.67479,-0.095189,0.049644,0.19545,0.19941,0.13832,0.065668,-0.018218,0.0094274,0.10682,0.025097,0.040064,-0.089019,-0.075547,-0.067664,-0.072512,-0.064772,-0.063,-0.08595,-0.093486,-0.11117,0.031052,0.13697,0.14617,0.18336,0.054433,-0.1834,-0.27273,-0.27357,-0.17363,-0.10504,-0.024241,-0.026813,-0.086048,-0.10089,-0.079979,-0.034532,0.011436,0.010983,-0.024213,-0.036892,-0.044497,-0.072761,-0.088308,-0.060713,-0.062898,-0.0033536,-0.024147,-0.098574,-0.035746,0.011694,0.056283,0.055626,0.053129,0.074488,0.069975,-0.0029339,-0.06525,0.037146,0.15014,0.18894,0.20702,0.20159,0.1531,0.12669,0.099618,0.088639,0.091669,0.10636,0.12699,0.079678,0.12671,0.26511,0.24589,0.10373,-0.78774,-0.6967,0.46193,0.76375,0.14262,-0.21756,-0.1896,-0.20523,-0.21784,-0.12233,0.0051354,-0.0060924,0.0061309,0.047365,0.068209,0.070165,0.11531,0.10257,0.13544,0.18546,0.20175,0.23172,0.24363,0.1595,-0.85698,-0.79922,0.2088,0.2959,0.27573,0.28657,0.31519,0.26703,0.26117,0.2731,-0.13474,-0.34877,-0.16354,0.060406,0.0012363,0.013074,0.018129,0.0075206,0.0032494,0.037034,-0.00027449,-0.031381,-0.22156,-0.31196,-0.14865,0.01837,0.043412,-0.048542,-0.14256,-0.1691,-0.060071,-0.012022,0.0067089,0.01007,0.020793,0.093317,0.1483,0.15997,0.14184,0.077078,-0.0017292,-0.04462,-0.094738,-0.1331,-0.23322,-0.30989,-0.2091,0.031722,0.055272,0.0090882,0.010054,-0.046645,-0.074875,-0.05027,-0.019135,0.0084792,-0.083797,-0.14574,-0.10847,-0.16867,-0.26855,-0.18891,-0.05063,-0.089659,-0.072706,-0.064913,-0.0058569,0.048119,0.043265,0.073919,0.063607,0.25087,0.39802,0.38913,0.3249,0.18689,-1.1715,-0.85961,0.61694,2.2173,-1.7396,-0.67683,0.10511,1.0635,0.35262,0.97113,-0.45188,-0.97852,0.16006,0.54781,-0.25564,0.31551,0.71986,-0.12046,0.22986,0.73539,0.10921,0.5797,-0.0010052,-0.35186,-0.077047,0.44668,-0.20745,-0.099382,0.26587,-0.051291,0.024236,0.20821,-0.021601,-0.65302,0.89423,0.93132,-0.080884,-1.5384,-0.99073,-0.00073041,0.25251,0.4364,0.001988,0.22822,0.22948,-0.63198,-0.14851,-0.22917,-0.1762,0.009475,0.30913,-0.34725,0.072754,0.052947,0.20114,0.11974,-0.22229,0.33161,0.13765,0.1144,0.2076,0.4177,0.10061,-0.78109,0.51498,-0.3163,-0.26825,-0.19927,-0.19608,0.070845,-0.50241,0.088684,0.52591,-0.48173,0.0013729,0.0081302,-0.14579,0.22236,0.45544,-0.20647,-0.152,0.42025,-0.31586,0.26868,0.18455,0.09148,0.051188,-0.24997,-0.06598,-0.0057529,-0.11244,-0.34727,-0.10164,-2.7987,1.0733,-0.72694,-0.035021,-0.50323,0.48634,0.64643,0.69129,-0.048414,0.17816,0.25647,0.28314,-0.077178,-0.25372,-0.39022,0.53454,0.36174,-0.38584,0.12358,0.21985,0.38344,-0.076866,-0.63611,0.21678,-0.087332,0.35134,-0.91472,0.15019,0.046355,-0.025776,-0.055189,-0.58324,0.0095434,-0.12266,0.39526,0.077826,0.69736,0.48104,-0.3412,-0.064247,-0.08818,0.072846,-0.13673,-0.14687,0.23516,0.019137,0.036065,-0.010504,0.12227,-0.08863,-0.092938,-0.34333,0.36478,-0.54089,-0.32196,-0.017075,-0.051464,-0.055136,-0.12772,0.14051,-1.5038,1.6119,0.023963,-1.5053,0.98052,-0.43282,0.27399,0.5509,-0.4675,0.59115,0.46234,-0.15695,0.6805,0.66571,0.626,-0.64626,-0.47622,0.64532,-0.059165,0.0028603,-0.23156,-0.36915,-0.29371,0.0099586,0.047185,-0.46435,-0.20345,0.026682,0.23186,0.37566
-0.018491,-0.13979,-0.0016823,0.18804,0.30544,0.25036,0.13388,0.12747,0.10434,0.11067,0.136,0.13195,0.13947,0.14007,0.11494,0.12876,0.14942,0.11243,0.061728,0.032679,-0.029678,-0.62131,-0.69668,-0.052215,0.020281,0.025182,0.030165,0.004473,-0.023862,-0.011367,0.1078,0.08436,0.059881,0.046621,0.12096,-1.6393e-05,-0.090241,-0.090639,-0.059721,0.037644,0.078402,0.059614,0.046804,0.037125,0.018086,-0.0031467,0.018223,0.070779,0.10024,0.072967,0.014701,0.00046612,0.07875,0.14769,0.15326,0.10635,0.018358,-0.031233,-0.028477,-0.016816,-0.0051601,0.0088743,0.028103,0.037189,-0.0073573,-0.048941,-0.033029,-0.035225,0.024918,-0.0097046,-0.08771,-0.043531,-0.01603,0.0085707,-0.0050633,0.00057478,-0.033845,-0.22238,-0.36123,-0.2198,0.10284,0.24778,0.1749,0.078551,0.042923,0.0099084,0.026924,0.072243,0.080939,0.092796,0.10298,0.027797,0.058435,0.18025,0.12917,-0.48739,-0.49842,0.29311,0.65639,0.82264,1.06,-0.1503,-0.46627,-0.24601,-0.26399,-0.14219,0.019112,-0.021317,-0.041197,0.0017728,0.037682,0.027869,0.070802,0.078752,0.17134,0.25935,0.24679,0.2116,0.18265,0.17286,0.11486,-1.1254,-1.1051,0.23474,0.31221,0.27335,0.25101,0.24533,0.26552,0.15429,-0.15717,-0.16288,-0.23711,-0.43232,-0.20967,0.091446,0.17554,0.17651,0.1589,0.032013,-0.075294,-0.035364,0.047855,0.097084,0.07421,0.091578,0.18637,0.26514,0.28821,0.24025,0.1689,0.0072688,-0.20894,-0.29975,-0.29401,-0.21916,-0.11303,-0.057734,-0.041662,-0.036859,-0.02255,0.03355,0.0891,0.082829,0.053714,-0.036556,-0.09163,-0.041222,0.094322,0.029194,-0.035979,-0.01543,-0.041289,-0.052045,-0.02975,0.0012247,-0.020225,-0.022171,0.021231,-0.054465,-0.18715,-0.27788,-0.21935,-0.083424,-0.070381,-0.048479,0.026829,0.083174,0.072682,0.093013,0.077792,0.30059,0.51274,0.49386,0.3555,-1.4047,-1.4828,0.26042,0.41336,0.50736,2.7621,-0.64728,-0.73059,-0.10414,0.37795,0.47492,1.4028,-0.37079,-0.50764,-0.03926,0.37446,0.015904,-0.28008,0.23528,0.26384,0.22078,0.24953,0.25768,0.58195,0.1639,0.24019,-0.3517,-0.1301,-0.081974,0.2937,0.45931,0.01767,0.12989,0.060756,-0.040845,-1.2858,0.13282,-0.11038,0.25604,-1.4644,0.87875,0.13973,0.06351,0.067486,-0.011254,-0.16743,0.57304,-0.39629,0.013175,-0.084763,0.077018,-0.018014,0.37288,-0.013883,0.12432,0.0073358,-0.030677,0.16024,-0.02556,0.12821,0.40735,0.14199,-0.031853,0.18605,0.11477,-0.85173,-0.42229,0.077526,-0.42172,-0.43595,0.65517,-0.43315,0.056269,0.51383,-0.32726,0.17727,-0.27585,0.14521,-0.18411,0.0028442,-0.081056,-0.3205,-0.20731,-0.036777,0.15062,0.2347,-0.067532,0.084867,-0.1674,-0.00010355,-0.44267,-0.17077,-0.019903,-0.3074,-0.26538,-3.2455,0.46104,0.066208,0.13102,-0.6378,0.6208,0.48286,0.28126,-0.071056,0.0028811,0.0099136,-0.066713,-0.32202,-0.17198,0.092569,0.25427,-0.12813,-0.26461,0.020804,0.3669,0.1677,-0.055955,-0.038856,0.31937,0.048987,0.27307,-0.59745,0.044994,0.21412,-0.12024,-0.49908,0.38545,0.39176,0.14583,-0.13449,0.28565,-0.11855,0.16384,-0.25549,-0.036857,0.060364,-0.16141,0.15307,0.20227,0.26411,0.045256,0.07147,-0.28339,0.126,-0.070166,0.21745,-0.18002,0.13136,-0.27178,-0.26971,0.089787,-0.031699,-0.3815,0.11896,0.19795,-2.955,0.3645,0.0025898,0.68348,-0.3623,-0.15179,1.2441,0.040555,0.22123,-0.12002,-0.64031,0.37374,-0.34615,-0.17252,0.23206,-0.1649,0.038708,0.28997,-0.30653,-0.038427,0.45704,-0.074746,-0.22081,-0.35602,0.22594,-0.32501,0.027758,-0.35632,0.063397,0.076254
0.1167,0.17403,0.2214,0.291,0.20196,0.12989,0.18255,0.22794,0.20144,0.17823,0.10257,0.045383,0.04186,0.028891,0.048818,0.067471,0.033069,0.13452,0.3749,-0.33056,-0.49439,0.042633,0.24617,0.23322,0.097874,-0.12471,-0.18769,0.035201,0.17919,0.12452,-0.072041,-0.16987,-0.12596,-0.14647,-0.11427,-0.13237,-0.076967,-0.013988,-0.029135,0.00015867,0.030471,0.021206,0.0034668,-0.02697,0.0089965,0.045838,0.079527,0.16299,0.19076,0.059819,-0.094929,-0.13886,-0.12383,-0.10614,-0.084552,-0.054451,-0.051171,-0.047791,-0.034576,-0.029121,-0.044909,-0.078084,-0.1242,-0.12591,-0.08698,-0.047738,-0.021768,-0.020548,0.029301,0.082689,0.10787,0.11719,0.060949,-0.023847,-0.079383,-0.039643,0.058588,0.066753,-0.052816,-0.10073,-0.00059018,0.14195,0.2353,0.25852,0.22468,0.19445,0.14287,0.11083,0.10928,0.10917,0.11034,0.1077,0.11449,0.12931,0.11939,0.19461,0.24657,-0.87983,-0.92458,-0.059729,0.36985,-0.092861,-0.20871,-0.1919,-0.19848,-0.040222,0.10895,0.035534,0.042125,0.036011,0.056642,0.069169,0.040383,0.021156,0.024716,0.014607,-0.018273,0.29923,0.54511,-0.53226,-0.79769,0.32078,0.41973,0.34338,0.23206,0.20628,0.24364,0.21921,0.17956,0.20022,0.18088,0.31667,0.46914,0.23149,0.019087,-0.0047594,0.0030998,-0.012969,0.013142,0.043614,0.032712,-0.025176,-0.086329,-0.13184,-0.23106,-0.24293,-0.094,0.061719,0.090688,0.093221,0.16105,0.10945,-0.0053439,-0.045128,-0.065245,-0.085215,-0.055891,-0.00231,0.048316,0.04958,-0.0093746,-0.067556,-0.1282,-0.04459,0.094889,0.063421,-0.061288,-0.14144,-0.056031,-0.069527,-0.10277,-0.085524,-0.077834,-0.059227,-0.16321,-0.2489,-0.22169,-0.19703,-0.18092,-0.18889,-0.23316,-0.12527,0.009892,-0.069808,-0.087192,-0.097337,-0.046375,0.011022,0.014607,0.050249,0.041699,0.057655,0.054672,-0.032193,0.14003,0.3396,0.29728,-0.83924,-0.73939,0.34272,-0.015512,-2.0024,-0.17193,1.3849,0.93615,0.37423,-0.25292,-0.15228,0.96736,0.1532,0.93762,-0.0943,0.49476,0.39692,0.017432,-0.39083,0.38347,0.87033,-0.045528,0.26966,0.2451,-0.029095,0.072082,0.245,-0.1322,0.072806,-0.23913,0.28645,0.10712,0.24502,0.089208,-0.02965,1.8046,0.10876,-0.94129,-0.75644,-0.051158,0.27543,-0.64029,0.20853,0.20634,0.33673,-0.57902,-0.22222,0.04906,-0.047166,-0.32141,0.0012066,-0.14403,0.54569,0.36383,-0.035493,0.17544,-0.1085,-0.50699,-0.06146,-0.0046795,-0.018634,-0.13681,0.40647,-0.23111,1.0152,-0.55565,0.16509,0.56359,0.061494,0.06633,-0.44313,-0.93849,0.42871,0.00043444,0.19764,-0.077476,0.45831,-0.082503,0.15147,0.31095,-0.11512,0.32194,-0.062745,0.0061332,-0.22709,0.011122,-0.2694,0.0017396,-0.34821,0.18223,-0.21462,-0.25695,-0.20563,-2.183,0.68389,-1.665,-0.33377,0.66647,-0.14227,0.073188,-0.0252,0.32601,-0.41326,-0.50896,0.19067,0.051359,0.24824,-0.33181,0.0071127,-0.62046,-0.27892,-0.015436,-0.046617,0.27824,0.32092,0.041597,0.22578,0.085988,0.1968,-0.55692,-0.0072855,0.20292,-0.39858,0.44487,-0.33726,-0.87635,-0.26833,0.12609,-0.024064,-0.49086,0.36423,-0.029422,0.14861,0.011253,0.075931,-0.25923,0.22615,-0.32759,0.36323,-0.07772,-0.12121,0.64639,-0.059259,0.33694,-0.031396,-0.45442,0.040596,-0.5756,0.47442,0.068278,0.3962,-0.23101,0.88411,-0.96892,0.88908,1.4702,-1.5335,0.14607,-0.061591,0.44571,-0.030469,0.93057,0.80834,0.20357,0.02075,-0.33191,0.73393,0.046238,-0.30575,0.025385,-0.029928,-0.11117,0.179,0.35217,-0.26977,0.041657,-0.27273,-0.31246,-0.059002,0.35008,-0.24502,-0.19809,-0.25519
0.025577,0.11703,0.094002,0.082306,0.19982,0.28355,0.26677,0.22099,0.18752,0.12134,0.078235,0.077354,0.077151,0.086494,0.15297,0.18248,0.083068,-0.079476,-0.1966,-0.23322,-0.43652,-0.42295,-0.21092,-0.072977,-0.01889,-0.074427,-0.13576,-0.15613,-0.090633,0.027076,0.0027752,0.040502,0.06655,0.073193,0.026985,-0.1192,-0.19267,-0.17582,-0.06932,0.035752,0.061653,0.04718,0.027278,0.011749,0.0066002,0.0091844,0.04744,0.11035,0.13552,0.082274,0.11422,0.19529,0.1757,0.14216,0.03374,-0.086844,-0.10214,-0.086976,-0.020414,0.010581,0.020005,0.054536,0.088859,0.10141,0.026053,-0.047582,-0.036633,-0.045673,0.011606,0.053748,0.043479,0.053703,-0.014639,-0.058441,-0.079096,-0.10249,-0.099296,-0.095458,-0.051654,0.050432,0.15814,0.18299,0.1583,0.132,0.11019,0.070801,0.066615,0.039881,0.027828,0.049768,-0.0096042,-0.017042,0.00067112,-0.21478,-0.38187,-0.19558,-0.02162,0.41076,0.78075,0.92888,0.093545,-0.15941,-0.22893,-0.23626,-0.26615,-0.31991,-0.26079,-0.14166,-0.17209,-0.15436,-0.074652,0.0031475,0.028372,0.2006,0.35148,0.32909,0.22019,0.083749,-0.020531,0.0017693,-1.3124,-1.3869,0.020426,0.13983,0.19659,0.21947,0.19381,0.19914,0.05023,-0.16417,-0.064079,0.26667,0.24243,0.12311,0.14607,0.23581,0.28337,0.29394,0.24116,0.12216,0.016463,-0.05132,-0.098479,-0.080999,0.026291,0.18293,0.32474,0.40915,0.39799,0.26501,0.06895,-0.028702,0.050537,0.10816,0.038235,-0.035252,0.018402,0.047772,-0.050249,-0.14688,-0.079341,0.083499,0.21292,0.2027,0.082156,-0.097268,-0.21568,-0.20206,-0.045154,-0.0087428,-0.034633,-0.015136,-0.052972,-0.075174,-0.049779,-0.012633,0.027399,-0.055155,-0.1607,-0.18688,-0.22409,-0.27842,-0.17012,0.0090449,0.0039745,0.036065,0.030034,0.066472,0.13219,0.16429,0.44258,0.63468,0.56352,0.39636,-1.5435,-1.8405,0.07099,0.27165,0.37696,0.46431,2.9592,-1.8117,-0.4494,1.0122,-0.56108,-0.62879,0.53802,-0.083499,-0.41006,-0.26753,0.56826,-0.7362,-0.028868,0.43994,-0.29388,-0.49777,-0.20738,0.199,0.082977,0.088494,0.26221,-0.055472,0.1262,-0.1859,0.34303,0.062977,0.10471,-0.10925,-0.14914,-0.1282,-0.99122,0.085411,0.35085,0.32538,-0.91447,1.3295,0.4693,0.40328,-0.36201,-0.1783,0.64453,0.60106,0.17483,-0.51085,-0.39319,1.0419,-0.16036,0.28181,-0.17905,0.088779,-0.055663,-0.090047,-0.4855,-0.16145,-0.28228,0.25868,0.031363,0.2451,0.14103,-0.25312,-0.95486,0.061363,-0.28178,-0.42938,0.344,-0.24787,-0.44375,-0.055976,-0.2827,0.066284,0.225,-0.16569,0.30105,-0.1199,-0.17421,-0.15201,-0.23929,-0.063904,0.34876,0.28613,0.023791,0.09353,-0.090811,-0.0053516,-0.067869,-0.038246,0.07549,-0.02876,0.12656,-0.11936,-3.7039,0.41146,-0.45008,-0.069711,-0.38916,0.81339,0.13698,-0.25735,-0.0094225,0.11351,-0.15886,-0.33416,-0.35819,-0.19674,-0.21834,-0.078505,-0.19274,-0.13029,-0.15242,0.27266,0.37255,-0.061034,0.11638,-0.16569,0.24676,0.13878,-0.29781,0.20456,-0.12349,-0.04435,-0.64527,0.15176,-0.080024,0.1242,0.10824,0.44375,-0.89087,0.20906,-0.16762,0.23357,0.10979,-0.37395,0.26238,0.20517,0.06012,0.17103,0.060282,-0.14464,-0.25211,-0.058116,0.23108,-0.29418,0.2694,0.069906,0.17341,-0.048377,-0.20837,-0.11201,0.093039,0.0033588,-3.2842,0.39613,0.66003,0.88186,-0.39131,-0.33317,1.2299,-0.82817,-0.32642,-0.79699,-0.15388,-0.0037433,-0.32074,0.055485,0.35788,-0.32859,-0.34921,0.27509,0.17865,0.041678,-0.13146,-0.0419,-0.13775,-0.12044,0.18099,0.17137,-0.15578,-0.0369,0.23576,-0.039031
0.084506,-0.12752,0.0053224,0.088714,0.33062,0.36751,0.22874,0.11958,0.08337,0.037885,0.03187,0.052797,0.050782,0.020902,0.039055,0.10242,0.10037,0.044078,-0.012322,-0.1109,-0.33476,-0.36818,-0.024328,0.14955,0.15679,0.077808,0.0012468,-0.099094,-0.13044,0.04875,0.31701,0.37102,0.30541,0.15879,0.15264,0.082358,-0.0099543,-0.046044,-0.05556,-0.055599,-0.062803,-0.056608,-0.063768,-0.0436,-0.11391,-0.20616,-0.1503,-0.031452,0.025114,-0.019867,-0.091885,-0.11377,-0.099409,0.011086,0.04743,0.0082759,-0.041587,-0.12268,-0.11526,-0.098424,-0.085469,-0.035754,0.0099813,0.026108,0.04505,0.054981,0.021926,0.021269,0.10506,0.019293,-0.075595,-0.018646,-0.0011585,0.013428,0.014652,0.031863,0.069651,-0.029419,-0.098052,0.041685,0.11973,0.03693,-0.013846,0.029646,0.056371,0.073756,0.07318,0.062042,0.060982,0.040811,0.034786,0.051645,-0.10458,-0.19054,-0.13988,-0.44755,-0.32534,0.62362,1.1183,1.2177,1.1558,0.34502,-0.29561,-0.30034,-0.2984,-0.35042,-0.25604,-0.056415,-0.03966,-0.0023378,0.054425,0.083786,0.064494,0.14504,0.24827,0.27577,0.2504,0.20477,0.16918,0.07481,-1.439,-1.3826,0.28565,0.38563,0.32059,0.2582,0.22435,0.2118,0.22296,0.20684,-0.035234,-0.15342,-0.042062,0.0067112,-0.12638,-0.033708,0.062549,0.10413,0.092037,0.064817,0.082903,0.049508,0.03929,-0.10975,-0.29781,-0.27677,-0.085308,0.10023,0.13646,0.087174,0.056106,-0.02253,-0.072755,0.079549,0.2549,0.32244,0.16919,-0.052358,-0.017724,-0.024551,0.0082917,-0.010137,-0.036009,-0.01069,-0.0037125,0.082866,0.21033,0.29668,0.3171,0.040438,-0.052997,-0.039357,-0.082075,-0.10438,-0.080777,-0.049857,-0.019471,-0.10034,-0.1844,-0.22142,-0.2527,-0.10602,0.065459,-0.007073,-0.018646,-0.016003,-0.024182,0.015203,0.02568,0.082519,0.13593,0.11129,0.32879,0.47019,0.34533,-1.666,-1.828,0.24569,0.35164,0.44423,3.0919,-2.03,-0.81421,1.0887,-0.055133,-0.42495,0.13442,0.29702,-0.12659,0.37912,0.21277,0.088714,-0.55697,0.39663,-0.027167,0.38838,0.14752,0.08463,0.1354,-0.06888,-0.081833,0.33819,-0.12246,0.01914,0.014133,-0.32754,-0.1103,-0.012503,0.64205,-0.25409,-1.4568,0.73021,0.24699,0.18505,-1.7597,1.0481,0.21819,0.0039879,-0.0082311,-0.49447,-0.23712,-0.25878,-0.50735,0.17276,-0.11651,-0.25192,0.23002,0.38298,-0.67092,-0.28395,0.21596,0.087206,0.078836,-0.19286,-0.10766,0.50046,0.045892,0.066407,-0.018671,6.7074e-05,-1.3806,0.20975,-0.42003,-0.47138,-0.80121,0.13146,-0.4003,0.02876,0.68702,0.038682,-0.35078,-0.10746,0.12738,0.072066,-0.19972,-0.0072927,0.35687,-0.039328,-0.4069,-0.41614,-0.35019,0.067786,-0.016865,0.12397,-0.18953,0.069746,0.33086,0.11396,-0.049059,-0.23924,-2.9952,1.2051,-0.39553,-0.96001,1.7365,0.69378,-0.3202,0.54467,-0.82676,-0.22879,0.24154,0.11274,0.064711,0.49588,0.48809,0.22327,0.53858,0.030891,-0.030008,0.15921,-0.21716,0.092174,-0.023745,-0.22668,0.24668,0.10985,-0.0072842,-0.66832,0.25483,-0.26015,-0.70692,-0.15375,0.14015,0.20207,0.31988,0.41468,0.24186,-0.022044,0.03428,-0.32642,-0.59017,0.087892,-0.10119,0.082328,0.14315,-0.1214,-0.14602,0.41973,-0.022141,0.24327,-0.058618,-0.0097341,0.0017464,0.14139,0.031688,-0.043848,-0.033775,-0.21974,-0.042113,0.088934,-3.3648,0.71717,0.49683,1.1573,-0.42942,-0.24563,1.1195,-0.38417,-0.027168,0.013965,-0.79745,0.46378,0.085443,-0.4875,-0.34711,-0.4074,-0.092659,0.3422,-0.64106,-0.13467,0.37429,0.30963,0.24596,-0.41211,-0.22053,-0.27108,0.27214,-0.081836,-0.22532,0.23793
-0.45659,-0.26661,0.0293,0.070308,0.27027,0.28153,0.19247,0.18184,0.18789,0.15417,0.13618,0.066568,0.039688,0.085485,0.10068,0.061118,-0.023772,-0.10118,-0.12222,-0.082184,-0.73217,-0.697,0.13847,0.11599,0.10317,0.094021,0.030014,-0.071488,-0.08218,-0.043194,0.096804,0.11279,0.13148,0.1376,0.23231,0.15118,0.015512,-0.02189,-0.019587,0.026724,0.040892,0.021121,0.0010423,0.012917,0.019382,0.00061218,0.017574,0.045081,0.036319,-0.0073009,-0.072384,-0.10659,-0.08545,0.038658,0.16022,0.11028,0.047436,-0.011443,-0.062698,-0.033809,-0.0012838,-0.020999,-0.050739,-0.044882,-0.056265,-0.061468,-0.037189,-0.036749,-0.023762,-0.037036,0.0077701,0.11685,0.13957,0.083306,0.023709,-0.0039795,-0.022219,-0.042063,0.023704,0.21983,0.34051,0.25281,0.12457,0.10717,0.072405,0.072654,0.066866,0.069008,0.082619,0.10795,0.13741,0.035319,-0.10375,-0.1835,-0.32103,-0.29625,-0.092084,-0.046077,0.55174,0.78053,0.29206,0.12157,-0.13479,-0.18985,-0.23297,-0.27181,-0.14155,0.046664,0.0054507,0.02232,0.005981,0.068967,0.19545,0.27137,0.26857,0.19401,0.077082,-0.012143,-0.026183,0.011086,-0.72105,-0.73485,0.068183,0.010986,0.19138,0.3427,0.28334,0.24041,0.26377,0.15872,-0.12464,-0.096488,-0.16314,-0.38636,-0.32374,-0.053333,0.087478,0.11838,0.1206,0.044329,-0.046162,-0.086929,-0.11307,-0.084454,0.0081654,0.11791,0.20435,0.23034,0.18694,0.17005,0.17141,0.040744,-0.076509,0.011039,0.085137,0.15882,0.28111,0.22337,0.08832,0.11108,0.15313,0.22567,0.30502,0.34873,0.31761,0.1838,-0.02095,-0.14187,-0.09484,-0.14134,-0.16545,-0.1329,-0.11879,-0.10094,-0.077706,-0.093766,-0.10458,-0.14085,-0.2064,-0.23165,-0.25302,-0.11928,0.066592,0.036749,0.052899,0.035898,0.043637,0.060829,0.072849,0.14403,0.17887,0.38222,0.42277,0.20996,0.16182,-1.7596,-2.1105,-0.078157,0.3557,0.50484,2.8682,-1.75,-0.66934,0.69403,-0.6601,-0.22984,0.79331,0.86557,-0.72201,0.28949,0.64516,-0.028414,-0.22143,0.55147,0.23851,0.36289,0.35315,0.041572,0.19728,0.504,-0.083043,-0.16965,0.1266,-0.26709,0.2796,0.024318,-0.056249,-0.22191,-0.11167,-0.022016,-1.0768,0.4445,0.17427,0.13766,-1.2057,0.40095,0.72657,-0.33713,0.046203,-0.15929,0.20109,0.28942,-0.65506,-0.19153,-0.15662,-0.052491,-0.057056,0.37403,-0.37675,-0.14583,0.037194,0.34889,-0.064936,0.3271,0.22259,0.5193,0.028019,-0.070712,0.11424,-0.084249,-0.88279,0.26043,-0.76784,-0.92846,0.1584,0.27574,0.073319,0.087756,1.0486,0.10952,0.26856,-0.29797,0.3951,-0.14898,-0.43637,0.19062,-0.16313,0.15845,-0.0043669,-0.031176,0.0082626,0.22918,0.20207,0.28627,-0.068376,0.1452,-0.076695,0.045512,-0.12255,0.10675,-3.4075,0.4044,-0.46652,0.50871,-0.52246,0.3857,-0.6981,0.29145,-0.092528,-0.24653,0.063226,0.12971,-0.3484,0.032531,0.16611,-0.3558,0.40265,-0.18814,0.11578,0.66052,0.13455,0.24242,-0.074087,0.13614,0.21104,0.1348,-0.24354,-0.092187,-0.083941,-0.23248,-0.2593,0.21243,0.11071,0.35161,-0.19043,-0.42449,-0.40027,-0.20135,0.09741,-0.026025,-0.41965,-0.64327,0.20594,0.17243,0.11771,0.39184,0.086184,-0.10663,-0.25527,0.25556,0.27723,-0.22256,0.23793,0.028408,0.041484,0.058295,-0.32118,-0.20526,-0.031436,0.090477,-3.2958,0.50724,0.091304,0.6131,-0.32046,0.25734,-0.40345,-0.32986,1.0612,0.4788,-0.22592,0.086751,0.0058173,-0.024566,0.15141,-0.057384,0.13032,0.66211,-0.41363,-0.0098379,-0.43689,-0.27094,-0.044008,-0.49811,0.10825,-0.26355,-0.041548,-0.37747,0.2831,0.103
-1.2447,-0.7129,-0.19862,-0.26228,-0.13401,0.026479,0.11198,0.082577,0.057857,0.047901,0.051487,0.068346,0.065759,0.064928,0.047119,-0.0017666,-0.048323,-0.056923,0.072723,0.29756,0.43158,0.40133,0.32012,0.70401,0.67774,0.1208,-0.027677,0.28344,0.38888,0.08819,-0.22584,-0.17948,-0.13755,-0.18358,-0.13521,-0.076664,-0.03577,-0.057136,-0.1134,-0.13949,-0.17445,-0.081581,-0.00040239,-0.027266,0.037657,0.028143,0.0049086,0.16978,0.28478,0.73931,0.57503,-0.05755,0.04083,0.082907,0.017233,-0.05591,-0.077325,-0.079302,-0.079715,-0.013912,-0.0053665,-0.11985,-0.21459,-0.21401,-0.08539,-0.044318,-0.092366,-0.10637,-0.038462,0.011281,0.030506,-0.22049,-0.54539,-0.66096,-0.64137,-0.49777,-0.15292,0.11421,0.044746,-0.084276,-0.02332,0.095299,0.13218,0.12219,0.13907,0.19286,0.20901,0.19773,0.19853,0.13451,0.08949,0.12428,0.16535,0.1808,0.1632,0.23952,0.29937,0.13545,-0.46657,-0.67979,0.8742,1.8262,1.9882,0.15678,0.065264,-0.01966,-0.10113,-0.050087,0.032423,0.0080937,0.011996,0.0019586,-0.015094,0.016212,0.0054739,-0.005821,-0.008444,-0.014012,0.1054,0.2527,0.30268,0.2407,0.25461,0.37435,0.42047,0.39991,0.34422,0.34765,0.36536,0.43489,0.41103,0.44378,0.58939,0.2697,-0.085273,-0.25682,-0.2789,-0.22026,-0.176,-0.17043,-0.098556,-0.079122,-0.097206,-0.099974,-0.33725,-0.53029,-0.46058,-0.29307,-0.19399,-0.10742,-0.087117,-0.0097141,-0.19557,-0.22839,-0.21583,-0.2083,-0.16834,-0.16054,-0.13891,-0.1985,-0.32088,-0.42282,-0.48618,-0.48367,-0.3869,-0.26831,-0.2069,-0.23965,-0.083155,0.021559,0.037721,-0.13558,-0.23005,-0.18103,-0.18244,-0.21151,-0.27833,-0.30134,-0.28071,-0.26121,-0.15667,-0.074144,-0.15041,-0.20056,-0.082657,0.054022,0.018028,0.05749,0.022707,0.085591,0.15434,0.15842,0.14702,0.055577,0.20317,0.38468,0.35039,0.24004,-0.46063,-1.0939,1.0669,-2.3059,0.61516,-0.8561,-0.63664,0.68586,-0.09246,0.46749,0.44525,0.96252,0.76053,-0.81278,0.55289,0.82695,0.42614,-0.97533,0.1723,0.64227,-0.57538,0.3489,0.32104,-0.30512,0.2219,0.51617,-0.51452,0.3872,0.1719,0.51963,-0.23303,0.055503,-0.18016,-0.46661,1.9656,0.7992,0.22277,-0.33166,1.0051,-0.53711,-0.97711,0.14349,0.9315,-0.7423,-0.47553,-0.48461,0.51746,-0.31858,0.20592,-0.17564,0.52647,-0.252,-0.52505,0.58146,0.0198,0.10664,0.17954,0.2,-0.19795,-0.14265,0.093744,-0.37921,0.24917,1.5341,-2.3567,-0.68071,1.0214,-0.059167,0.52057,-1.4013,0.10844,0.20129,0.62995,0.60705,0.78578,0.87826,-0.34221,-0.47902,-0.24065,-0.47282,-0.027446,-0.2779,-0.13508,0.08085,-0.53565,0.073139,0.53512,0.087077,-0.017198,0.015683,-0.14568,0.13008,-1.5068,-0.70467,-1.8531,0.26712,-1.49,0.59697,-1.4033,0.23745,0.34525,-0.93241,0.084968,-0.82753,1.8178,0.34622,-0.24799,0.2724,-0.1542,0.38649,0.21028,-0.55858,0.33453,-0.46459,0.30271,0.52632,0.12801,0.25335,0.61527,-0.14275,-0.039814,-0.1681,0.5523,-0.11143,-1.9975,0.80997,0.84927,-0.53794,-0.22768,-0.2158,0.59239,0.33296,0.45269,-0.095867,-0.39008,-0.1756,-0.34729,-0.24007,0.54706,0.1214,-0.20722,-0.35753,-0.034406,0.48066,-0.046458,-0.13527,-0.0093148,0.52245,-0.0079698,0.60447,0.072419,0.25061,-2.2765,-0.40326,2.0007,0.34163,-0.21785,0.75093,-1.046,-0.69936,1.321,-0.16824,0.47098,0.56367,0.31478,0.96049,-0.27412,-0.43169,-0.80189,0.24926,0.17775,-1.0418,-0.29946,-0.083072,-0.23243,0.33232,0.10815,-0.025943,0.0090489,-0.10082,-0.27726,0.19734
0.50274,0.0037508,0.016014,0.09425,0.27378,0.24913,0.14678,0.14206,0.16278,0.15343,0.15238,0.093997,0.032954,0.014369,-0.0035962,0.0057772,-0.0053224,-0.066317,-0.10972,-0.34826,-0.46904,-0.35308,-0.036063,0.01323,-0.071527,-0.12326,-0.080435,-0.008605,0.056478,0.088019,0.081409,0.13948,0.14139,0.041185,-0.11216,-0.13218,-0.12393,-0.083699,-0.067892,-0.079565,-0.082461,-0.09699,0.094906,0.22286,0.20165,0.10344,0.0063895,0.039009,0.047102,0.018207,-0.036856,-0.034098,0.021837,0.068234,0.084393,0.0050817,-0.095105,-0.10212,-0.059458,-0.0098855,0.01994,0.0057029,-0.0087779,-0.00020756,-0.0021263,0.1621,0.28796,0.23639,0.11875,0.11472,0.082734,0.026013,-0.059828,-0.13256,-0.09291,-0.0034667,-0.024016,-0.048171,-0.0098984,0.08214,0.17181,0.16002,0.082606,0.07114,0.067344,0.084876,0.097851,0.10024,0.10459,0.05502,0.01211,0.031176,0.062074,0.036965,0.0067265,-0.044427,-0.81198,-0.90197,-0.065152,0.33546,1.6209,0.85321,-0.24648,-0.23896,-0.23607,-0.25062,-0.068586,0.18399,0.14634,0.12956,0.05928,-0.0028747,-0.038375,-0.052529,-0.047718,0.0034013,0.02169,-0.022771,-0.062417,-0.3755,-0.73299,-0.32167,0.25586,0.27675,0.18569,0.13358,0.07877,-0.0086868,-0.049872,-0.051266,-0.017025,0.13802,0.030758,0.011468,0.15525,0.14224,0.14983,0.063794,-0.027302,-0.01969,-0.031474,-0.0015655,-0.11966,-0.25225,-0.17637,0.088348,0.27466,0.30212,0.28159,0.23817,0.18384,0.14256,0.041471,-0.047478,-0.069449,-0.032477,0.061176,0.14349,0.14021,0.085176,0.034134,0.028777,0.052609,0.063629,0.022147,0.20693,0.39062,0.23378,-0.088092,-0.096207,-0.098319,-0.096566,-0.083929,-0.10518,-0.1291,-0.10225,-0.11967,-0.13875,-0.13734,-0.16035,-0.18975,-0.081005,0.070921,0.03627,0.055051,0.065179,0.050878,0.069863,0.053014,0.041408,0.049535,0.05542,0.057623,0.19318,0.2756,0.18558,-1.1662,-1.3172,0.086717,0.41223,1.6222,-1.7431,-0.79181,1.2031,-0.36775,0.25018,0.43984,0.16627,0.34567,0.22472,0.60248,0.075049,0.33262,0.36586,0.40116,-0.10506,0.32276,0.35084,0.03643,-0.013659,-0.23428,-0.25671,0.071654,0.26973,-0.068046,-0.20411,-0.43622,0.50532,0.11343,-0.042639,-0.55418,0.024831,0.54436,-0.2309,-0.87481,0.20697,0.35599,0.0051171,-0.62056,0.17842,-0.32143,0.23804,-0.68962,-0.20867,-0.1193,-0.041322,-0.14209,-0.23844,-0.24819,0.17202,0.21237,-0.055636,0.18814,0.15113,0.036503,0.28903,0.02792,0.18922,0.18171,-0.18195,0.022064,0.90521,-1.1384,-1.2383,0.78702,0.044481,0.0030314,0.46591,0.04612,0.21065,-0.16681,-0.21582,0.13677,0.37596,0.06271,0.19654,0.25217,0.31411,0.15814,0.01243,0.06481,0.0089405,-0.31772,0.12298,0.28994,-0.24187,-0.051844,0.15359,-0.32673,-0.19682,-2.1055,-0.10292,-1.2032,1.5971,-0.12196,0.048571,0.21584,-0.39463,-0.26245,0.32399,0.29841,-0.20399,-0.012062,-0.28124,0.012098,0.69995,0.17707,-0.048614,-0.12713,0.21025,-0.42457,-0.035964,-0.35479,-0.49144,0.20914,-0.30694,-0.42039,0.27615,0.25087,-0.13496,0.55365,0.12005,-0.28669,0.90199,0.62855,0.50577,0.14044,-0.38082,-0.17295,0.00015493,0.035558,-0.049533,-0.082603,-0.23295,-0.17799,0.28436,-0.052583,-0.26172,0.37337,-0.00026896,0.14318,-0.083719,0.051997,0.051653,-0.4529,0.10371,0.086087,-0.21889,-0.18978,0.082932,-2.3794,0.055565,1.0389,0.61988,-1.0366,-0.48584,-0.19001,-0.74428,0.21885,0.24262,0.065105,-0.48886,0.17289,0.30239,-0.086877,0.040367,-0.55953,-0.057754,0.032267,0.19647,0.50849,0.01929,0.31697,-0.13633,0.40637,0.12216,0.02287,-0.12693,0.29225,0.093043
-0.20814,-0.14158,0.33743,0.33075,0.24673,0.15363,0.082638,0.062898,0.026968,-0.010496,-0.032084,-0.010271,0.039913,0.068009,0.046682,0.0010339,-0.035896,-0.050736,-0.022524,-0.052358,-0.37033,-0.3249,0.05627,0.16919,0.19756,0.069389,-0.090671,-0.18334,-0.19128,-0.09903,0.047558,0.1202,0.21924,0.15411,0.10305,0.004639,-0.080854,-0.090521,-0.071845,0.008614,0.059094,0.055296,0.04167,0.054688,0.065683,0.060084,0.1002,0.15576,0.16185,0.11612,0.04411,0.021848,0.10685,0.14989,0.0715,-0.049073,-0.079028,-0.038144,-0.0010911,-0.010921,-0.036453,-0.030053,0.015798,0.075939,0.095713,0.090167,0.072144,-0.0070962,-0.082965,-0.12068,-0.12513,-0.057374,-0.0053854,0.051923,0.086298,0.08628,0.065521,-0.052693,-0.11547,-0.052549,0.0018666,0.021663,0.024228,0.023278,0.012795,0.016772,0.04023,0.046884,0.05968,0.083643,-0.0098331,-0.042958,0.0032009,-0.15155,0.073359,0.066934,-0.40395,0.37884,0.68743,0.83461,0.9571,0.3788,-0.35038,-0.45763,-0.46029,-0.27896,-0.046951,-0.06468,-0.052156,-0.029687,0.045994,0.18546,0.29832,0.33656,0.28165,0.16905,0.094343,0.082291,0.10746,0.11811,-1.3614,-1.4193,0.093644,0.10347,0.052247,0.14659,0.24258,0.23372,0.25391,0.11728,-0.085838,0.23257,0.27526,0.088589,-0.031127,0.095289,0.20878,0.23015,0.24029,0.14741,0.010525,-0.050155,-0.074776,-0.034682,0.10059,0.28237,0.41889,0.44931,0.37118,0.31228,0.29283,0.096701,-0.16408,-0.23029,-0.10762,0.017155,0.044367,0.021144,-0.026463,-0.081888,-0.075024,-0.016791,0.0014933,0.064557,0.16912,0.20099,0.22745,0.18545,0.077385,0.024132,-0.0056582,-0.00075441,-0.064318,-0.10684,-0.081187,-0.052283,-0.024643,-0.10829,-0.19809,-0.22056,-0.24716,-0.15182,-0.045558,-0.086046,-0.095814,-0.029725,0.038107,0.053691,0.13036,0.17745,0.45681,0.65776,0.61425,0.51972,-1.7895,-2.2489,-0.43098,0.33126,0.47271,0.55642,2.1358,-1.7348,-0.10905,-0.0026123,-2.159,0.087826,-0.54279,0.21508,0.81157,0.32093,0.6469,-0.14903,1.0202,-0.14045,0.10763,0.12891,0.67468,0.16539,0.16536,0.49506,-0.034451,-0.44556,0.098353,-0.1103,-0.056769,0.068099,0.21734,0.081908,-0.073844,-0.14643,-1.2293,-0.087434,0.24954,0.42212,-0.63706,1.2541,0.59947,0.49883,-0.14613,-0.75115,0.34626,0.012794,-0.085032,-0.8176,-0.090714,0.68805,0.1952,0.29463,-0.21902,0.16284,-0.58706,-0.049398,-0.38538,-0.22485,-0.43812,0.32329,0.2788,0.12087,-0.090673,-0.10898,-1.3256,-0.18507,-1.0279,-0.48909,-0.29969,0.21993,-0.82909,0.28538,0.32171,0.14296,0.38612,-0.10703,0.019812,0.13733,-0.070349,-0.23781,-0.33499,-0.49949,-0.11602,-0.17083,-0.30194,0.19583,0.043679,-0.093551,0.1825,-0.10129,-0.16845,0.0035948,-0.03394,-0.10334,-3.9197,-0.18643,-0.28066,0.034838,-0.42379,0.96941,0.39908,-0.16386,-0.29644,0.73138,0.25138,0.037616,-0.51565,0.32661,-0.058769,0.24368,-0.7516,-0.29362,0.089737,-0.058847,0.027987,0.1072,-0.022022,0.27894,0.0097684,0.099325,0.36132,-0.27555,0.023382,0.17331,-0.85153,0.5054,0.20228,0.3205,0.43701,0.47639,-0.591,0.17972,-0.0070882,-0.12481,-0.16891,-0.31266,0.58781,0.41082,0.093684,-0.22492,-0.016517,0.07919,-0.043396,-0.034244,-0.016088,-0.090965,0.052359,0.0085297,-0.073041,-0.0071811,0.08032,-0.014335,0.014827,0.054612,-3.2385,-0.087719,-0.35753,1.9547,1.3569,-1.1236,-0.27373,0.0051856,-0.41607,0.47962,1.1754,-0.16416,0.17192,-0.27335,0.074739,0.0731,-0.64866,-0.22357,-0.32956,0.13377,0.079181,-0.037524,-0.43322,0.022454,-0.28793,-0.077227,0.077963,-0.23239,-0.16818,0.079472
-0.5167,-0.36972,0.1546,0.3108,0.30748,0.098128,0.030451,0.090397,0.10694,0.086539,0.066936,0.064712,0.054415,0.035543,0.041129,0.07194,0.072444,0.065791,-0.041857,-0.28402,-0.31654,-0.031131,0.22795,0.18439,0.033746,-0.11237,-0.15872,-0.15548,-0.11751,-0.06499,-0.033204,-0.022195,0.0023873,-0.096365,-0.094741,-0.10364,-0.092189,-0.060885,-0.02342,-0.041689,-0.097971,-0.11412,-0.12521,-0.14421,-0.022155,0.030158,0.06257,0.20496,0.22538,0.099757,0.0031638,-0.046994,-0.24739,-0.3096,-0.27929,-0.17407,-0.083961,-0.048446,-0.031681,-0.021675,-0.011136,-0.01285,-0.019906,-0.022647,-0.012249,0.019964,0.028219,0.02588,0.054078,0.086903,0.021617,-0.020112,0.014023,0.059986,0.22616,0.34325,0.21014,-0.060308,-0.13585,-0.065807,-0.030731,0.026249,0.11703,0.15927,0.15842,0.15741,0.13346,0.11702,0.11685,0.11597,0.11604,0.083589,0.083794,0.13091,0.15372,0.14926,0.061375,-0.85886,-0.55929,1.0575,0.84969,0.58025,-0.19681,-0.34891,-0.34615,-0.1473,0.088874,0.0052548,-0.050259,-0.059532,-0.0036352,0.032116,0.0071515,-0.011656,0.022638,0.069193,0.070187,0.070885,0.02807,-0.26807,-0.37647,0.098401,0.36315,0.31361,0.19921,0.11796,0.090705,0.10012,0.12622,-0.0071519,-0.19344,0.11972,0.24024,0.010072,0.014146,0.14715,0.15174,0.14179,0.10935,0.022319,-0.026989,0.0055088,-0.0070672,-0.0042927,-0.19088,-0.33466,-0.18897,0.0927,0.14483,-0.062348,-0.17847,0.19138,0.4144,0.36909,0.33066,0.15875,-0.052979,-0.066835,-0.058524,-0.033992,-0.04469,-0.06972,-0.08007,-0.091418,-0.095647,-0.075695,-0.06678,-0.097801,-0.068222,-0.04345,-0.063234,-0.049534,-0.029265,-0.0078354,-0.091979,-0.15569,-0.13432,-0.089769,-0.076248,-0.058723,-0.028565,0.037874,0.085952,0.013626,-0.0055698,-0.028077,-0.004842,0.02251,0.010355,0.033474,0.022288,0.076126,0.13108,0.080362,0.015361,-0.031015,-0.082248,-1.091,-0.34374,0.88657,1.1916,-2.9996,-0.51979,0.31087,-0.28908,0.14048,0.69588,-0.26493,-0.61004,0.31502,0.48234,-0.36363,0.32178,0.13054,0.20684,-0.070438,0.57212,-0.057027,0.48365,-0.20262,-0.32641,-0.47116,-0.13693,-0.17977,-0.63964,-0.36781,-0.074751,0.39972,0.12037,-0.08719,-0.49482,0.5851,1.6948,-0.48976,-0.92511,-0.45243,0.3155,0.51825,0.035836,0.12812,-0.22041,0.20024,-0.57357,-0.28748,0.13726,-0.23062,0.10882,0.50456,-0.42958,0.37363,0.17914,-0.026736,-0.23007,-0.074857,0.06594,-0.091121,0.24757,0.11693,0.32986,0.044946,-0.067472,1.7372,-0.74468,-0.74289,-0.35811,0.056956,-0.54807,0.25463,0.68247,-0.2244,-0.4875,-0.4471,-0.363,-0.24757,0.2464,-0.09122,0.1979,-0.04201,0.27495,-0.03658,-0.034065,-0.13101,-0.044417,-0.45616,-0.086912,0.37921,0.031862,0.011778,-0.066122,-0.18562,-1.7958,1.1458,-1.8474,-0.41652,1.2982,0.61636,-0.30725,0.23071,-0.24668,-0.77576,0.023886,-0.46842,-0.1774,0.12753,-0.13313,0.30658,0.1255,-0.52953,-0.32933,0.12975,0.33407,0.040671,0.060234,-0.016822,-0.25212,-0.23916,0.24981,-0.27003,0.087617,-0.3724,0.62418,-0.19388,-1.2633,0.88479,0.084329,0.42645,0.15493,0.013574,0.0050253,0.11942,0.22304,-0.38571,-0.17,0.13662,-0.13952,-0.056446,-0.52256,-0.29975,0.16597,0.33686,0.1045,0.026633,-0.24891,-0.025831,-0.03976,0.12744,0.061772,-0.1102,-0.093178,0.008491,-1.8452,1.2484,1.7889,-0.66037,-0.50933,-0.58236,0.34977,0.087086,0.16418,0.22963,0.094963,-0.58502,0.079038,-0.21618,-0.17192,0.20782,0.11329,-0.1002,-0.17883,0.2208,0.87743,0.19824,-0.23248,0.2911,-0.2333,-0.080923,0.40909,0.011085,-0.31502,-0.026662
-0.17738,-0.15614,-0.020965,-0.035664,-0.050017,0.019827,0.13197,0.17999,0.16476,0.10926,0.07715,0.073427,0.068122,0.049754,0.081787,0.18151,0.24203,0.22549,0.15684,0.038884,-0.36037,-0.40252,-0.022228,0.12203,0.15031,0.093134,0.036451,-0.037578,-0.1408,-0.18857,-0.047549,-0.094998,-0.051353,0.023271,0.10184,-0.001251,-0.13581,-0.17633,-0.16338,-0.11914,-0.11803,-0.12358,-0.1259,-0.14042,-0.039405,-0.035544,-0.019484,0.1798,0.25197,0.17152,0.04563,-0.048693,-0.19568,-0.29891,-0.26787,-0.19605,-0.12171,-0.08304,-0.064269,-0.086728,-0.11441,-0.10876,-0.066318,-0.014862,0.0014624,-0.00014683,0.011174,0.010039,-0.053582,0.045733,0.21629,0.29173,0.22069,0.1099,0.061552,0.064891,0.11088,0.12708,0.11768,0.14698,0.19938,0.24724,0.25495,0.20487,0.17375,0.15961,0.13121,0.12858,0.12491,0.12823,0.14322,0.17776,0.19554,0.096943,-0.061625,-0.1104,-0.10047,-0.16203,-0.70715,-1.0103,0.62157,0.17842,-0.12262,-0.11533,-0.12309,-0.028825,0.033689,-0.046971,-0.073961,-0.015102,0.056944,0.073963,0.078774,0.10973,0.172,0.22797,0.23971,0.21641,0.1844,0.13072,-0.72829,-0.70743,0.22,0.29834,0.23143,0.16903,0.17007,0.19635,0.21955,0.12318,-0.2099,-0.25534,-0.22085,-0.30756,-0.13249,0.060706,0.15007,0.1866,0.20023,0.10313,0.021497,0.044963,0.031687,0.041814,-0.16686,-0.36259,-0.25879,0.030352,0.12003,-0.022363,-0.056988,0.24138,0.37385,0.3677,0.33875,0.16211,-0.07517,-0.10259,-0.108,-0.10524,-0.073849,-0.020417,-0.030377,0.011758,0.14009,0.18036,0.10446,-0.15058,-0.2932,-0.17637,-0.079174,-0.051087,-0.060618,-0.15998,-0.23132,-0.20198,-0.17653,-0.15713,-0.046879,0.058042,0.031996,-0.026305,-0.10318,-0.077326,-0.017401,-0.03719,-0.021664,-0.039126,-0.021474,0.013026,0.038689,0.083493,0.054654,0.04181,0.048741,0.047158,0.019786,-0.14069,-0.62307,-0.78711,1.5385,-2.5973,-1.2734,0.79402,0.37904,-0.21038,-0.10444,0.31878,-0.86716,0.62914,0.77614,-0.3144,0.56289,0.27019,0.20968,-0.31733,0.10533,0.26811,0.27643,-0.49831,0.086864,0.38222,0.11954,-0.30664,-0.087103,-0.20265,-0.27782,0.196,0.27975,-0.32819,-0.25158,0.70941,0.97304,-0.23717,-1.2636,1.0134,-0.11094,-0.69464,-0.065198,0.50285,-0.14895,0.17091,-0.68623,0.1803,-0.38518,0.11992,-0.27293,0.065479,-0.50316,-0.047427,-0.0094636,0.22185,0.001792,0.021485,0.11039,-0.0009803,0.43014,0.34334,0.15453,0.090298,-0.16232,1.0581,0.3512,-0.80852,0.49843,0.31671,0.25449,-0.42668,0.59911,0.22197,-0.47224,-0.3053,-0.052338,0.14039,-0.057517,0.031202,0.37368,-0.016425,0.28567,0.2321,-0.10825,0.055203,-0.23183,0.061191,-0.21728,0.33053,-0.076687,-0.16125,0.027331,0.29159,-1.8735,1.786,-1.1179,0.031171,1.3518,-0.33653,0.019269,0.79365,0.075768,-0.28096,-0.038741,-0.085178,0.35291,0.4208,-0.26645,0.48937,0.042231,-0.071174,-0.16765,0.31369,0.12959,0.62185,-0.099851,-0.1924,-0.042507,-0.20639,-0.080806,-0.23135,-0.15731,0.1982,0.42336,-0.88466,-0.31306,0.18481,-0.28668,-0.124,0.1652,0.092694,0.034346,-0.17764,-0.069772,-0.51427,-0.47052,0.081476,-0.72061,0.33855,-0.5821,-0.012955,0.020812,0.10052,0.18112,0.023418,0.0029506,-0.028005,-0.045983,-0.27696,0.023927,0.29671,-0.10517,0.012248,-1.0186,2.127,0.34266,-0.83168,0.36259,-0.046705,0.1635,0.18562,-0.56382,0.028233,0.88356,-0.064214,0.66512,0.15056,0.33274,-0.70711,-0.44195,0.55346,-0.56365,0.18345,-0.050756,-0.34503,-0.063978,-0.16925,-0.19888,0.15407,-0.075076,-0.34013,0.055995,0.48379
0.18572,-0.17781,-0.081962,0.053236,0.11106,0.092261,0.10094,0.13412,0.12399,0.1033,0.098973,0.089886,0.085278,0.081574,0.058335,0.047425,0.052368,0.056826,0.084318,0.1036,0.12771,-0.5577,-0.61773,0.26114,0.43634,0.31514,0.20017,0.1847,0.15214,0.048065,-0.0011719,0.034528,0.13606,0.076474,0.079432,0.083407,0.047443,-0.00047277,-0.026541,-0.040902,-0.029304,-0.028075,-0.055088,-0.077563,-0.02123,-0.0092435,0.0067579,0.11827,0.19677,0.22584,0.20832,0.19481,0.11463,0.0020145,-0.007936,-0.047016,-0.057177,-0.042588,-0.041461,-0.041655,-0.039053,-0.056391,-0.085076,-0.088849,-0.051532,-0.012144,-0.017984,0.0033896,-0.031702,-0.046999,-0.053798,-0.14043,-0.17911,-0.20256,-0.19217,-0.13221,-0.042131,0.01343,-0.033131,-0.063312,0.063575,0.20551,0.22793,0.18654,0.1076,0.077437,0.096813,0.095624,0.089489,0.085941,0.033505,0.043655,0.15074,0.229,0.22979,0.038256,-0.11334,-0.79246,-0.83416,-0.32204,1.6075,0.96832,-0.1262,-0.17277,-0.1947,-0.076021,0.029858,-0.037869,-0.061286,-0.00089038,0.051423,0.020317,0.03195,0.043837,0.0057483,0.039357,0.087377,0.094323,0.1196,0.38078,0.52554,-0.36865,-0.51712,0.27573,0.25319,0.20187,0.1728,0.23147,0.27493,0.034008,-0.21574,0.29241,0.4384,0.18689,-0.021612,-0.036528,-0.020679,0.061793,0.13282,0.16542,0.1613,0.073204,-0.011744,-0.02912,-0.24676,-0.38376,-0.2622,-0.078215,0.027049,0.074792,0.10036,0.071845,-0.086963,-0.18478,-0.16953,-0.10928,-0.078989,-0.10234,-0.12075,-0.13278,-0.15305,-0.17688,-0.20133,-0.22231,-0.22298,-0.15045,-0.086409,-0.001249,0.075841,0.11518,0.01282,-0.099161,-0.083003,-0.06553,-0.049401,-0.028597,-0.052486,-0.0719,-0.036905,-0.02251,-0.020047,-0.049778,-0.13248,-0.1811,-0.17267,-0.081222,-0.0003608,0.006557,0.037938,0.023202,0.066604,0.17107,0.23537,0.19968,0.10797,0.16367,0.20731,-1.2912,-1.2315,0.19146,2.0033,-2.4041,-0.35619,1.1455,-0.59649,-0.36949,0.84865,0.046105,-0.0084908,0.41961,0.63338,-0.32337,0.50055,0.25203,0.28076,0.12853,0.054217,-0.073721,0.05593,-0.20245,0.11575,-0.14001,-0.13779,-0.096847,-0.07863,0.26454,-0.20525,0.20232,0.1454,-0.0035667,-0.47655,0.2017,1.1467,0.066474,-0.95796,1.0763,0.49287,0.20111,-0.57229,-0.10894,0.55782,0.08486,-0.30344,-0.72452,-0.24691,0.42669,0.20891,0.033814,-0.37504,-0.069236,-0.51471,-0.062469,-0.028465,0.16292,-0.33134,0.24763,0.29581,0.22907,-0.19228,0.1117,-0.50473,0.91091,-0.69763,-0.36245,0.40107,0.17554,-0.77473,0.06793,0.53991,-0.36793,-0.36398,-0.09688,0.20543,0.15118,-0.10731,-0.36155,-0.1063,-0.16805,-0.12626,0.21736,-0.10587,-0.10147,0.069001,-0.1785,0.014096,-0.1842,-0.079442,0.022481,0.13251,-0.18856,-2.5919,0.50642,-1.2859,0.17691,0.20642,1.0501,-0.82884,-0.31337,-0.086524,-0.48111,0.061549,0.1453,-0.22856,-0.16535,-0.23279,0.2843,0.57946,0.13335,0.07675,0.56199,0.40879,-0.2656,0.46849,0.0044879,-0.087749,0.39106,0.06645,0.28581,0.24606,-0.19217,0.25671,-0.22171,-0.74491,0.4214,0.91167,0.61471,-0.015506,-0.18047,0.096901,-0.16764,0.064884,-0.70189,-0.27149,0.1792,-0.033538,0.18283,-0.11113,-0.060126,0.079995,-0.11693,0.12277,-0.012568,0.013453,-0.034632,-0.27531,-0.029079,0.17341,-0.14877,-0.1875,0.17456,-2.8091,0.60102,1.1533,0.64576,-0.10931,-0.23065,0.54822,-0.44391,0.25876,-0.47283,0.0081578,-0.10735,-0.23262,-0.20805,-0.4159,-0.481,-0.042758,0.14233,-0.43651,-0.16965,0.47539,-0.32448,-0.36995,-0.18867,-0.098603,0.12207,-0.056003,-0.50953,0.10138,-0.15087
0.37394,0.40832,0.41404,0.46911,0.32309,0.11594,0.050629,0.039766,0.015065,-0.0089756,-0.038748,0.0080703,0.085139,0.094491,0.10936,0.079757,-0.01952,-0.12623,-0.17022,-0.60679,-0.54189,0.1671,0.2012,0.13859,-0.012204,-0.16202,-0.34015,-0.50313,-0.39087,-0.11769,0.01763,-0.0045374,0.051261,0.14163,0.12649,-0.053927,-0.2011,-0.25629,-0.19452,-0.048535,0.042172,0.051584,0.048614,0.04127,0.026844,0.012546,0.03339,0.080314,0.086454,0.033347,-0.03531,-0.087658,-0.12411,-0.13149,0.0031894,0.0974,-0.00080656,-0.079788,-0.068028,-0.045385,-0.038846,-0.040858,0.010902,0.075896,0.029883,-0.1213,-0.18068,-0.020732,0.097214,0.016171,0.028178,0.0096795,0.051488,0.11097,0.10561,0.084957,0.087881,0.090777,0.12162,0.19838,0.27565,0.32361,0.29442,0.16313,0.057852,0.041951,0.036324,0.030127,0.039063,-0.10633,-0.12809,-0.020166,-0.38682,0.025359,0.40485,-0.21463,0.5722,0.54434,0.32257,0.18468,-0.76856,-0.55781,-0.30627,-0.24176,-0.24128,-0.15233,-0.064746,-0.089732,-0.10831,-0.13968,-0.16135,-0.10273,-0.01519,0.045132,0.10044,0.06494,0.0020341,-0.061834,-0.10525,-1.0174,-0.89874,0.21721,0.21318,0.12877,0.17315,0.22667,0.14747,0.10108,0.069816,-0.012894,-0.19442,-0.24199,-0.23508,-0.2465,0.041726,0.23959,0.31802,0.37193,0.37647,0.29972,0.17485,0.10534,0.095907,0.072331,0.046068,0.079426,0.16987,0.23595,0.21588,0.12721,0.076515,0.064425,0.048588,0.050983,0.21033,0.37801,0.24309,0.0015344,0.050121,0.020737,-0.024182,-0.028062,-0.058801,0.054184,0.36049,0.57768,0.59069,0.45834,0.11524,-0.072483,-0.0587,-0.1176,-0.15671,-0.13679,-0.11741,-0.092903,-0.068008,-0.10119,-0.1043,-0.069842,-0.094668,-0.15207,-0.22498,-0.24009,-0.10436,0.025448,0.038188,0.093691,0.10779,0.35274,0.62211,0.67731,0.63621,-1.7111,-2.2981,-0.20311,0.38624,0.35945,0.30665,0.2701,2.8075,-1.5699,-1.2989,-1.5023,-1.108,-0.70581,-0.32443,0.24655,0.22611,0.81131,0.67029,0.08536,-0.12488,0.64616,0.46308,-0.36511,0.81911,0.28052,0.18339,0.13438,-0.20524,-0.0353,-0.73255,-0.18815,-0.024635,0.19021,-0.15845,0.4545,0.32406,0.17667,-1.2611,1.1528,0.40758,-0.33508,-0.77937,-1.4293,0.1777,0.38022,0.29047,-0.055519,-0.29793,0.025385,-0.13085,-0.19575,-0.13619,-0.65738,0.18268,-0.27627,-0.32449,0.061349,-0.47672,0.46489,-0.15881,0.075283,0.086561,-0.083837,0.11627,-0.13619,-0.18421,-0.12897,-1.4874,0.25934,-0.45901,-1.0443,-0.59264,0.38914,-0.30342,0.12835,0.5633,0.12458,-0.20815,-0.36897,-0.007141,0.088054,-0.072948,-0.2184,-0.18442,0.081702,-0.23966,0.045628,-0.80563,0.29075,0.17544,0.094573,0.10346,-0.059279,-0.24119,0.020716,0.12265,-0.050701,-4.157,0.78238,-0.11641,0.42207,-0.17745,0.63011,-0.40801,0.35354,-0.65101,-0.35884,0.3027,0.52586,-0.58446,0.061093,-0.19363,-0.35849,-0.2905,-0.048288,-0.12602,-0.026493,0.2222,0.37454,-0.1433,-0.35081,0.2874,0.48997,0.46533,-0.11037,0.24925,0.09511,-0.94667,-0.07219,0.19029,0.68481,-0.49684,-0.099298,-0.49413,-0.05162,0.36652,-0.2109,-0.15667,-0.057076,0.45684,-0.053146,0.022989,-0.39725,0.28495,0.54275,0.20599,0.12633,-0.080659,0.36757,0.10722,0.0037226,-0.16658,-0.01015,0.20866,-0.057524,-0.16102,-0.29824,-3.0285,0.3827,1.0936,1.1701,-2.1063,-0.37339,-0.35887,-0.76793,-0.26954,0.044615,-0.39853,-0.94035,0.39596,0.56516,0.15564,-0.18492,-0.57739,-0.10004,-0.34965,0.31997,0.067683,0.082917,0.32911,0.25575,-0.18477,0.2752,-0.32153,0.1667,-0.86744,0.14223
0.21473,0.14821,-0.079722,-0.2223,-0.26199,-0.17079,-0.10847,-0.087525,-0.054156,-0.075246,-0.072157,-0.057105,-0.080787,-0.056675,-0.034426,-0.051575,-0.025855,0.07465,0.22816,0.35021,0.42139,0.40724,0.31227,0.13469,-0.045452,-0.15179,-0.17923,-0.14845,-0.068389,-0.015198,-0.24085,-0.36829,-0.32447,-0.38331,-0.24255,-0.098862,-0.080839,-0.10533,-0.17848,-0.10418,-0.033437,-0.061948,-0.079404,-0.024793,0.06583,0.095655,0.1214,0.15458,0.22734,0.24409,0.18895,0.22914,0.28769,0.071778,-0.10377,-0.0044008,0.079636,0.012732,-0.078904,-0.061936,-0.034472,-0.0074749,0.0097511,-0.062671,-0.15856,-0.17368,-0.19622,-0.19281,-0.11402,-0.021866,0.0098078,-0.017032,0.099498,0.36087,0.45442,0.34082,0.2759,0.25346,0.22345,0.40492,0.71469,0.50339,-0.068577,-0.13673,-0.12008,-0.085473,-0.054087,-0.080842,-0.16699,-0.21185,-0.21313,-0.21573,-0.21082,-0.089788,0.059193,0.083574,0.07227,0.030031,0.081927,0.14525,-0.06898,0.059227,0.22437,0.26384,0.27988,0.2425,0.061028,-0.1221,-0.21138,-0.24919,-0.20731,-0.13099,-0.09097,-0.097346,-0.12147,-0.11032,-0.04837,0.049911,0.26255,0.43012,0.47098,0.45635,0.38362,0.32825,0.27355,0.16887,0.1089,0.11941,0.078637,0.086166,0.22962,0.5977,0.7499,0.36432,-0.054108,-0.23177,-0.29162,-0.30791,-0.23766,-0.18858,-0.16363,-0.12729,-0.075098,-0.035236,-0.030434,0.026653,0.13785,0.17815,0.19609,0.19632,0.21457,-0.0015424,-0.20606,0.022296,0.16102,0.093632,0.038058,0.019196,0.016865,0.088271,0.18011,0.26052,0.26913,0.16993,-0.013647,-0.2618,-0.46155,-0.40719,-0.22982,-0.096657,-0.019966,0.0025105,-0.21597,-0.34956,-0.30568,-0.2484,-0.18192,-0.18519,-0.26489,-0.30746,-0.22955,-0.1126,0.14423,0.20043,0.21904,0.1908,0.13551,0.096379,0.06396,0.023851,0.0028092,-0.015399,-0.02855,-0.070482,-0.10254,-0.11326,-0.16643,-0.2291,-0.1533,-0.047217,-0.38276,-2.3335,1.1222,-0.53472,1.0725,-0.057089,0.27563,1.8271,-0.21143,0.38324,0.47678,-0.38277,0.11716,0.017994,0.21421,-0.63444,0.23146,0.47223,-0.37336,-0.11837,-0.13425,-0.057145,-0.077938,-0.13954,0.074024,-0.19319,0.35183,0.049004,-0.25502,-0.39294,2.6287,0.45612,2.3913,0.78437,-1.5438,0.074112,0.70868,-1.3815,-0.55595,0.2694,-0.59442,0.39528,0.3721,-0.3974,0.38796,-0.063692,0.03303,-0.26267,-0.1082,0.22851,-0.33253,-0.23394,-0.33887,0.44848,-0.057338,-0.047079,-0.40369,-0.47085,0.13117,-0.10863,2.4409,2.0579,-0.51543,0.90693,0.25813,0.65419,1.1457,0.35798,0.41304,-0.17317,0.43413,-0.11042,-0.41301,-0.02652,-0.031376,-0.27644,-0.087916,0.0051527,0.0027947,0.87793,-0.51156,-0.05066,-0.27994,0.47295,0.40641,0.077034,0.19322,-0.36935,-0.23091,0.17335,0.42048,0.87498,-1.9565,-0.3238,-1.1313,-0.50735,-1.3444,0.59889,0.39303,0.38083,-0.015583,0.30274,0.25618,0.67137,0.49054,0.36507,-0.013118,0.70626,-0.54456,-0.25262,0.23535,-0.35716,0.23249,0.17959,0.12185,-0.13385,0.10511,0.16772,-0.0986,-0.39515,3.127,-0.78802,-1.7067,-1.4737,-0.18215,-1.1516,-0.46834,-1.0649,0.072183,0.21364,0.35669,0.24558,0.37645,0.25796,-0.26412,-0.2345,0.30548,0.015539,-0.0066094,-0.090078,-0.04558,0.34545,0.49409,0.37419,0.18879,0.053319,-0.14331,-0.58122,-0.36752,0.40579,0.40966,1.1878,1.9024,0.4316,0.71088,1.2777,-0.38016,-0.34622,0.68723,0.10035,0.46624,0.087488,-0.22955,-0.37798,0.040646,0.052393,-0.41144,-0.49216,0.085054,-0.25137,0.23331,-0.31614,-0.25336,-0.13723,0.28962,0.10836,-0.19782,0.1988,-0.099336,-0.1748
0.11954,0.11158,0.21435,0.33607,0.28694,0.11745,0.038426,0.056973,0.052334,0.036709,0.086053,0.14617,0.13661,0.12411,0.095485,0.043955,0.010077,0.0097935,0.045228,-0.1811,-0.44589,-0.33625,0.064334,0.21388,0.16559,0.02564,-0.10822,-0.16746,-0.037078,0.18916,0.26774,-0.1699,-0.36526,-0.1201,-0.098958,-0.10417,-0.06472,-0.012032,-0.004696,-0.035183,-0.042198,-0.052258,-0.069845,-0.045489,-0.048337,-0.070408,-0.017002,0.068106,0.10841,0.16669,0.16617,0.13367,0.14227,0.051327,-0.079934,-0.081546,-0.070884,-0.044595,-0.013186,-0.0070192,-0.032263,-0.083929,-0.14725,-0.18516,-0.19209,-0.18012,-0.15255,-0.17145,-0.14318,-0.066138,0.017338,0.099318,0.1137,0.08865,0.044778,-0.038658,-0.11598,-0.06235,0.05172,0.13388,0.15386,0.12808,0.10094,0.085163,0.058712,0.062788,0.094197,0.10158,0.10308,0.10348,0.065786,0.06237,0.10612,0.14253,0.050071,-0.032001,0.031293,-0.67536,-0.55199,0.48542,1.0085,-0.28859,-0.49045,-0.22277,-0.22442,-0.089985,0.075828,0.055398,0.055091,0.047774,0.030549,-0.0038704,-0.042562,-0.03432,-0.060122,-0.023898,0.031746,0.038612,0.062488,-0.087551,-0.39497,-0.11448,0.34285,0.35918,0.27049,0.29397,0.34248,0.33661,0.33492,0.30174,0.0072827,-0.62448,-0.6794,-0.4936,0.074077,0.081182,0.086135,0.025139,-0.030913,-0.0028928,-0.017311,-0.027403,0.0062383,-0.050788,-0.10332,-0.010067,0.18323,0.35094,0.39749,0.24186,0.032241,-0.0092861,0.026592,-0.032398,-0.079063,-0.065348,-0.052952,-0.065199,-0.1165,-0.1492,-0.16816,-0.21443,-0.27821,-0.34079,-0.32292,-0.35125,-0.42518,-0.36877,-0.18682,-0.12381,-0.1268,-0.088776,-0.074302,-0.055497,-0.084409,-0.044329,0.061333,0.079144,0.054644,0.028379,0.0066053,-0.004611,-0.022694,-0.05551,-0.058577,-0.002532,0.040812,0.026262,0.032881,0.0033116,0.041482,0.11361,0.11985,0.062292,0.1226,0.20003,0.19374,-0.84363,-0.57532,0.59579,0.84344,-1.7105,-0.78317,0.31693,1.0904,-0.075846,0.085945,-0.6945,-0.97018,0.13704,-0.061935,0.62546,0.62135,0.58499,0.33749,-0.23994,-0.1554,0.57478,0.86882,0.051675,-0.15284,0.082881,0.73208,0.64554,0.18483,-0.069199,0.00049215,0.24109,-0.084173,0.26268,-0.011353,0.2881,1.222,-0.10732,-0.631,-0.857,-0.34978,0.14971,0.68979,-0.67652,0.30122,0.56751,-0.8129,-0.51385,-0.13388,-0.50412,-0.014965,0.40956,0.64794,-0.068277,0.11211,-0.25979,-0.15575,-0.1414,0.30661,0.13702,-0.23327,0.11067,-0.086098,0.0030569,0.0095371,0.96381,-0.94265,-0.65186,-0.39345,0.49638,0.22513,-0.25319,0.23115,0.73276,-0.61245,-0.26914,0.28316,-0.95285,-0.011869,0.28224,-0.52558,-0.62014,0.56444,0.15165,0.30376,0.11014,-0.40767,-0.1183,0.12181,-0.04218,-0.015172,-0.062659,-0.60243,-0.35384,-0.49416,0.96771,-1.1869,-0.11541,1.2685,-0.29535,0.72559,1.1733,-0.44877,-1.1,0.082161,-0.67801,0.18147,-0.31443,-0.11895,-0.53474,-0.68266,-0.252,0.20765,0.45943,0.26042,-0.29016,-0.17968,0.50253,0.1104,-0.7734,-0.29796,-0.046647,-0.014928,0.084002,0.60118,-0.16774,-0.68079,0.37974,-0.6779,-0.39557,0.1729,0.55805,0.07116,0.1518,-0.022157,-0.10261,0.88945,-0.46477,0.52647,0.23377,-0.28548,-0.34397,-0.29872,-0.25061,0.098197,-0.79983,0.0076614,0.07891,-0.10452,0.20862,0.10618,-0.22147,0.092126,-0.13295,-0.54526,0.94167,1.0921,-1.1691,-0.31219,-0.3231,0.61636,0.74705,-0.48692,1.2163,0.47602,-0.7483,0.65054,1.0691,0.56885,-0.28025,0.044761,-0.092954,0.29521,-0.63828,0.1938,0.018613,-0.12695,-0.032897,0.33199,0.23811,0.056437,-0.27458,0.076237,0.23011
0.35818,-0.075853,0.0044815,0.052482,0.069276,0.046802,0.060258,0.073775,0.056063,0.02908,0.025668,0.035256,0.034766,0.030272,0.031094,0.016749,-0.019462,-0.016271,0.070585,0.16559,0.19432,0.16827,0.17478,0.19385,0.10012,0.071549,0.11195,-0.072989,-0.12156,0.068534,-0.10843,-0.32437,-0.2811,-0.33919,-0.15816,0.026332,0.064489,0.058445,0.011533,0.053815,0.091698,0.053568,0.016884,-0.015148,-0.043431,0.053771,0.17902,0.18587,0.099669,-0.019368,-0.078887,-0.041524,-0.13007,-0.20729,-0.19155,-0.11171,-0.043048,-0.0077313,0.0070303,0.015225,0.011508,-0.039483,-0.09939,-0.099208,-0.05385,0.024539,0.095079,0.033456,-0.031738,-0.028141,-0.081941,-0.08307,-0.10877,-0.057004,0.069089,0.14087,0.12604,0.097189,0.14692,0.20687,0.18184,0.13304,0.091842,0.058217,0.070993,0.10269,0.098219,0.089462,0.092441,0.051006,0.029072,0.059758,0.086706,0.077952,0.062161,0.0073328,-0.068772,-0.51532,-0.66969,-0.46361,1.6919,0.90748,-0.25512,-0.26172,-0.30059,-0.14762,0.025908,-0.0027584,0.0057792,0.013616,0.015434,0.029694,0.049497,0.072012,0.090199,0.068047,0.028671,0.03537,0.10245,0.17364,0.20377,0.18171,0.31346,0.38657,0.29124,0.21784,0.17042,0.12807,0.12668,0.15663,0.22646,0.61465,0.76492,0.38424,0.066003,-0.048632,-0.12357,-0.15686,-0.13744,-0.14358,-0.17022,-0.1803,-0.19142,-0.18782,-0.12572,0.0025329,0.12223,0.11823,-0.026585,-0.20951,-0.25229,0.1347,0.34391,0.34808,0.3213,0.15965,-0.037875,-0.05984,-0.052122,-0.032441,-0.047165,-0.15306,-0.24903,-0.27001,-0.27826,-0.28045,-0.17319,-0.046575,0.040753,0.058426,0.034454,0.044813,-0.073565,-0.22574,-0.25439,-0.22085,-0.19669,-0.18205,-0.093908,-0.0050677,-0.016256,-0.046587,-0.091744,-0.1227,-0.059342,0.011625,0.0084124,0.034387,0.018398,0.068478,0.1467,0.16153,0.13438,0.22377,0.28249,0.1872,0.069555,-1.594,-1.44,0.072997,1.1245,-2.6924,0.32023,1.4657,0.82005,1.0099,0.21141,-0.088529,0.4204,0.45383,0.49003,-0.96497,-0.0090135,0.22679,-0.4099,-0.40613,-0.0042251,0.19551,-0.12645,0.26965,-0.19066,0.12826,0.38733,0.29347,-0.38229,0.031679,0.18017,0.12308,-0.12917,0.081512,-0.29009,-0.059639,2.2043,0.5336,-0.4268,0.2683,0.37705,0.20771,-0.61039,0.16111,-0.025549,-0.081341,0.048847,-0.62372,0.28016,-0.066372,0.20705,-0.043929,-0.26438,0.047962,-0.075275,0.55946,-0.15661,-0.34518,0.30085,0.46176,-0.25235,-0.051098,0.22324,0.10959,0.30824,2.0317,-1.5131,-0.439,0.19754,0.88524,-0.2107,-0.31273,0.50359,-0.38577,0.287,0.35689,0.37101,-0.10771,0.16445,0.18791,0.2376,-0.0035249,0.30303,-0.59512,-0.49651,0.11233,-0.10239,-0.29323,0.53272,0.68697,-0.40257,-0.31936,-0.34015,-0.22259,-2.0488,-0.30903,-2.4731,0.34473,-0.39318,0.21204,-0.90652,-0.13316,0.093746,-0.26582,0.09807,0.7269,0.031972,-0.018583,0.32616,0.152,0.61933,-0.22946,-0.16262,-0.72716,0.89311,0.2036,-0.53459,0.22198,-0.15746,-0.42221,-0.025283,-0.40637,0.37821,-0.20011,0.80762,-0.11198,-2.1469,0.54049,0.33323,-0.16476,-0.30732,0.0086047,0.56567,0.58346,0.028123,0.2304,0.22672,0.068508,-0.23383,-0.07969,0.15952,0.2911,-0.077335,0.22779,-0.89986,-0.35885,0.42768,-0.29106,-0.028132,0.14259,0.001208,-0.35421,0.11743,-0.034753,-2.2414,0.075084,2.1102,0.44171,-0.066197,0.1617,-0.4888,-0.61848,0.49935,-0.030388,-0.27277,0.0711,0.39108,-0.15869,-0.030868,-0.24439,-0.78458,0.738,0.16942,-0.32764,0.042431,0.98137,0.29589,0.29761,-0.37336,-0.61804,0.29974,0.042476,-0.1176,0.10068
-0.23948,-0.24255,-0.055672,-0.05418,0.039669,0.1205,0.13773,0.13623,0.10797,0.11617,0.14675,0.14096,0.13636,0.11937,0.054713,0.04576,0.12604,0.1971,0.23762,0.22954,-0.41602,-0.51148,0.066231,0.31662,0.28685,0.1442,0.017932,-0.039441,0.0149,0.11659,0.084666,0.042489,0.079043,-0.0093612,-0.03679,-0.014253,-0.015146,-0.044753,-0.071607,-0.093378,-0.11759,-0.11451,-0.10757,-0.11641,-0.056031,-0.071552,-0.1355,-0.018857,0.071916,0.028596,0.044051,0.10031,0.029441,-0.027784,0.0044239,-0.015574,-0.043439,-0.023223,-0.011891,-0.00477,-0.0049379,-0.059658,-0.14936,-0.17412,-0.099168,0.021536,0.0012738,-0.059597,-0.010541,-0.0020531,-0.0039866,-0.11402,-0.20845,-0.16737,-0.092348,0.014908,0.09966,0.048951,-0.0975,-0.080907,0.064707,0.15412,0.18535,0.20703,0.18084,0.16193,0.11975,0.099689,0.10965,0.11803,0.11523,0.082433,0.086512,0.14797,0.18655,0.025264,-0.14062,-0.78328,-0.71317,0.14585,0.84485,0.30557,-0.14115,-0.13264,-0.17199,-0.081814,0.027869,-0.0071856,-0.0074824,0.040186,0.056629,0.01997,0.025522,0.0039087,0.059309,0.15029,0.19748,0.22486,0.23707,0.21391,-0.45746,-0.53625,0.21232,0.34846,0.27491,0.20357,0.16535,0.10526,0.068426,0.052395,-0.0094311,0.25378,0.39239,0.16718,-0.017405,0.019919,0.11138,0.13901,0.18191,0.14992,0.10713,0.11583,0.081759,0.076942,-0.046728,-0.33712,-0.43041,-0.26139,-0.12275,-0.1606,-0.18641,-0.014926,0.16816,0.29873,0.35324,0.16749,-0.072137,-0.081154,-0.080208,-0.062455,-0.082312,-0.17852,-0.28498,-0.32238,-0.27566,-0.15079,-0.06956,-0.020147,0.044527,0.047077,0.057787,0.0060794,-0.037348,-0.035467,-0.027644,-0.0033171,-0.086354,-0.15243,-0.10493,-0.1182,-0.18272,-0.089829,0.030131,-0.044023,-0.056221,-0.064372,0.010494,0.099062,0.11812,0.13683,0.08843,0.078372,0.10085,0.069915,0.025244,0.13038,0.17715,-1.2733,-1.0938,0.49916,2.0213,-2.9878,-0.50598,0.47068,-0.53854,-0.0068623,0.85055,-0.20322,-0.3881,0.67098,0.69024,-0.53754,0.3543,0.27173,-0.098092,-0.12981,-0.20326,0.080561,0.33639,-0.77468,0.08386,-0.1184,-0.26419,-0.36138,-0.21224,-0.18081,-0.38728,0.10697,0.24621,0.050496,-0.70723,0.68237,1.4654,-0.1535,-1.1274,0.85509,0.33727,0.23617,-0.3318,0.17735,-0.026355,0.045712,-0.10769,-0.20887,-0.26921,-0.30188,0.068737,0.19221,-0.61015,-0.073457,0.090655,0.3277,0.11689,0.20245,-0.065731,0.6833,0.17521,0.15426,-0.082271,0.42038,-0.33267,1.4553,-0.25431,-0.60103,0.26996,-0.38837,-0.41089,-0.51601,0.035301,0.058497,-0.39508,0.12191,0.30645,0.034271,-0.45546,-0.29378,-0.16783,-0.24396,0.064625,-0.22652,-0.31239,-0.26742,0.41046,-0.29992,-0.17829,-0.052799,0.029581,-0.34611,-0.087265,-0.060664,-2.8402,0.87709,-1.752,0.57284,-0.0015093,0.37964,0.28853,-0.33224,0.21957,-0.64253,-0.017828,0.30371,-0.30366,0.37718,-0.083837,0.24758,0.29224,-0.22309,-0.13259,0.19785,0.25134,0.14448,0.33294,-0.48729,0.085858,0.21593,-0.64856,-0.31905,0.40134,-0.099952,0.19487,-0.52556,-1.1931,0.57782,0.19764,0.56174,-0.55484,-0.050494,0.2528,-0.39653,-0.19929,-0.53965,-0.32959,0.19469,0.1824,-0.058079,-0.29762,0.26028,0.10126,0.15965,0.10144,-0.43384,0.23795,0.11625,0.10977,0.13214,0.18511,-0.21299,-0.24457,0.033714,-2.2824,1.5047,1.3342,-1.2236,0.12004,-0.50267,-0.15043,-0.16553,0.75454,0.23121,0.30523,0.027389,-0.49548,-0.40318,-0.71515,-0.1229,0.38089,0.090875,-0.70191,0.29203,-0.24948,-0.070037,-0.28409,-0.24625,-0.49307,-0.26906,0.33463,-0.36329,-0.076071,-0.12264
0.12901,0.001666,0.42342,0.43483,0.19332,-0.043601,-0.12822,-0.14613,-0.14816,-0.11747,-0.040003,0.0017271,0.0013452,0.0063837,0.021194,0.045304,0.14858,0.32338,0.41247,0.40424,0.3482,0.29022,0.20948,0.10161,0.035497,0.022305,-0.026189,-0.22672,-0.38272,-0.12212,-0.025624,-0.20956,-0.16619,-0.22442,-0.095299,0.041354,0.044055,-0.008274,-0.093279,-0.088982,-0.07152,-0.10702,-0.13097,-0.14872,-0.036426,0.047748,0.082613,0.15318,0.16074,0.079384,0.0036534,0.015435,0.0070595,-0.08851,-0.078857,-0.012318,-0.005349,-0.023174,-0.061484,-0.040839,-0.012716,0.00092896,-0.057429,-0.15963,-0.15268,-0.087197,-0.012607,0.037955,0.01636,0.056904,0.13103,0.28553,0.41428,0.41162,0.35232,0.2267,0.065988,0.11323,0.352,0.43279,0.22762,0.03031,-0.019791,0.00042966,0.011436,0.01947,0.036753,0.049253,0.02793,0.0081306,0.01124,0.015334,-0.025272,-0.026076,0.03564,0.025482,-0.55559,-0.70407,-0.24649,-0.12549,1.3379,0.91654,-0.13425,-0.22277,-0.19039,-0.099515,-0.056605,-0.048375,-0.051692,-0.01794,0.02808,0.03029,0.037815,0.081595,0.12116,0.13808,0.17824,0.21753,0.23427,0.26203,0.28128,0.26245,0.31501,0.31103,0.21504,0.17227,0.24918,0.28464,0.23752,0.18152,0.069713,0.44467,0.59529,0.21374,-0.21542,-0.40346,-0.44602,-0.42587,-0.33717,-0.2492,-0.17374,-0.12413,-0.10074,-0.061337,-0.1462,-0.17729,-0.034632,0.084407,0.071954,0.012704,-0.038979,-0.057086,0.21245,0.42091,0.42733,0.24374,0.048967,0.045408,0.073817,0.11943,0.13578,0.11668,-0.026897,-0.14377,-0.056677,0.084523,0.10707,-0.033797,-0.13617,-0.083359,-0.054884,-0.15057,-0.22558,-0.20119,-0.1871,-0.18601,-0.17641,-0.16323,-0.17247,-0.17587,-0.1809,-0.065944,0.049026,0.0048113,-0.014668,0.02542,0.063627,0.03286,0.03702,0.054267,0.048381,0.025133,0.050518,0.071561,0.061774,0.010866,-1.2133,-1.2333,-0.15584,-0.084179,0.36392,-2.6922,0.5478,0.49849,1.4239,0.39989,0.066023,0.63208,-0.04743,0.75695,0.13309,-0.45442,0.22388,0.30791,-0.21926,-0.27571,0.22093,0.74818,-0.075333,0.3099,-0.51867,0.30432,-0.0095453,-0.49194,-0.49859,0.067634,0.17222,0.085645,-0.078939,-0.23466,0.49179,0.077705,2.5945,0.13262,-0.73131,0.0045714,0.64006,-0.76839,-0.49886,0.1118,0.24216,-0.6377,-0.61625,0.028416,0.97542,-0.015209,-0.38192,0.36968,0.17581,-0.59509,-0.60464,0.41723,-0.084288,-0.27441,-0.23863,-0.14229,0.12238,-0.15157,0.15058,0.20929,0.91098,2.2878,-1.2589,-0.24025,0.28763,0.058176,0.49517,-0.99149,0.077843,0.33571,0.42666,0.83092,0.20377,0.17389,-0.10822,-0.084313,0.65741,-0.40687,-0.15773,-0.14258,0.18502,0.35543,-0.11518,-0.3154,0.34311,0.36254,-0.12618,0.050712,-0.031425,0.35218,-0.68767,0.52772,-2.5623,0.10191,-1.0308,0.31893,-0.20091,0.60826,-0.063663,-0.49974,0.27415,-0.0083987,0.55203,0.22153,-0.10422,0.24188,-0.13118,0.62384,0.28669,-0.92922,0.05774,0.4952,-0.47357,0.041279,-0.26821,0.03098,-0.11248,0.28626,0.051772,-0.040554,1.5428,-0.066414,-2.157,0.066369,0.67391,-0.52099,0.4777,-0.65977,0.096862,-0.41184,0.088766,0.79097,0.073874,-0.36183,0.10446,0.21689,-0.21531,0.20109,0.39862,0.33767,-0.42098,0.22283,0.2325,-0.40532,0.036957,0.070921,-0.18557,0.096685,0.27694,0.48184,-0.9831,0.96469,2.2386,0.43753,0.17849,0.5966,-0.61347,-0.5652,-0.22648,-0.25835,0.011895,0.40246,0.24116,0.062645,-0.23044,-0.40335,-0.64063,0.38355,-0.14058,-0.69313,0.31002,0.19706,0.13034,0.061658,-0.85718,-0.26913,-0.24582,-0.16821,0.50157,0.051534
-0.32271,-0.18087,0.32267,0.34827,0.30207,0.26464,0.24141,0.14976,0.057038,0.00079527,-0.035097,-0.0059311,0.02705,0.007396,-0.015206,-0.042115,-0.055064,0.014436,0.10643,0.14729,0.18044,0.20193,0.1871,0.095668,0.015019,-0.024753,-0.063292,-0.10703,-0.13071,-0.095508,0.077731,0.084688,-0.011693,-0.12791,-0.19456,-0.17926,-0.10717,-0.055059,-0.075912,-0.027141,0.015941,0.0001911,-0.023492,-0.061728,-0.13165,-0.17869,-0.23756,-0.17545,0.18357,0.2863,0.17883,0.10594,-0.058361,-0.20121,-0.21132,-0.06035,0.013425,0.033135,0.0419,0.041998,-0.016109,-0.10767,-0.16701,-0.20122,-0.16519,-0.075481,-0.057817,-0.08072,-0.04137,-0.056485,-0.06634,0.032189,0.10682,0.11868,0.092958,0.07607,0.094523,0.16324,0.25375,0.27077,0.16099,0.03504,0.016458,0.048964,0.057186,0.050053,0.085116,0.13741,0.14515,0.14495,0.14129,0.1144,0.1039,0.12446,0.14563,0.061443,-0.076791,-0.18618,-0.82366,-1.1932,0.70485,0.53046,0.10106,0.095015,0.064468,0.023338,-0.047034,-0.10993,-0.12402,-0.079291,-0.047482,-0.046055,-0.049749,-0.045677,-0.039662,-0.045464,-0.032703,0.042522,0.11568,0.15274,0.18372,0.18742,0.14643,0.17903,0.20078,0.15108,0.20373,0.27521,0.30757,0.23444,0.055968,0.22773,0.25543,0.12533,0.0028971,-0.029226,-0.02948,-0.030545,-0.0096672,-0.012871,-0.037548,-0.055522,-0.075208,-0.11294,-0.15798,-0.32028,-0.41643,-0.27487,0.023329,-0.0043491,-0.25262,-0.23668,0.11375,0.26866,0.2686,0.09557,-0.061833,-0.076826,-0.099277,-0.11448,-0.12784,-0.1747,-0.23724,-0.26119,-0.19941,-0.045452,-0.048551,-0.13783,-0.063255,-0.093737,-0.11293,-0.07553,-0.053829,-0.02945,-0.0043755,-0.023362,-0.096351,-0.13621,-0.14397,-0.14926,-0.14466,-0.099644,-0.016077,0.01659,-0.0013059,-0.0058065,0.017621,0.01579,-0.027679,-0.023551,-0.032536,0.014443,0.044635,-0.028864,-0.088682,0.016243,0.037385,-0.088538,-0.40645,-0.52023,-0.90157,-2.9297,-0.88057,-0.39018,1.1339,-0.1469,-0.0041462,-0.046449,-0.23349,0.77374,0.76369,-0.40021,0.0008222,0.57853,0.00050376,-0.2171,-0.20191,0.45416,-0.25478,0.2977,0.29489,-0.060169,-0.029589,-0.19253,-0.25177,0.35662,0.29811,0.10874,0.45422,0.13683,1.3573,0.36387,2.2452,-0.64489,-1.2077,0.20469,0.096659,-0.34607,-0.42797,0.46763,0.28329,-0.044941,-0.97691,0.056407,0.12917,-0.18972,-0.044727,0.14572,-0.090948,-0.10336,-0.49207,0.072588,-0.043412,-0.062565,-0.10277,-0.037959,0.30122,0.030646,0.30958,-0.165,1.4857,2.1076,-0.38138,-0.42327,0.60071,-0.38288,0.25429,-0.84904,-0.16521,0.033996,-0.95701,0.045963,-0.34769,-0.089526,-0.039864,-0.28547,0.34579,0.089181,-0.29088,0.13686,-0.018853,0.15492,-0.55516,-0.18986,0.17364,0.4085,-0.19977,-0.066489,0.26353,-0.024973,-0.13609,1.5527,-2.02,-0.14308,0.66006,0.33602,-0.19982,0.30969,0.094365,-0.42612,0.26778,0.074766,0.28202,-0.051129,-0.47515,-0.35194,-0.53315,0.17488,-0.29064,-0.049936,0.013658,0.63209,-0.036449,0.31629,-0.40829,-0.14425,0.073751,0.030309,0.16541,0.27111,2.1008,-0.92646,-1.537,0.16483,-0.45629,-0.18529,-0.20191,0.14688,0.43316,-0.15287,-0.017205,-0.06151,-0.6938,-0.17436,-0.17113,0.20526,-0.39138,-0.24675,-0.040798,-0.045337,-0.26005,0.43661,-0.37867,-0.51877,-0.013778,-0.080347,0.21719,0.34533,0.39882,0.15265,-0.2567,1.8406,1.5178,-0.61959,0.2373,-0.1064,0.10547,-0.24892,-0.054303,-0.20493,0.29762,-0.0022521,0.29426,0.63035,-0.3192,-0.51176,-0.060544,-0.1019,-0.26734,-0.28873,0.17683,0.001523,-0.025463,0.24259,-0.71407,0.064965,-0.37934,-0.10605,0.24905,0.061087
0.37831,0.31559,0.15063,0.28344,0.38876,0.21269,-0.036401,-0.087529,-0.10578,-0.12917,-0.058899,0.032682,0.038933,0.052738,0.05915,0.054767,0.0018336,-0.044735,0.17164,0.48141,0.44816,0.17327,-0.014461,-0.033045,-0.0075832,-0.079609,-0.16495,-0.074783,0.11584,0.093461,0.010891,0.068041,-0.033565,-0.20955,-0.35583,-0.29279,-0.069472,0.1106,0.12457,0.069355,0.025962,0.00076736,0.038946,0.090024,0.025352,-0.024609,0.066245,0.1439,0.031447,-0.14411,-0.21351,-0.2195,-0.23782,-0.29137,-0.28337,-0.15449,-0.037602,0.014362,0.037177,0.057965,0.074902,0.017611,-0.074607,-0.11267,-0.098885,-0.054012,-0.027551,-0.033524,-0.083236,-0.042175,-0.034137,0.011431,0.059353,0.091136,0.13198,0.17697,0.18186,0.16497,0.35047,0.49593,0.29973,0.1089,0.072302,0.082912,0.073336,0.039362,0.020532,0.023683,0.023816,0.006155,-0.0035077,0.034852,0.10696,0.1869,0.040242,-0.14451,-0.12188,-0.70031,-0.58533,0.3431,-0.40401,-0.1197,0.17225,-0.06815,-0.28226,-0.22898,-0.11324,-0.094929,-0.08453,-0.078345,-0.079745,-0.060628,0.007889,0.10159,0.134,0.11323,0.11007,0.16222,0.31018,0.44454,0.47613,0.38176,0.20992,0.088831,0.13341,0.16181,0.12383,-0.0083801,-0.1672,-0.15073,-0.0045265,0.111,-0.11776,-0.28563,0.047539,0.11504,0.052775,-0.10991,-0.18644,-0.14604,-0.078355,-0.015511,-0.020452,-0.1535,-0.3094,-0.25281,0.003886,0.14441,0.14617,0.10187,-0.018556,-0.14876,0.1196,0.29927,0.30864,0.26162,0.13334,0.020053,0.050098,0.075409,0.038472,-0.02646,-0.11698,-0.1678,-0.11693,0.02007,0.13674,0.059483,-0.059101,-0.012919,-0.11609,-0.1433,-0.074027,-0.048498,-0.016277,0.020753,0.05137,-0.02946,-0.13657,-0.1619,-0.19256,-0.091271,0.011798,-0.036249,-0.050649,-0.015971,0.022762,0.015643,-0.013303,-0.029919,-0.0059989,0.053082,0.10867,0.096838,0.068735,0.02495,-0.05379,-0.7457,-0.64928,0.17433,-0.26491,-2.2565,-0.71675,0.47106,1.7899,0.043929,-0.51664,0.19682,0.087953,0.66587,0.16079,-0.44001,0.54623,0.71005,-0.21283,-0.50679,-0.090865,0.67916,-0.12971,0.29939,0.13442,0.103,0.23914,0.33217,0.036629,0.033651,0.54901,0.24803,0.17412,-0.12881,0.93227,0.47627,1.9972,-0.51158,-0.62315,-0.10217,-0.47183,-0.39579,-0.35469,0.017459,0.21134,0.092405,-0.75317,0.058688,0.40842,-0.60838,0.23514,0.079342,-0.12984,-0.05837,-0.34811,-0.13301,-0.017741,-0.48813,0.22813,-0.084103,-0.21653,0.19125,0.1279,-0.028464,1.1616,1.6425,0.17668,-0.7453,0.38288,1.2383,-0.1468,-0.85575,0.45411,-0.18794,-0.36695,0.87967,-0.18456,0.17041,-0.10583,0.26996,0.30625,-0.4984,0.18172,-0.15121,-0.030074,0.36147,-0.6725,-0.36614,0.034782,0.17336,-0.38578,-0.12149,0.16132,-0.25729,0.00061314,1.7011,-1.7619,-0.15304,0.62336,-0.019093,0.010533,0.52293,-0.43371,-0.64916,0.60219,-0.11145,0.1154,0.18618,-0.41976,-0.49086,-0.84684,-0.21607,-0.12873,-0.072152,0.32261,0.38498,-0.50702,0.38424,0.18507,-0.43632,-0.11715,0.095149,0.21068,0.04157,1.7062,-0.72827,-1.4102,0.35374,-0.83542,-0.53601,0.073942,0.016002,0.62257,0.18823,-0.06087,0.32028,0.080421,-0.24306,-0.17435,0.063644,-0.16262,0.23536,-0.17282,-0.34677,-0.15066,-0.065731,-0.24184,-0.47278,-0.070164,0.27372,0.16673,-0.13233,0.38763,-0.21063,-0.67109,1.6849,1.7022,-0.71286,-0.34463,0.06543,-0.26332,-0.1806,-0.0073755,0.30656,-0.051317,-0.17733,0.47833,0.14691,-0.37753,-0.34725,-0.27199,-0.17366,0.40743,-0.30887,0.68227,0.4256,-0.51875,-0.10219,-0.50212,-0.50287,-0.24408,0.14725,-0.1006,0.045396
0.79215,0.85517,0.77354,0.56226,0.28238,0.089452,0.029209,-0.0040908,-0.090935,-0.20583,-0.25565,-0.19604,-0.0844,-0.0040454,-0.040823,-0.036941,-0.050944,0.040342,0.20549,0.32033,0.34947,0.29837,0.20627,0.11225,0.017001,-0.10597,-0.25476,-0.21078,0.032219,0.19866,0.078225,0.11417,0.028708,-0.172,-0.18651,-0.076037,0.033637,0.041368,-0.0029906,-0.029545,-0.053941,-0.043486,-0.038451,-0.05944,-0.053188,-0.057428,-0.056387,-0.00028378,0.054997,0.055677,0.068658,0.14005,0.11957,-0.091265,-0.22301,-0.13267,-0.018503,-0.011918,-0.023157,0.0050437,0.036087,0.050599,-0.015887,-0.083692,-0.076111,-0.070058,-0.055931,-0.062293,-0.094579,-0.043802,0.07428,0.26573,0.39286,0.37941,0.28749,0.21607,0.25441,0.33504,0.33825,0.24415,0.09641,-0.05223,-0.11347,-0.089131,-0.059505,-0.029812,-0.0069729,0.00057681,0.0026421,0.017532,0.037424,-0.062376,-0.16166,-0.18129,-0.51233,-0.50078,0.11131,0.53752,-0.13622,-0.37837,-0.69803,-0.381,-0.021534,0.0066714,-0.025464,-0.034686,-0.12681,-0.28867,-0.29505,-0.11821,0.058109,0.28339,-0.054772,-0.45609,-0.15995,-0.089235,-0.088607,0.069993,0.23382,0.30314,0.336,0.30998,0.23551,0.27868,0.31056,0.21376,0.15726,0.22167,0.11132,-0.098152,0.072497,0.3564,0.083434,-0.19958,-0.01969,0.030151,-0.020111,-0.089617,-0.058486,-0.053696,-0.034721,-0.067281,-0.10823,-0.092777,-0.12192,-0.1175,-0.029769,0.084462,0.1701,0.18037,0.13882,0.072135,0.091319,0.23842,0.32284,0.30352,0.21865,0.12832,0.11963,0.15406,0.14818,0.087682,0.044447,0.059192,0.076473,-0.0031436,-0.075124,-0.18784,-0.23093,-0.1457,-0.14236,-0.12985,-0.081029,-0.059881,-0.060334,-0.068992,-0.065352,-0.057935,-0.064319,-0.062438,-0.045653,0.011289,0.047684,0.0077501,-0.029616,-0.019631,0.0076253,-0.011096,0.022795,0.077069,0.094187,0.29246,0.38226,0.25087,-1.3635,-1.4786,0.16285,0.29797,-0.52595,-1.537,1.5584,-2.2366,0.02201,0.95355,1.5318,0.449,-0.39039,0.56201,0.61832,0.083422,0.36918,-0.078509,-0.0040074,0.67139,0.34769,0.37151,0.24978,0.055054,0.55864,0.39519,-0.10307,-0.065756,0.14404,0.1958,0.11166,-0.036533,-0.087277,0.3863,0.11623,0.13089,-0.45995,0.62051,1.9041,-0.18444,-1.1205,-1.3636,0.012,-0.35609,-0.26021,-0.61692,0.16337,0.082916,-0.34229,-0.6509,-0.39232,-0.30649,-0.090193,0.5905,-0.13502,0.30611,0.30231,0.33975,-0.44729,-0.15415,-0.32126,-0.00012385,-0.1437,0.35911,-0.084929,-0.47594,-0.76273,0.77069,0.041656,0.66087,-0.5398,0.3264,0.47866,-0.21684,0.36987,0.038573,-0.30079,-0.24568,0.28162,-0.26467,-0.25805,-0.099785,-0.13564,-0.15469,-0.097733,-0.32879,-0.16301,-0.096691,-0.20997,-0.38175,0.28446,0.067622,-0.037755,-0.21649,-0.142,-0.16546,-1.1485,0.99902,-2.1671,0.347,1.1408,-0.70328,-0.10515,0.33723,-0.83387,0.77853,1.4111,-0.53896,0.046865,-0.8619,0.10542,0.1421,0.38238,-0.19686,-0.48507,-0.70696,-0.16408,-0.064866,0.2271,0.36649,0.23895,0.24581,-0.056842,0.026276,-0.2128,0.040733,-0.31776,-0.50917,-0.75229,-0.64022,-0.10253,-0.15892,0.55741,-0.073572,0.04342,-0.12484,-0.088453,0.54036,-0.19138,-0.018965,0.057933,-0.15107,-0.12238,0.17819,-0.14036,0.29526,-0.41173,-0.29231,-0.24741,-0.076482,-0.19771,-0.031428,0.019922,-0.0096194,0.17154,-0.040367,-1.2519,1.3471,1.7944,-0.86442,-0.59373,0.71899,-0.13415,-0.88276,-0.80909,0.73659,0.010194,-0.71859,0.34355,-0.001416,-0.50513,-0.25441,-0.22772,-0.55611,0.26196,-0.19288,-0.49741,-0.084588,-0.35598,0.21589,-0.67711,-0.52992,0.51964,0.00064758,0.07855,-0.055
-0.03708,-0.024375,-0.0775,0.060118,0.19715,0.13389,0.082395,0.10625,0.09087,0.050801,0.07869,0.13719,0.13131,0.13031,0.11636,0.082326,0.05215,0.02453,0.011194,0.02078,-0.019018,-0.56404,-0.57674,0.24126,0.21773,0.034862,-0.09501,-0.1026,-0.057057,-0.038452,-0.024071,0.038318,0.067572,0.012386,-0.11203,-0.18747,-0.2219,-0.2217,-0.15469,-0.037525,0.027411,0.035624,0.027616,0.0029898,0.013879,-0.029966,0.00044239,0.20502,0.2755,0.12635,-0.0033395,0.057249,0.066735,0.057969,-0.017617,-0.062194,-0.05848,-0.052301,-0.023326,-0.0020092,0.004544,-0.074723,-0.15722,-0.1578,-0.14356,-0.10737,-0.0898,-0.089742,-0.064905,-0.061487,-0.015906,0.024236,0.049692,0.082803,0.094671,0.10509,0.11713,0.15234,0.2522,0.33111,0.29735,0.19105,0.070209,0.038205,0.077357,0.093002,0.0864,0.089469,0.025544,-0.0088237,0.030373,0.049607,0.036617,-0.031069,-0.0594,0.0016564,-0.15385,-0.61916,-0.46611,0.46826,0.31504,-0.14798,-0.321,-0.31752,-0.30777,-0.1626,0.0068472,-0.054944,-0.071596,-0.031447,0.061769,0.098823,0.051438,0.047359,0.014057,0.078274,0.14472,0.12638,0.12039,0.13151,0.066272,-0.82552,-0.59249,0.34637,0.2822,0.20153,0.15657,0.10533,0.089951,0.14299,0.113,0.1929,0.17231,0.064937,0.20393,0.25528,0.28883,0.31854,0.31609,0.22464,0.11857,0.071563,0.021816,-0.040384,-0.22228,-0.34907,-0.17043,0.19613,0.26486,-0.032843,-0.24746,-0.091334,0.10338,0.13816,0.13714,0.13235,0.10217,0.050116,0.039107,0.010615,-0.028926,-0.062391,-0.072812,-0.095861,-0.13438,-0.20721,-0.20317,-0.065433,0.032757,0.038135,0.04041,-0.04471,-0.11634,-0.093492,-0.065315,-0.033076,-0.0065093,0.0087688,0.0036361,-0.006226,-0.020545,-0.050838,-0.072542,-0.010933,0.044373,0.0092294,0.011695,-0.0088654,0.049894,0.17873,0.25081,0.23179,0.13595,0.030909,-0.0053984,0.023451,0.090553,-1.7116,-1.3154,0.88711,2.3942,-2.6892,-0.67991,1.2587,0.15589,-0.42824,0.39203,-0.0498,-0.25759,0.38794,0.40424,-0.70952,0.30138,0.60494,0.28199,-0.067252,-0.17687,-0.10552,0.39344,-0.37423,0.316,0.1146,0.30984,-0.014406,0.025097,0.18694,-0.20699,0.090952,0.37719,-0.011742,-0.83244,1.0408,1.1442,0.37125,-1.4609,0.85904,0.31192,0.26436,0.065709,0.072504,-0.092997,0.32804,-0.47433,-0.23974,-0.45488,-0.46333,0.22793,0.15198,-0.34375,-0.10568,-0.099307,0.1467,0.21814,0.19993,0.11249,0.28471,0.0896,0.44351,0.018132,0.051667,-0.74054,1.0208,0.10401,-0.21536,0.55405,0.81403,-0.52617,0.11565,0.56283,-0.14983,-0.39595,-0.041351,0.095828,-0.12373,-0.16038,-0.39837,-0.26125,0.087445,0.45838,0.11382,-0.24691,0.078414,-0.36281,0.065835,-0.154,0.066445,-0.096201,-0.065274,-0.070872,-0.27911,-2.5667,1.3493,-1.1745,-0.89995,1.7545,0.5758,-0.14587,0.45591,-0.27774,0.13742,0.44049,-0.44246,-0.0059464,0.50934,-0.17181,-0.26692,0.19238,0.00030831,-0.50279,0.57793,0.47179,-0.17271,0.39415,-0.0061646,0.18656,0.060288,-0.080061,-0.035586,-0.26971,0.021578,-0.20677,-0.61365,-0.57029,-0.052441,-0.2645,0.11396,-0.19932,0.29135,0.65859,0.46631,-0.014955,-0.67094,0.044233,0.076631,0.15103,0.14738,-0.086024,-0.16461,-0.41997,-0.26588,0.060812,-0.023437,-0.088867,0.22676,-0.06088,-0.25896,0.079307,0.10757,0.17291,-0.11954,-2.6897,1.631,1.0154,-1.5405,0.29882,-0.28347,0.13579,-0.55993,-0.43862,-0.12073,0.12809,-0.5262,0.0046483,-0.58457,-0.43251,-0.12004,0.0052885,-0.04127,-0.31748,0.34208,-0.18246,0.45809,-0.62009,-0.19943,-0.15242,0.16792,-0.037685,-0.39859,0.20412,0.26119
0.17975,-0.11885,0.074681,0.056012,0.079733,0.14002,0.16725,0.15118,0.13373,0.099614,0.087414,0.077805,0.083071,0.085344,0.049078,0.0025663,-0.049995,-0.097302,-0.098137,-0.14338,-0.20035,-0.25302,-0.065383,0.14135,0.16206,0.099609,-0.00072103,-0.11475,-0.15297,-0.016947,0.28371,0.031536,0.12101,0.24572,0.082105,0.030337,-0.033351,-0.065727,-0.057388,-0.03376,-0.032987,0.023272,0.059351,0.045447,0.025161,-0.037261,-0.051332,0.018941,0.058341,0.020049,0.060581,0.13971,0.16843,0.18667,0.1485,0.058136,-0.039228,-0.049332,0.019738,0.023638,-0.02808,-0.026284,0.055526,0.14603,0.12075,0.036782,-0.029237,0.0070274,0.025061,-0.086553,-0.19575,-0.2992,-0.24113,-0.11273,0.021318,0.10652,0.061559,-0.064363,-0.093679,0.0046897,0.10635,0.15864,0.14341,0.059827,0.0041804,0.011391,0.01414,0.015392,0.024206,0.017314,0.024926,0.050487,-0.07559,-0.17233,-0.30854,-0.36794,-0.24596,0.11755,0.87085,1.088,1.4245,0.69715,-0.24718,-0.24489,-0.25999,-0.29865,-0.21535,-0.065881,-0.10083,-0.055874,-0.010964,0.001673,0.067485,0.089338,0.16233,0.19825,0.14259,0.10465,0.10792,0.083483,-1.6739,-1.6256,0.30911,0.40669,0.34425,0.28611,0.28344,0.30295,0.31536,0.18737,-0.60012,-0.7586,-0.56704,-0.21827,0.067373,0.067296,0.095097,0.094998,0.097787,0.068757,0.065332,-0.022011,-0.1082,-0.083132,-0.0073502,0.11776,0.26663,0.38755,0.43261,0.35132,0.15321,-0.012914,-0.058643,-0.14477,-0.17093,-0.037998,0.13161,0.22081,0.17493,0.018861,-0.083134,-0.064326,0.0036789,0.194,0.41295,0.50989,0.5337,0.53068,0.3298,0.11031,-0.014515,-0.12475,-0.13002,-0.1416,-0.13145,-0.10305,-0.12086,-0.12036,-0.051396,-0.034522,-0.078491,-0.13592,-0.19436,-0.19556,-0.058051,0.064779,0.059545,0.066291,0.026992,0.059691,0.12279,0.12474,0.33075,0.43881,0.30643,-1.9735,-2.2026,0.23597,0.58511,0.6794,3.2284,-0.7317,-1.0568,-2.068,-1.2929,-0.6541,-0.70406,0.2959,-0.31117,0.90653,-0.09207,0.19903,-0.29128,0.0913,-0.099412,-0.29192,0.44895,-0.072088,0.10692,-0.39946,0.056407,0.013056,-0.33771,0.14459,-0.077184,-0.40629,0.034522,-0.12185,-0.060924,-0.19175,-1.7782,0.59009,-0.81673,0.16391,-1.4729,0.83946,0.30549,-0.43246,0.23207,-0.41118,-0.65345,-0.31438,-0.51453,-0.30644,-0.14739,-0.5194,0.61595,-0.12234,-0.18486,-0.15481,0.1254,-0.24957,0.03463,-0.16928,-0.055797,0.23356,-0.1001,0.18755,-0.022807,-0.016219,-1.5084,-0.59773,-0.51503,-1.077,-0.74087,0.27126,0.10528,0.29113,1.0195,0.047095,-0.28565,-0.29702,0.023729,0.36353,0.082382,-0.33705,-0.17795,-0.35397,-0.35625,-0.1063,-0.56164,0.12606,-0.069437,0.16324,0.13541,-0.017663,-0.042302,0.010888,-0.024327,-0.10555,-4.2835,0.21618,0.49588,0.27531,-0.77492,0.57911,-0.56266,0.29829,-0.99982,-0.79931,0.26426,0.71938,-0.51577,0.017188,0.15705,0.34134,-0.026574,0.040391,-0.42427,0.42459,-0.097193,0.21373,-0.45368,-0.2872,0.0064601,0.42269,0.10654,-0.24106,0.10353,-0.28967,-1.1216,0.43276,0.90362,0.53785,-0.36499,-0.16536,0.027014,-0.46649,0.39526,-0.50449,-0.11435,-0.16711,0.3961,0.088803,0.026991,-0.50191,-0.018365,0.15907,0.18398,-0.10709,-0.24535,-0.15092,-0.13302,0.23551,0.048265,-0.071693,0.22827,-0.25238,-0.40643,0.015593,-3.7096,0.17098,-0.25009,1.506,-1.1884,0.31471,1.2146,-0.34108,-0.17053,-0.024509,-0.73995,0.56598,0.047049,-0.48782,-0.45736,-0.42717,-0.25841,-0.33497,-0.57604,-0.20291,0.16096,-0.045488,0.085765,0.27083,0.32926,0.23149,0.055006,0.031765,-0.063942,0.092096
-0.044054,-0.11217,0.0042608,0.364,0.50953,0.27198,0.079447,0.095932,0.09956,0.077494,0.047472,0.020521,0.052144,0.090837,0.060885,0.029282,0.06269,0.098255,0.002571,-0.1389,-0.17696,-0.056625,0.13566,0.19815,0.062478,-0.089581,-0.1438,-0.14927,-0.090199,0.078235,0.18233,0.14363,0.065412,-0.15646,-0.40693,-0.32328,-0.15211,-0.087911,-0.10575,-0.11474,-0.13522,-0.091239,-0.050008,-0.0739,-0.13107,-0.15485,-0.23317,-0.23692,0.0097805,0.23219,0.26673,0.18533,0.15361,0.0059373,-0.16807,-0.15577,-0.13545,-0.14261,-0.10034,-0.058824,-0.030028,-0.039185,-0.08862,-0.10376,-0.076117,-0.076283,-0.038351,-0.090128,-0.15365,-0.1009,-0.075766,0.009777,0.10175,0.16902,0.18558,0.21599,0.18717,0.15121,0.19538,0.23073,0.20598,0.1653,0.11452,0.087458,0.097255,0.10777,0.089664,0.079383,0.080968,0.051018,0.027343,0.035492,0.048918,0.0083684,-0.009143,0.042242,0.057901,-0.69135,-0.50076,0.53756,0.52866,0.14702,-0.20434,-0.32156,-0.33382,-0.22896,-0.0195,-0.012441,-0.055941,-0.087652,-0.10531,-0.098416,-0.062882,-0.041028,-0.076154,-0.015709,0.07455,0.037236,-0.1378,-0.36918,-0.35172,0.090142,0.35905,0.31847,0.21051,0.13118,0.10115,0.10676,0.13453,0.077871,-0.089477,0.047874,0.11328,0.15872,0.24088,0.2208,0.089865,-0.03446,-0.01864,-0.006301,0.044386,0.076601,0.059529,0.005486,-0.066204,-0.24537,-0.3524,-0.25317,-0.050447,0.14905,0.16599,-0.17984,-0.30314,0.011392,0.20853,0.24829,0.17673,0.09192,0.090893,0.072781,0.058351,-0.021283,-0.1307,-0.097274,0.09142,0.239,0.15658,-0.054614,-0.042083,0.01045,-0.010583,0.021871,-0.12729,-0.24025,-0.21134,-0.17571,-0.15148,-0.049668,0.041197,0.02942,0.016822,-0.017802,-0.059923,-0.03264,0.0068281,-0.02865,-0.012418,0.0077202,-0.018152,0.0070861,0.034831,0.020134,-0.007217,0.082693,0.16154,0.16169,0.12328,-0.50558,-0.10821,0.67794,0.022776,-2.5517,-0.54281,0.088122,0.61963,-0.30414,0.31765,-0.61638,-0.9227,0.89544,0.2773,-0.18124,0.55695,0.1219,-0.096503,-0.23025,0.020917,0.20413,-0.24413,-0.336,0.41639,-0.259,0.41407,-0.018721,-0.20348,-0.22888,-0.18145,0.052208,0.01006,-0.22952,0.054733,0.10089,1.8482,-0.24063,-1.1521,0.099321,-0.46083,0.13635,-0.22471,0.10877,-0.072584,-0.1481,-0.90743,-0.028918,-0.17152,-0.30223,0.16942,0.065303,-0.55856,0.15273,-0.027475,-0.19866,0.26255,0.33197,-0.37717,0.092731,0.2046,0.19323,-0.0017875,-0.076297,0.79056,1.6472,-0.65998,-0.50757,0.19274,-0.60948,0.09664,-0.8299,-0.10595,0.56726,-0.97952,-0.45041,0.059524,-0.12613,-0.11175,-0.26181,0.048694,0.084604,-0.39712,0.027403,-0.16466,-0.28535,-0.18047,-0.50485,0.11054,-0.23815,0.083118,-0.26515,-0.080226,-0.25641,-1.0438,1.0332,-1.6035,-0.19493,1.0643,0.22554,0.13015,0.33847,-0.13497,-0.80106,0.24427,0.13951,0.018887,-0.028158,0.31125,0.11847,-0.042427,0.035196,-0.72895,0.50639,-0.14067,0.41931,0.31384,0.18649,0.10023,0.40219,0.29407,-0.2139,0.35044,0.18954,1.241,-0.51066,-1.3143,0.60257,0.028265,0.31437,0.48179,0.44996,0.42287,-0.12438,-0.077528,-0.062254,-0.32531,-0.18102,-0.13947,0.11334,-0.44467,-0.076558,0.35507,0.066359,0.15427,0.11725,-0.18202,0.13094,-0.21568,-0.071247,-0.14851,-0.10661,0.21162,-0.021918,-0.9933,1.1775,1.6811,-0.6719,-0.24255,-0.53722,0.29305,0.062471,-0.25265,0.03561,-0.27626,-0.06359,0.35011,0.19846,-0.54839,0.056431,0.17875,-0.51134,-0.48726,0.089262,0.77362,-0.36343,-0.1639,0.27819,-0.22338,0.12749,-0.41367,-0.47907,-0.22529,-0.018683
-0.20738,-0.20868,-0.2127,-0.093976,0.045943,0.1121,0.099022,0.092053,0.10793,0.10527,0.079783,0.076584,0.10797,0.13474,0.14505,0.12329,0.061162,0.0062083,-0.00025114,0.022409,0.0099447,-0.69119,-0.69453,0.26234,0.29939,0.2257,0.12403,0.021905,-0.026821,0.031922,0.11834,0.19816,0.26233,0.18338,0.17053,0.20105,0.17806,0.054181,-0.057708,-0.093311,-0.083858,-0.050555,-0.037086,-0.048697,-0.1589,-0.24161,-0.15135,-0.0051727,0.11371,0.14789,0.11353,0.10771,0.13448,0.13076,0.036121,-0.025768,-0.026436,-0.00099245,0.076947,0.084553,-0.015842,-0.085269,-0.023302,0.050752,0.014773,-0.024191,-0.016114,-0.0042261,-0.058211,-0.11251,-0.1391,-0.25117,-0.30022,-0.32209,-0.31145,-0.30687,-0.29333,-0.23091,-0.17675,-0.15721,-0.13022,-0.061073,0.082278,0.18439,0.1644,0.10162,0.017554,-0.013681,0.019076,0.075442,0.12612,0.13487,-0.0072159,-0.133,-0.13453,-0.091837,-0.060802,-0.10721,-0.035289,0.06607,-0.1141,-0.068606,-0.015212,-0.053456,-0.1229,-0.16131,-0.045547,0.1289,0.083999,0.032952,0.056038,0.14297,0.20083,0.225,0.20829,0.16686,0.10698,0.057029,0.05097,0.066932,0.053287,-0.84279,-0.85747,0.067361,0.0043914,-0.058718,-0.096652,-0.10782,-0.042502,0.020588,0.0058879,0.29755,0.4194,0.15433,-0.083261,-0.067755,0.029073,0.087873,0.14702,0.21502,0.23277,0.18089,0.051072,-0.27879,-0.53682,-0.50946,-0.29232,-0.068977,0.061337,0.077022,0.028442,-0.0098998,-0.044681,-0.045126,0.05636,0.14804,0.10986,-0.03372,-0.20124,-0.33906,-0.4591,-0.48744,-0.37352,-0.18401,-0.034649,-0.0034258,-0.013221,0.083182,0.11902,0.12772,0.061972,-0.0064209,0.029525,0.048083,0.061445,0.088434,0.13538,0.17235,0.1779,0.17279,0.15108,0.03196,-0.072247,-0.092966,-0.099751,-0.054682,0.025055,0.10203,0.2064,0.31539,0.35444,0.28844,0.19353,0.082476,-0.0029887,0.0084038,0.024849,-0.019337,0.061364,0.1901,0.63401,-2.2217,-1.5722,0.16432,-0.019447,-1.7389,0.81647,-0.19585,0.66805,0.60919,0.8392,-0.1881,0.25909,0.17616,0.28321,-0.082838,-0.14334,0.16489,-0.065094,0.019246,-0.10583,0.32351,-0.34349,-0.25622,-0.38528,-0.15835,-0.522,0.14918,0.28486,0.096427,2.6467,1.1373,0.49782,-0.44219,-1.2695,0.65794,-0.1784,0.99045,-1.3393,0.22285,0.62304,-0.2712,-0.45918,-0.29991,-0.31893,0.37671,0.3702,0.39827,-0.10928,-0.71316,0.38802,0.34389,0.28937,0.3923,0.11248,0.076699,-0.39728,-0.20325,0.018882,0.11544,1.1097,0.16913,1.3231,-0.0038588,0.53222,-0.42225,-1.2312,0.14646,-0.011334,0.27352,-0.29923,-0.50715,0.34079,0.15765,-0.41213,-0.48552,0.29504,-0.49567,-0.32016,-0.093506,-0.47468,-0.33172,-0.046452,0.36472,-0.10226,0.21435,0.085928,0.2149,-0.11943,0.14201,-0.83966,2.1117,-0.13737,-0.57213,-0.1711,0.80712,0.76555,-1.0496,0.093905,0.077485,0.44043,-0.089727,0.1222,0.06971,-0.10427,0.032036,-0.13478,0.34018,0.03228,0.34393,0.18657,0.50926,0.71244,-0.38964,-0.14804,0.30978,-0.30791,-0.60058,0.16812,-0.36427,1.9163,-1.126,0.3029,-0.71637,-0.32615,1.3928,-1.0814,-0.036758,0.53926,-0.57375,0.0068882,-0.53011,-0.055569,0.039455,-0.20042,0.13106,-0.094243,-0.042005,-0.36577,0.64069,0.11268,0.11531,0.10119,0.71532,-0.044831,0.090542,0.38855,-0.10213,-0.21207,0.067034,-0.38551,1.9736,-0.19415,0.13606,0.54346,-1.4213,-0.22128,-0.60548,0.4739,-0.31009,0.13652,-0.4521,-0.048221,0.35767,-0.83542,0.28464,-0.018526,0.45572,-0.80588,-0.71498,-0.19102,-0.63271,-0.12805,-0.166,-0.26239,0.10854,0.38081,-0.06278,-0.37176,0.17668
-0.027054,-0.13038,-0.066982,-0.14702,-0.074417,0.11107,0.17317,0.15455,0.16963,0.14642,0.11403,0.10128,0.076798,0.062528,0.056536,0.0032909,-0.038459,-0.046913,-0.056328,-0.073777,-0.13259,-0.15232,-0.055646,0.20409,0.3427,0.34487,0.19127,0.080606,0.10412,0.1686,0.28118,-0.10352,-0.22948,0.11951,0.091253,0.08789,0.037902,-0.025921,-0.049931,-0.052327,-0.061006,-0.061093,-0.074861,-0.030744,-0.02477,-0.078893,-0.072404,-0.025742,-0.0013711,0.017774,0.047819,0.053025,0.11312,0.20242,0.20578,0.14093,0.016555,-0.066495,-0.072225,-0.062907,-0.063832,-0.056291,0.026824,0.10759,0.080353,0.0047348,-0.033124,0.033923,-0.043151,-0.12562,-0.11304,-0.19208,-0.21714,-0.20894,-0.14914,-0.085858,-0.078616,-0.095445,-0.1034,-0.084721,-0.011191,0.092713,0.16916,0.18587,0.14767,0.11757,0.079021,0.058364,0.060332,0.062936,0.065287,0.030052,0.03058,0.081359,0.11101,0.1258,0.10427,-0.8585,-0.54408,1.1286,0.91803,0.37569,-0.096535,-0.1162,-0.15743,-0.2477,-0.3328,-0.19501,0.011601,0.0027626,0.029104,0.0092717,0.031978,0.076112,0.065203,0.25105,0.39605,0.38731,0.38382,0.33047,-1.5839,-1.6331,0.27808,0.38819,0.32298,0.25638,0.29894,0.36088,0.33687,0.30781,0.17932,-0.9663,-0.96293,-0.17383,-0.10224,-0.11187,-0.034637,0.026416,0.040924,0.030506,0.028541,-0.0246,-0.04224,-0.11593,-0.18521,-0.14749,-0.043972,0.054923,0.082659,0.00042111,-0.080163,-0.15313,-0.32291,-0.45028,-0.43227,-0.30866,-0.15341,-0.054558,0.012809,-0.034835,-0.081096,-0.036159,0.032476,0.16264,0.31517,0.38517,0.34843,0.18705,-0.031838,-0.0060202,-0.040266,-0.10377,-0.074175,-0.061433,-0.054052,-0.041846,-0.0091659,0.038056,0.059934,0.051782,0.010199,0.010456,0.0034119,-0.061041,-0.062477,-0.064357,-0.02079,0.02433,0.023874,0.055758,0.047227,0.12084,0.19762,0.15564,0.09782,0.06653,-0.0024754,-1.1391,-0.24081,1.0393,3.0776,-0.18413,-1.2818,-0.70327,1.24,0.84719,0.56571,0.0090249,-0.48072,0.43624,0.14821,0.17499,-0.064906,0.32987,0.038032,0.23508,0.55106,-0.015119,-0.1681,-0.26445,0.15368,-0.46235,0.05624,0.17211,-0.18304,0.021491,-0.27506,0.34187,0.21406,-0.20377,-0.68972,0.36764,-0.33924,-0.57062,-1.1644,0.86894,0.70269,-0.53581,0.86637,-1.0444,0.85876,-0.11932,-0.57642,-0.7795,-0.11545,0.35937,0.4587,-0.030211,-0.48853,0.049292,-0.047053,-0.47341,-0.44079,-0.22081,-0.5014,0.52458,0.16951,0.28592,-0.26982,-0.010333,-0.8306,-0.90844,0.46645,-0.38072,-0.82614,0.10672,0.31738,-0.2424,1.1276,-0.34897,-0.77067,-0.15931,-0.10538,0.1898,0.1621,0.46107,-0.32792,-0.43845,-0.41249,0.094998,-0.26559,-0.2809,-0.13357,-0.050078,0.23564,-0.0049816,0.01255,-0.0091621,0.11113,-0.27838,-1.9451,1.0693,0.50551,0.076262,0.84,0.6291,-0.64296,1.1021,-0.98565,-0.065015,0.78344,0.23785,0.23389,-0.21108,0.1912,0.92083,0.85945,-0.085282,-0.35271,1.0098,0.19707,-0.021933,0.07822,0.27781,0.50992,0.63179,0.45379,0.068289,-0.011292,-0.33859,-0.60659,0.27106,1.233,-0.17375,-0.78328,-0.1746,0.74854,-0.14871,0.25881,-0.12268,-0.24101,-0.032004,-0.20784,-0.015187,-0.05236,-0.15258,0.16355,0.036159,0.48531,-0.2571,-0.29421,-0.06443,-0.082742,0.046183,-0.089868,0.0099512,0.29599,-0.0080992,-0.13893,-0.17155,-2.2108,0.86202,-0.85289,-1.2089,-0.30278,0.018322,-0.93533,0.022682,0.048431,1.3582,-0.2654,-0.25189,0.42162,-0.21636,-0.89251,0.55979,-0.077814,0.89998,0.041141,-0.04489,0.26661,-0.86551,-0.61365,0.0041582,0.13985,0.042381,0.15099,-0.21194,-0.42387,0.080232
-0.098145,-0.061078,-0.14544,-0.10595,0.040734,0.071614,0.04471,0.057111,0.053661,0.034082,0.076375,0.14397,0.15805,0.17166,0.14873,0.054784,0.0017307,0.067777,0.16572,0.24029,-0.36486,-0.51145,0.020071,0.34196,0.51432,0.39798,0.044803,-0.25785,-0.37647,-0.2488,0.13698,0.28832,0.21,0.040607,0.035716,0.027732,0.012622,0.039319,0.056398,0.016782,-0.0084112,-0.03135,-0.051708,0.062492,0.12193,0.094968,0.12705,0.046333,-0.057409,-0.049014,-0.070168,-0.080168,-0.082486,-0.10521,-0.1567,-0.18733,-0.15453,-0.1038,-0.045106,0.0045162,0.022443,-0.0017429,-0.050135,-0.09449,-0.091235,-0.0080488,0.02449,0.00075179,0.071189,0.10893,0.10405,0.1264,0.081095,0.036834,-0.0018445,-0.015517,0.0030305,0.055674,0.08457,0.067025,0.03875,0.032655,0.033577,0.045627,0.06696,0.074472,0.052778,0.040339,0.042523,0.0083513,0.00825,0.073749,0.13787,0.18126,0.10589,0.046104,0.0037501,-0.67068,-0.58207,0.54602,-0.37007,-0.25691,-0.094514,-0.10263,-0.16986,-0.076231,0.053374,0.0179,-0.005626,-0.012988,0.033933,0.086288,0.11386,0.15308,0.10946,0.080501,0.10048,0.14412,0.18439,0.14459,-1.1306,-1.0271,0.26987,0.38679,0.30384,0.24076,0.30673,0.36398,0.3827,0.32954,0.10468,0.056666,0.035441,-0.075044,-0.16363,-0.1025,-0.06062,-0.064245,-0.089708,-0.056232,-0.053482,-0.056436,-0.03465,-0.18718,-0.31556,-0.23149,-0.085576,0.015524,0.076738,0.087095,0.075251,0.026068,-0.0014346,0.081515,0.12326,0.10981,0.14872,0.17523,0.14925,0.070619,-0.029221,-0.1059,-0.18185,-0.26748,-0.33841,-0.34792,-0.24666,-0.12981,0.0013735,0.014477,-0.0088776,0.0084823,-0.020429,-0.034298,-0.013139,0.016371,-0.027084,-0.02892,0.026682,0.02952,0.0252,-0.0079637,-0.060072,-0.048346,-0.014387,-0.044791,-0.018042,0.019957,0.013492,0.093971,0.20451,0.25985,0.26142,0.19,0.23229,0.30608,0.16931,-1.5937,-1.2535,0.68925,-0.02552,-2.6183,-0.72103,1.4523,0.69766,-0.67721,-0.29686,0.19424,0.61261,0.26736,0.47425,0.53192,1.5094,0.18907,0.73203,0.67669,0.24061,0.55089,0.39616,-0.2437,-0.29639,0.19759,-0.026391,0.40975,0.16097,-0.2043,0.16616,-0.44608,-0.23447,0.32613,-0.84838,0.95702,1.0669,0.12187,-1.8732,-0.79374,0.043298,0.15198,-0.21187,-0.21662,-0.39961,0.027714,-0.30251,-0.50382,-0.21951,-0.1709,-0.18134,0.386,-0.5036,-0.26067,-0.12499,0.21908,0.34109,-0.2298,0.14751,0.36021,0.041407,0.11149,0.021273,-0.00010592,-0.72105,0.57504,0.44788,0.1349,0.23303,0.52698,0.1105,-0.057729,0.21966,-0.081797,-0.4164,0.15384,0.28577,-0.6663,0.047078,-0.46237,0.087661,-0.30019,0.2503,-0.24142,-0.26881,0.33081,0.11062,-0.36771,-0.016084,0.05271,0.14892,-0.2444,-0.30514,0.098441,-2.4728,1.2443,-1.2699,-0.3676,1.8827,-0.75705,0.5248,0.19498,-0.34155,0.075687,0.27298,-0.43776,0.022011,0.9063,0.24303,-0.052565,-0.029451,0.17073,0.22064,-0.20213,0.48175,-0.15265,-0.092699,-0.077115,0.30361,0.37631,-0.15278,-0.48192,0.2323,0.014735,-0.11945,-0.52622,-0.44081,-0.039767,0.68418,0.17109,0.33248,-0.092818,-0.26225,-0.16686,0.082362,0.070196,0.26059,0.092408,0.2161,0.02851,-0.41212,0.4991,-0.35061,0.087156,0.064301,-0.075253,0.093409,-0.054945,-0.30329,0.30061,-0.020135,0.13615,-0.054551,-0.073916,-0.68437,1.234,1.1349,-1.3948,-0.26395,-0.12266,1.8009,0.40059,-0.067751,1.1709,1.2998,-0.59781,0.15556,0.62999,0.47861,-0.41893,-0.013065,0.65802,-0.63428,-0.37984,0.40479,0.20854,0.44879,0.25875,-0.079045,0.16255,0.061426,-0.12603,-0.53885,0.084676
0.56451,0.4477,0.17654,0.049604,0.011014,0.048402,0.12518,0.17892,0.17788,0.14648,0.13732,0.070444,0.02865,0.060372,0.091463,0.097989,0.053467,-0.036476,-0.069223,-0.067576,-0.50089,-0.51094,0.29696,0.35435,0.14766,-0.10609,-0.12946,0.0041628,0.085223,0.11531,0.17147,-0.13276,-0.32546,0.0053926,0.15325,0.060446,-0.056745,-0.13012,-0.10587,-0.090974,-0.12706,-0.13271,-0.12232,-0.12389,-0.03954,0.01734,0.023791,0.10894,0.14879,0.096371,0.052125,0.039476,0.071979,0.1284,0.15165,0.08436,-0.026527,-0.094659,-0.013108,0.090492,0.087132,0.071149,0.057431,0.05366,0.070607,0.067448,0.053027,0.061993,-0.035556,-0.204,-0.32595,-0.46163,-0.46774,-0.46266,-0.44369,-0.3552,-0.17335,-0.031585,-0.0032636,-0.0091555,0.011934,0.080697,0.15372,0.19085,0.17772,0.12163,0.094197,0.086562,0.10699,0.13981,0.17812,0.19858,0.054129,-0.096024,-0.14727,-0.17157,-0.26617,-0.2957,-0.37678,-0.50676,-0.67726,-0.36868,-0.029374,0.029542,0.031037,0.0034002,0.020799,0.06314,0.055099,0.1103,0.11471,0.15855,0.21659,0.24054,0.24442,0.21243,0.15401,0.11197,0.10618,0.070395,-1.3729,-1.1949,0.42637,0.37195,0.25457,0.207,0.24121,0.21012,0.17206,0.21956,0.25317,-0.73311,-1.1699,-0.93247,-0.011567,0.072712,0.15655,0.21622,0.22126,0.14254,0.10382,0.15409,0.13356,0.10515,-0.023,-0.19468,-0.18884,-0.026096,0.017835,-0.084057,-0.057947,0.033728,-0.14499,-0.34449,-0.38698,-0.26911,-0.052271,0.13852,0.15648,-0.0029614,-0.17675,-0.20821,-0.10468,0.022938,0.099139,0.13301,0.16495,0.19601,0.11578,0.072327,0.037287,-0.0050759,0.01409,0.013519,0.017609,0.023969,0.020354,0.020531,0.02409,0.022981,0.003585,-0.058317,-0.066588,-0.048172,-0.070724,-0.020516,0.02105,0.11515,0.19692,0.20844,0.22813,0.18563,0.24765,0.21931,0.071934,0.0071006,-0.15628,-0.279,-0.27527,-0.28251,1.6319,0.092627,-2.3478,-0.47716,2.3249,-0.010844,0.31486,-0.16576,0.006228,0.72711,0.26959,0.10929,0.11142,1.0553,0.022413,-0.38204,-0.13015,0.29205,-0.016386,-0.0037227,0.17507,-0.37192,0.26608,0.26897,-0.024453,0.0065261,0.0075822,0.313,0.20829,-0.24447,1.6136,0.39943,-0.10434,-2.1012,-0.29299,-0.36519,1.3991,-1.3226,1.181,1.169,-0.37069,0.28478,1.2275,0.78009,-1.5023,0.030868,0.16069,-0.37823,0.61376,-0.4577,0.10869,0.024812,-0.025256,-0.89468,-0.24258,-0.18532,0.019055,0.55868,0.48053,0.0781,0.93858,-0.80141,1.9586,-0.42486,0.58083,0.40071,0.80388,-0.02764,-0.30903,0.56893,-1.3816,-0.34817,-0.32536,0.44426,-0.63749,0.84069,-0.47685,-0.97433,-0.093156,0.35953,-0.37053,-0.24631,-0.20051,0.24912,0.23148,0.055489,-0.11768,-0.12657,-0.12317,-0.49777,-1.4176,2.4445,1.2628,-0.33647,-0.035267,-0.11594,0.7322,0.54744,-0.33539,0.15761,1.0938,-0.11594,0.39466,0.14085,-0.8772,0.21477,-0.55652,-0.15787,0.018405,0.27389,-0.2043,-0.076324,-0.060217,0.15027,0.44894,-0.043629,-0.56252,-0.43569,0.23012,-0.56155,0.97987,-0.61733,1.7998,-0.76136,-1.3575,0.28146,0.60669,-0.050743,0.6766,-0.013134,0.34164,0.21002,-0.5992,-0.76733,-0.36144,-0.34876,0.10745,-0.15378,0.01278,-0.1054,0.067747,-0.13088,-0.21094,0.12721,-0.15258,0.083853,0.42604,0.15976,-0.0073073,0.30471,-0.68021,2.2189,-1.4105,0.26957,-0.43533,0.34925,1.9167,0.32878,-0.011566,0.10287,-0.19145,0.029014,0.24188,0.53509,-0.77182,-0.92765,-0.34717,-0.22231,-0.010979,0.41578,0.15255,-0.040841,-0.19896,-0.35861,0.027402,0.056845,0.045832,-0.54846,-0.17307,-0.4831
0.34447,0.2785,0.09626,-0.090601,-0.2388,-0.22128,-0.10497,-0.042766,-0.074093,-0.13006,-0.16291,-0.086363,0.0050372,-0.012833,-0.054651,-0.11497,-0.14229,0.081657,0.48354,0.65185,0.56594,0.40875,0.24545,0.16869,0.10702,-0.002434,-0.061478,-0.096109,-0.11372,-0.096269,-0.25786,-0.36927,-0.32569,-0.3842,-0.16121,0.046844,0.081152,0.048145,-0.031314,-0.045266,-0.034517,-0.054623,-0.071297,-0.068478,-0.085611,-0.12833,-0.11904,-0.066142,-0.034802,-0.01823,0.076097,0.1511,0.20189,0.15484,0.071713,0.073278,0.083467,0.041659,-0.040146,-0.062689,-0.034699,-0.010459,0.001471,-0.0068272,-0.10214,-0.20135,-0.22145,-0.25018,-0.17473,-0.045238,-0.098432,-0.14934,0.022702,0.16495,0.12162,0.11807,0.26276,1.1681,1.1775,-0.0057428,-0.049001,0.0018477,-0.029247,-0.06811,-0.070898,-0.044305,-0.018436,-0.011609,-0.0088558,0.0094562,0.054682,0.11982,-0.013481,-0.22249,-0.28549,-0.26297,-0.18853,-0.041492,0.13841,0.19682,-0.1679,0.048498,0.23704,0.06415,-0.054195,-0.055882,-0.11378,-0.15291,-0.1325,-0.060703,-0.046451,-0.067857,-0.043501,-0.032883,-0.073113,-0.14698,-0.16796,0.11658,0.37027,0.45029,0.49141,0.46312,0.38354,0.29142,0.20036,0.13466,0.12576,0.14278,0.16807,0.19165,0.23967,0.5968,0.74815,0.36473,-0.018142,-0.17932,-0.25412,-0.24715,-0.16576,-0.080395,-0.033866,-0.019955,-0.022247,-0.036734,-0.03742,0.0010939,0.086422,0.17968,0.21083,0.14557,0.13416,0.050409,-0.10219,-0.066888,0.024831,0.043049,0.070189,0.091219,0.10741,0.15944,0.20078,0.20351,0.16541,0.071187,-0.093644,-0.33304,-0.51121,-0.48483,-0.24459,-0.16627,-0.24253,-0.24661,-0.23995,-0.22,-0.20207,-0.24633,-0.27916,-0.41308,-0.31297,0.051552,0.069057,0.057935,0.044841,0.063144,0.067243,0.018416,-0.026137,0.0021562,0.069468,0.13504,0.19832,0.23547,0.13025,-0.14378,-0.31338,-0.26388,-0.16702,-0.098017,0.011622,0.10887,-0.47905,-2.2756,1.276,-0.16406,0.96596,-0.34499,0.69218,1.3999,-0.38691,0.35034,0.27112,-0.068482,0.34881,0.6578,0.41982,-0.37892,-0.048001,0.13328,-0.36996,-0.30056,-0.12863,-0.3554,-0.025275,0.073171,0.76397,-0.095189,-0.25555,0.11447,0.12212,-0.33459,1.0359,-1.1645,2.8273,-0.6254,-1.9879,-0.35074,0.67073,-1.4736,-0.9774,0.13596,-0.049702,0.2642,-0.26536,-0.054868,-0.020115,-0.58706,-0.40625,-0.27507,0.13549,-0.24884,-0.33714,-0.30945,-0.24914,0.39664,-0.05826,0.042461,-0.84119,-0.4116,0.12263,-0.10699,2.1716,1.7449,-1.1154,1.083,0.13699,-0.8696,1.2246,0.44958,0.15257,0.01823,-0.17725,-0.34731,0.53272,0.38068,-0.55228,0.056983,0.001519,0.16233,0.18905,1.1032,-0.18018,0.28863,0.29128,0.13514,0.14461,-0.063789,-0.42872,-0.099357,0.21075,-0.32752,-0.11751,0.43809,-2.2337,-0.81541,-0.63653,-1.2815,-0.64783,-0.071029,-0.44994,-0.17301,0.38181,-0.11446,-0.12342,0.15968,-0.60304,-0.18221,-0.24422,0.19345,-0.45033,0.040913,-0.30831,0.032859,-0.23085,0.095976,0.67008,-0.070872,-0.22987,-0.04401,0.053027,0.025572,2.1904,1.0777,-2.2038,-1.3323,-1.0758,-0.51404,-0.8224,-1.1674,0.25745,-0.39475,-0.089823,-0.17493,-0.026688,-0.24152,-0.26264,0.36721,0.75783,0.052319,-0.12166,-0.51763,0.24316,0.43432,0.33921,-0.24952,0.27498,0.00056458,0.15222,-0.56294,-0.047691,0.062384,0.24721,0.67352,2.0138,0.44071,0.66879,1.3351,-0.20524,-0.64628,0.5226,0.28662,0.27042,-0.2018,0.20876,0.074981,-0.57109,-0.14028,-0.15264,-0.45917,0.53945,-0.27755,0.15985,-0.10139,0.03301,-0.27976,0.16807,-0.10179,-0.36979,-0.010177,-0.18731,0.0027136
-0.104,-0.15328,-0.0068079,0.019123,0.14909,0.1977,0.15593,0.12911,0.10953,0.071302,0.091428,0.13637,0.13608,0.1404,0.12946,0.10419,0.071662,0.045829,-0.09505,-0.29968,-0.37815,-0.22008,0.11874,0.17051,0.039908,-0.14199,-0.31835,-0.42596,-0.31194,-0.011923,0.24871,0.21814,0.12034,0.040302,-0.10653,-0.17789,-0.14628,-0.058657,-0.0011664,0.019728,0.035077,0.034927,0.11418,0.14777,0.14568,0.060422,-0.075917,-0.0903,-0.1069,-0.14458,-0.18022,-0.17465,-0.21293,-0.080097,-0.011151,0.0087573,-0.052328,-0.16575,-0.15706,-0.13616,-0.12044,-0.084305,-0.074813,-0.086889,-0.072392,-0.04971,-0.052713,-0.0071516,0.058787,-0.0076738,-0.029073,0.05241,0.12007,0.13743,0.11785,0.09174,0.075929,0.082275,0.088841,0.09316,0.10276,0.13321,0.15715,0.16458,0.16701,0.14271,0.10156,0.092392,0.099358,0.12025,0.14332,0.16516,0.1557,-0.045262,-0.18752,-0.11798,-0.087502,-0.52335,-0.46619,0.60259,0.844,0.14334,-0.28172,-0.23561,-0.22773,-0.27732,-0.18732,-0.020792,-0.021365,0.0066749,0.048023,0.04726,0.015005,0.039484,0.03052,0.038912,0.04529,0.025354,-0.097491,-0.69851,-0.71709,0.043753,0.39459,0.36501,0.2622,0.17228,0.10179,0.078963,0.1532,0.14034,-0.095776,-0.080617,-0.089985,-0.054688,0.14052,0.22556,0.23796,0.18949,0.1373,0.096099,0.026106,-0.061619,-0.29924,-0.46118,-0.34372,-0.083096,0.043683,0.045872,0.0241,-0.036795,-0.094316,0.30865,0.45,0.32279,0.31836,0.37171,0.18194,-0.060195,-0.004741,0.0038339,0.039589,-0.019074,-0.11677,-0.14035,-0.13659,-0.03503,0.032646,0.077413,0.0040266,-0.14627,-0.14043,-0.11993,-0.10595,-0.084959,-0.10849,-0.12492,-0.096501,-0.030197,0.022497,0.017136,-0.00062404,-0.054235,-0.13195,-0.10659,-0.033272,-0.019131,0.050832,0.077107,0.12948,0.17429,0.17379,0.15671,0.067983,0.029101,0.033686,0.079506,0.019367,-1.7052,-1.025,0.90958,1.0274,-2.0173,-1.299,1.3948,1.6219,-0.41662,-0.55611,-0.10515,0.60626,0.429,0.72346,-0.10061,0.57727,0.55663,0.29189,-0.40837,0.13784,0.50422,0.29096,-0.23045,0.32586,0.71929,0.24097,0.22942,0.24456,-0.35902,0.095534,-0.41869,0.3265,0.079238,-0.74027,0.446,1.1329,0.016999,-0.67624,0.10769,-0.5238,-0.24966,-0.41333,0.1757,-0.6199,0.44866,-0.18283,0.091587,-0.77341,-0.20378,-0.078686,0.45227,-0.60674,-0.014362,0.18511,0.20238,0.055085,-0.18771,0.18706,0.51725,0.07181,0.19706,0.070675,-0.065234,-0.56584,1.4727,-0.43176,-1.016,0.15549,0.72909,-0.23871,0.30561,0.64303,0.017844,-0.35668,-0.49227,-0.1491,-0.4217,-0.30514,-0.032092,0.091163,-0.2837,0.46119,-0.23339,-0.4079,0.051198,0.10179,0.10501,-0.11258,0.043938,0.14479,0.011866,0.0070863,0.00021415,-1.8097,1.0662,-1.914,0.77225,2.0614,-0.11877,-0.10787,0.22373,-0.48495,-0.25177,0.57692,-0.49356,0.0012692,0.097666,0.31972,-0.027537,0.21903,-0.068545,-0.28619,-0.075539,-0.31385,-0.44405,-0.31552,-0.12472,0.36697,-0.036733,-0.50381,-0.19933,0.064109,0.10643,0.20709,-0.41215,-0.67931,0.63065,-0.094608,0.001815,0.19505,0.068951,0.4542,0.46989,0.14136,-0.15944,0.0033997,0.0023544,-0.014184,0.12185,-0.53018,-0.26424,-0.46423,0.22798,0.31796,0.24793,-0.082081,0.24921,-0.08876,0.083371,0.18422,-0.036144,-0.16107,0.042746,-2.0213,1.1858,1.605,-1.3302,-1.0877,-0.21218,0.30325,0.00091361,0.46932,0.9712,0.28707,-0.53827,-0.026051,0.091102,-0.35494,0.21799,0.75766,-0.23111,-0.42533,0.15345,0.37501,0.38517,0.22796,-0.095283,0.020527,0.2112,0.29867,0.079956,-0.18736,-0.22965
0.099917,0.0057555,0.053686,0.15192,0.29168,0.1907,0.068804,0.048539,0.0086756,-0.047099,-0.089361,-0.063414,-0.026628,-0.029034,-0.01586,-0.0045487,-0.0019391,0.064824,0.17478,0.2487,0.28274,0.25589,0.16478,-0.00010033,-0.13255,-0.21116,-0.27608,-0.24239,-0.07942,0.12414,0.28429,0.06308,-0.39254,-0.23628,-0.18207,-0.066718,-0.011907,-0.0031996,-0.015605,-0.053735,-0.054683,-0.046853,-0.061835,-0.098683,-0.174,-0.22381,-0.015445,0.23716,0.28732,0.22214,0.13028,0.066939,-0.03243,-0.062343,-0.086887,-0.089131,-0.10159,-0.10318,-0.072142,-0.044697,-0.073766,-0.11535,-0.10589,-0.098665,-0.090431,-0.078609,-0.080268,-0.11464,-0.16327,-0.12988,-0.068169,0.087104,0.28784,0.35979,0.30234,0.21181,0.1465,0.1211,0.14719,0.15174,0.12883,0.08697,0.056004,0.062674,0.074192,0.052188,0.0573,0.090219,0.094612,0.095066,0.09814,0.122,0.16598,0.18736,0.11939,0.055862,-0.01524,-0.31696,-0.55003,-0.26572,0.8071,0.24878,-0.13412,-0.19291,-0.21818,-0.17597,-0.11991,-0.15677,-0.15305,-0.10745,-0.054617,-0.04042,-0.04397,-0.0067912,0.060839,0.098402,0.10797,0.14987,0.21253,0.26276,0.29524,0.27624,0.20087,0.21743,0.2379,0.17947,0.11624,0.10087,0.15314,0.15514,-0.032744,-0.37382,-0.53422,-0.10294,0.44869,0.24684,-0.04747,-0.071377,-0.083582,-0.045014,-0.013755,0.0031929,0.036272,-0.039134,-0.12388,-0.080659,0.046708,0.22564,0.28503,0.14946,0.024959,0.1458,0.25887,0.2356,0.24523,0.27402,0.18386,0.039855,0.051097,0.063739,0.055237,0.06316,0.078689,0.07335,0.027211,-0.093456,-0.20748,-0.24225,-0.17677,-0.066821,-0.13301,-0.26005,-0.26856,-0.23209,-0.21929,-0.21139,-0.10208,0.016746,0.017985,0.016985,0.011877,-0.016453,-0.038139,-0.061535,-0.093275,-0.087862,-0.025294,0.0014479,-0.047123,-0.035306,-0.023937,0.070187,0.13311,0.052385,0.17078,0.28483,0.13918,-1.861,-1.4075,0.54554,1.0684,-2.6527,-0.57694,1.0636,1.0593,0.96641,0.30334,0.58453,-0.27913,0.34467,-0.13808,-0.061349,-0.13653,0.92341,0.59717,-0.11748,0.15547,0.12165,0.44475,0.58535,0.1416,-0.84903,0.26152,0.31604,0.005475,-0.15181,0.18569,0.35761,0.068124,0.4029,-0.04185,0.33086,1.5219,0.21746,0.17489,0.34232,-0.53536,-0.80293,0.17663,-0.016136,0.086593,0.49652,-0.26584,0.25285,0.11953,0.023531,0.49461,0.15433,0.28734,0.0067416,-0.24961,-0.088226,0.23949,-0.33021,0.11416,0.59267,-0.15886,0.15922,0.21628,-0.11364,0.19725,1.7004,-0.62421,-1.4402,-0.034444,1.2454,0.2152,-1.1142,0.67606,0.0094896,0.2983,0.30591,-0.10139,-0.32917,-0.12454,0.096511,-0.39872,-0.40147,0.43099,0.14087,0.31707,0.066959,-0.67813,-0.25527,0.14717,0.27734,-0.065332,0.03845,0.076674,-0.12525,-2.3571,0.54418,-1.8231,1.3564,-0.13764,0.27141,-0.51596,1.161,-0.3351,-0.0017553,0.173,0.44351,0.036146,-0.0093905,-0.25315,-0.51079,-0.39557,-0.16135,-0.76196,-0.19511,0.79659,-0.56341,0.081171,0.12173,-0.10071,0.056939,-0.16929,0.49778,0.073695,-0.25389,0.82966,-0.57618,-1.1656,1.1625,0.081525,-0.85256,0.98321,0.007149,-0.15947,0.26047,0.31,0.59258,0.080934,-0.15498,0.27396,-0.30524,0.15897,-0.35263,-0.29094,-0.022634,0.16986,-0.17213,-0.33636,-0.066626,0.037749,0.20742,0.06148,-0.14097,0.1116,-0.061458,-1.5266,1.2341,1.7331,-1.7367,-0.96392,0.3866,-0.44948,0.03828,0.18443,0.92499,-0.029453,0.14205,0.4002,-0.0039085,-0.013411,-0.28664,0.20422,-0.40155,0.35159,-0.16178,0.11608,0.05923,-0.72756,0.020402,-0.21414,-0.0004319,0.41846,-0.1712,-0.12288,0.25076
0.50788,0.14488,0.14113,0.2916,0.34752,0.20932,0.094678,0.08112,0.078097,0.052632,0.027126,0.057914,0.10431,0.10008,0.081686,0.069248,0.070229,0.08329,0.097442,-0.22935,-0.44954,-0.31156,0.10179,0.23215,0.23171,0.20847,0.13308,0.0011005,-0.057596,0.015348,0.15594,0.057881,0.039066,0.06331,-0.15012,-0.13049,-0.07057,-0.024309,-0.043994,-0.082071,-0.09505,-0.10491,-0.045255,-0.0205,-0.11078,-0.20692,-0.21991,-0.022469,0.15511,0.18255,0.17223,0.18147,0.14967,0.023237,-0.034605,-0.086041,-0.115,-0.10004,-0.095841,-0.10755,-0.088424,-0.067338,-0.066925,-0.077416,-0.069073,-0.067974,-0.099757,-0.095043,-0.086098,-0.071381,-0.044013,0.010347,0.059801,0.044669,0.014803,0.01973,0.073486,0.10355,0.049571,0.0047704,0.069318,0.15056,0.17298,0.1634,0.12965,0.11865,0.11479,0.10354,0.10452,0.10599,0.11237,0.12766,0.16868,0.20944,0.16163,0.072414,-0.023046,-0.95112,-0.81282,0.59313,1.3464,-0.12659,-0.4324,-0.18299,-0.20006,-0.21769,-0.11569,0.011488,-0.005692,0.002678,0.0059114,0.0051958,0.018708,0.025106,0.10532,0.15351,0.13756,0.12515,0.078685,-0.36765,-0.63573,-0.11092,0.34895,0.3515,0.26622,0.20303,0.24144,0.29886,0.25199,0.19004,-0.019539,-0.3685,-0.32262,0.055218,0.25451,0.16334,0.11882,0.024022,-0.027829,0.023227,0.040401,0.069055,0.025595,-0.083244,-0.17957,-0.1967,-0.10074,0.0079536,0.066115,0.1437,0.18771,-0.012041,-0.21384,-0.16529,-0.0794,0.0023958,0.094179,0.15926,0.11345,0.040502,0.053691,-0.0045771,-0.079603,-0.111,-0.13765,-0.076712,-0.0026523,0.036734,0.063741,0.04891,-0.030635,-0.094232,-0.072357,-0.051796,-0.027609,-0.11059,-0.18664,-0.16831,-0.14935,-0.13809,-0.048252,0.019024,-0.057815,-0.11291,-0.056601,0.0081556,-0.000971,0.031473,0.030996,0.052695,0.066429,0.042373,0.043555,-0.010586,0.16478,0.28783,0.16846,-1.1768,-0.66503,0.88202,0.51437,-1.8912,-1.0527,1.0312,0.87205,-0.32859,-0.28384,-0.49611,0.084818,0.60734,0.44498,0.9022,0.74971,0.60921,0.53961,0.22304,0.38487,0.39502,0.31391,-0.29528,0.45772,0.22655,0.46406,0.17794,0.43109,-0.22212,-0.22013,-0.34362,-0.057854,-0.20104,-0.53961,0.4345,1.1324,-0.20574,-0.96471,-0.7554,-0.22784,0.15082,0.31045,-0.312,0.17928,0.161,-0.77261,-0.38985,-0.35984,-0.3421,0.26835,0.35754,-0.34757,0.050981,0.34256,-0.48796,0.14228,-0.1326,0.002622,0.13065,0.21822,-0.072558,0.20223,0.042064,-0.017973,0.72586,-0.1979,-0.61341,0.0095734,0.91855,-0.012914,-0.048598,0.52577,0.20277,-1.126,-0.1125,0.14925,-0.14833,0.11509,-0.23448,-0.24696,0.15682,0.0015032,0.15372,0.33989,-0.19759,0.063579,-0.3017,0.22843,-0.20317,-0.20338,-0.13306,-0.08332,-0.38025,-2.1492,0.66298,-1.189,-0.34574,1.6852,0.095541,0.017629,0.77555,-0.53766,-0.91509,0.052922,-0.050524,0.12338,0.032465,-0.1018,0.32715,0.25205,-0.37931,0.014067,0.45878,0.077828,0.033476,0.36599,0.60009,0.026069,0.16784,-0.36267,-0.14227,0.18594,-0.1741,0.37331,-0.14588,-0.53987,0.63619,-0.29022,-0.068232,0.3405,0.31916,0.2742,-0.021757,-0.17103,-0.44535,0.29645,-0.33181,0.28399,0.24593,-0.30785,-0.15092,0.43245,-0.11303,0.016812,-0.53397,-0.016654,-0.00608,-0.010329,0.039024,-0.065887,-0.1874,0.0022546,0.18005,-2.0858,0.69593,1.1756,-1.0306,-0.83692,-0.090316,0.65302,0.22606,-0.063952,0.64309,-0.12422,-0.24242,0.21978,0.32189,-0.69782,0.45668,0.49525,-0.19487,-0.23078,0.058771,0.43589,-0.1866,-0.29427,0.24458,-0.23333,0.26234,-0.15927,-0.44252,-0.073969,-0.45912
-0.049222,-0.046961,0.11998,0.27083,0.20164,0.17089,0.15478,0.14351,0.11572,0.13294,0.167,0.15757,0.156,0.15076,0.12264,0.10501,0.088549,0.075806,-0.33865,-0.40417,-0.015333,0.10522,0.08492,0.044667,0.010229,-0.10981,-0.2097,-0.19129,-0.085673,0.068512,0.073438,0.022651,0.07218,0.070064,-0.038997,-0.086721,-0.082584,-0.012018,0.026481,0.0021877,-0.011425,-0.036735,-0.075041,-0.099409,-0.055888,-0.034634,0.050072,0.17551,0.096451,-0.02607,0.019204,0.047649,-0.032858,0.035606,0.10687,0.052994,-0.055344,-0.13439,-0.12234,-0.10688,-0.10507,-0.1071,-0.094286,-0.082029,-0.071843,-0.0659,-0.080568,-0.085428,-0.12955,-0.10062,-0.046957,0.037302,0.077483,0.038692,-0.0078838,-0.009642,0.028008,0.091779,0.1534,0.14601,0.11762,0.13135,0.14326,0.102,0.083795,0.10872,0.11089,0.10744,0.11427,0.047399,0.0021537,0.04993,0.095338,0.11478,0.0099404,-0.082294,-0.054211,-0.083621,-0.67785,-0.99608,0.39564,-0.0031674,-0.22363,-0.23974,-0.24244,-0.11537,0.033349,0.0081311,-0.0011516,0.0091847,-0.001012,-0.024307,0.019056,0.038719,0.097692,0.1347,0.098993,0.078436,-1.0519,-0.96112,0.25858,0.39971,0.36366,0.28183,0.20521,0.16876,0.16097,0.17303,0.055199,-0.18612,-0.3506,-0.17212,-0.12783,-0.089949,0.079538,0.091944,0.10457,0.058974,0.023576,0.058318,0.08175,0.035998,-0.019632,-0.024173,-0.24539,-0.35968,-0.13533,0.081801,-0.022805,-0.16913,-0.11836,0.064914,0.18043,0.14098,0.12727,0.20973,0.1206,-0.071238,-0.028254,-0.033675,-0.037938,-0.016372,-0.093154,-0.13502,-0.039201,0.10255,0.22911,0.15157,-0.044603,-0.029621,-0.070288,-0.094322,-0.075216,-0.058188,-0.035271,-0.06175,-0.083972,-0.064833,-0.021235,0.025734,0.017218,-0.029081,-0.095915,-0.12516,-0.042951,0.034454,0.032836,0.073651,0.076678,0.081,0.097892,0.11365,0.11217,0.047124,0.055649,0.086909,0.065213,-0.042323,-0.53262,-0.74088,0.93366,-1.9198,-1.3747,-0.20057,1.6608,-0.13629,0.84176,-0.54968,-0.2214,0.62811,0.4171,-0.14146,0.20258,0.52125,0.34311,-0.20256,0.53262,0.54427,0.15851,-0.51092,-0.24352,0.20866,0.28346,0.045188,0.01722,-0.17901,-0.28023,-0.16138,0.030133,0.094208,0.20824,0.29645,1.2737,-0.31317,-0.66204,-0.43757,-0.74811,-0.16214,-0.67434,0.10307,-0.12393,0.12938,-0.6482,-0.40676,-0.52286,-0.12587,-0.044272,0.46045,-0.59071,0.05448,0.45113,-0.22095,-0.387,-0.25352,-0.24379,-0.15242,-0.035857,0.068238,-0.06399,-0.56561,-0.36134,0.8461,0.12587,-0.60255,0.14735,0.63209,0.071548,0.16139,0.042293,0.035947,-0.76496,-0.37621,-0.37174,0.013331,-0.094094,-0.085761,0.44466,0.50026,-0.14573,-0.22765,-0.33982,0.09523,-0.26673,0.23055,0.30249,0.1377,0.059528,-0.23424,-0.36644,-0.079334,-1.0044,1.1424,-1.3874,0.84075,1.5731,0.13069,-0.060039,0.47265,-0.63958,0.044972,1.0405,-0.36738,-0.024277,-0.59414,-0.02216,0.084502,0.25572,0.10338,-0.25923,-0.48907,-0.32224,0.090275,0.067452,-0.32092,0.33076,0.054699,-0.23246,-0.016952,0.21707,-0.014872,0.3123,-0.74523,-0.0049821,-0.31857,-0.58366,0.10745,0.04548,0.24933,0.59039,0.11321,0.15441,0.33986,-0.30689,-0.14657,-0.11817,0.04786,-0.29275,0.27779,0.29862,0.054612,-0.45458,0.0076936,-0.14078,0.0029943,-0.051645,-0.13933,-0.091482,-0.003678,-0.13842,-0.060775,-1.2163,1.4817,1.1381,-0.87215,-0.89878,-0.12035,-0.16824,-0.56012,-0.74058,0.36322,0.06792,-0.59919,0.3062,-0.12491,-0.64058,-0.48585,-0.15731,-0.52804,-0.082068,-0.10598,0.15057,-0.19655,-0.20692,-0.38206,-0.58386,-0.26503,0.36946,0.25358,0.13611,0.049565
0.6269,0.51244,0.0062479,-0.36735,-0.46053,-0.36592,-0.18532,-0.15183,-0.17406,-0.15339,-0.15855,-0.1717,-0.14605,-0.1184,-0.13551,-0.15798,-0.091339,0.80483,0.93583,0.47667,0.28675,0.11535,0.026391,0.1234,0.27333,0.2486,0.12741,-0.0023697,-0.033185,0.022665,-0.15793,-0.31131,-0.26804,-0.32614,-0.19328,-0.055144,-0.04691,-0.088229,-0.16776,-0.083258,0.0065057,-0.0077092,-0.019018,-0.036147,0.031429,0.083565,0.099941,0.14693,0.03364,-0.30742,-0.51455,-0.43444,-0.18545,0.10743,0.21237,0.21559,0.17825,0.14754,0.046743,-0.049222,-0.02316,0.012533,0.036863,0.034913,0.00046511,-0.028427,-0.031648,-0.017622,0.074028,0.19557,0.19387,0.087851,0.011764,-0.0090687,0.050682,0.14656,0.1938,0.17325,0.20801,0.249,0.13876,0.035836,-0.0096193,-0.094807,-0.15598,-0.14929,-0.1355,-0.089986,-0.043054,-0.045941,-0.058946,-0.07465,-0.092671,-0.10721,-0.12007,-0.099266,-0.0074562,0.15015,0.37796,0.5126,-0.38243,-0.07383,0.27879,0.42522,0.53129,0.5258,0.40327,0.22062,0.062294,-0.023097,-0.090477,-0.1534,-0.13825,-0.061576,-0.021463,-0.019056,0.0057419,0.7678,0.84869,0.45783,0.44301,0.37508,0.29508,0.28123,0.26227,0.20852,0.17367,0.156,0.16332,0.15358,0.18506,0.55498,0.70526,0.32454,-0.086757,-0.26016,-0.30601,-0.29368,-0.20952,-0.1074,-0.03628,-0.0030071,0.018483,0.014454,-0.076689,-0.11332,-0.016141,0.073579,-0.043652,-0.30672,-0.3116,0.42229,0.26636,-0.043998,-0.18058,-0.2051,-0.1482,-0.060832,0.024776,0.13763,0.24005,0.28817,0.2764,0.18579,-0.013941,-0.29015,-0.46661,-0.41008,-0.17687,-0.16201,-0.26695,-0.28768,-0.27872,-0.25915,-0.26391,-0.25694,-0.22675,-0.19455,-0.18206,-0.1919,-0.19391,-0.15707,-0.11826,-0.060697,0.01992,0.012922,0.0018508,0.018796,0.013064,-0.039432,-0.11372,-0.19023,-0.24897,-0.32532,-0.39888,-0.38126,-0.2902,-0.19825,-0.13977,-0.11424,-0.54354,-1.3784,1.4814,-0.34486,0.50607,-0.25411,0.67947,1.7677,-0.03914,0.32965,0.13718,0.19605,0.47667,0.16136,0.069236,-0.96277,0.21658,-0.53935,0.27159,-0.14338,0.34779,-0.27486,0.084819,0.29888,0.17536,0.5238,0.48265,-0.068497,-0.11409,0.15281,2.5659,0.31324,1.3263,1.3353,-2.1492,-0.24762,1.3031,-1.8624,-1.3332,-0.72861,-0.44452,0.45629,-0.23978,-0.33117,-0.3024,-0.033482,0.71448,-0.42747,-0.1186,0.66152,-0.3188,-0.035251,-0.25261,0.4954,0.021647,-0.0012707,-0.15463,-0.03901,0.064174,0.28237,2.4165,1.4289,-0.48318,1.2575,0.16912,0.63338,1.4815,1.0473,0.42708,-0.35092,0.14121,0.53983,0.12373,0.090101,0.38361,0.03262,-0.57516,-0.011054,0.099659,-0.5155,-0.66649,0.12601,0.33383,0.56911,-0.44464,-0.4587,-0.13823,0.33615,-0.11744,-0.61268,-0.013803,0.77906,-1.5616,-0.92369,-0.72577,-1.4231,-1.0905,-0.25712,-0.95311,0.11985,0.24246,0.065647,0.025692,0.53022,-0.70438,-0.016948,-0.165,-0.55077,0.16623,-0.14489,0.13533,-0.41973,-0.044269,-0.28585,0.29514,0.36116,-0.069019,0.49648,0.066239,-0.07159,2.6086,-0.39153,-1.1618,-1.31,0.3846,-1.8871,-0.61159,-2.0205,0.16338,0.91736,-0.32078,-0.15855,0.48131,0.38132,0.33712,-0.93212,0.41996,-0.39908,-0.31115,-0.31613,-0.063162,0.23406,-0.133,-0.18982,-0.091664,-0.17063,0.31691,-0.52922,-0.064774,0.31802,0.41544,0.77707,1.2967,0.32725,0.75959,1.7713,0.47804,-1.3263,0.87501,1.0968,0.30175,-0.28694,0.1052,-0.11152,-0.32225,-0.22743,-0.48644,0.24957,0.068103,0.44236,0.02378,0.10318,-0.12052,0.078444,0.54113,-0.34871,-0.093193,0.26748,-0.19565,-0.37351
-0.33205,-0.16899,0.073866,0.072155,0.13237,0.12016,0.09223,0.077378,0.059847,0.034395,0.01384,0.043827,0.08435,0.071038,0.061037,0.034296,-0.026741,-0.030137,0.13905,-0.2496,-0.27432,0.23164,0.20604,0.15707,0.11113,0.023846,-0.0672,-0.1037,-0.10601,-0.022691,0.11458,0.10774,0.096828,0.021219,-0.094067,-0.12018,-0.087858,-0.0807,-0.095645,-0.11678,-0.10892,-0.10597,-0.038898,-0.0065254,-0.081291,-0.164,-0.18466,0.037582,0.26828,0.26684,0.16602,0.12365,0.003747,-0.20108,-0.28459,-0.24046,-0.087182,-0.014699,-0.019486,-0.0022259,0.010889,0.0072114,-0.070841,-0.147,-0.14132,-0.12259,-0.093652,-0.15811,-0.14905,-0.14344,-0.15087,-0.028108,0.062588,0.093181,0.23171,0.43164,0.46968,0.40667,0.31726,0.19072,0.091138,0.069249,0.079528,0.099991,0.12509,0.12233,0.096137,0.095237,0.03245,-0.02419,-0.01437,0.028293,0.092557,0.13136,0.075038,-0.040722,-0.13361,-0.62531,-0.48469,0.55078,0.3625,0.037566,-0.17675,-0.15491,-0.18007,-0.20266,-0.12471,0.0039222,0.0087605,0.0089496,-0.015223,-0.015194,0.013185,0.010677,0.025766,0.0024458,-0.055585,0.23874,0.43947,-0.2966,-0.54807,0.14679,0.10446,0.22632,0.31027,0.24848,0.21775,0.22015,0.24347,0.12477,-0.15146,0.0061821,0.0065128,-0.076934,0.077293,0.093674,0.073594,0.057618,0.051241,0.092772,0.087126,0.090847,0.028695,-0.074071,-0.14694,-0.16025,-0.092543,-0.01033,0.081018,0.051893,-0.11909,-0.15201,0.10154,0.29321,0.35472,0.30793,0.18625,0.082177,0.023828,0.035059,0.030834,-0.0016553,-0.039262,-0.070471,-0.14716,-0.27812,-0.3266,-0.23164,0.01948,-0.0065186,-0.088346,-0.08871,-0.087301,-0.07046,-0.11844,-0.12798,-0.12741,-0.1785,-0.19941,-0.077549,0.062894,0.032235,-0.031385,-0.032319,-0.006075,-0.012192,0.063062,0.12401,0.2068,0.22596,0.18131,0.19404,0.21342,0.14978,0.071736,0.16071,0.12135,-1.6577,-1.3885,0.62126,1.5035,-2.9021,-0.36907,1.229,0.46059,-0.18525,0.19003,0.18833,-0.66892,0.49821,0.49938,-0.57314,0.15423,0.67012,0.28801,-0.013875,-0.15328,-0.48676,0.28783,-0.34409,0.10009,-0.32321,0.40783,-0.17206,-0.32693,-0.15007,0.11978,-0.12057,0.23934,-0.016853,-0.48538,0.71508,1.5495,0.24564,-1.2122,0.55258,-0.10392,-0.3464,-0.012989,-0.04929,0.0036261,-0.013409,-0.26835,-0.099235,-0.26603,-0.50829,0.46575,0.51561,-0.24852,-0.16222,-0.29779,0.35794,0.33859,-0.097201,-0.081165,0.3597,0.10266,0.41745,0.22744,0.11434,-0.52285,1.5527,-0.71462,-0.30165,0.14372,0.39073,0.10327,-0.35289,0.55255,0.22711,-0.38601,-0.13021,-0.26935,-0.096711,-0.24557,-0.42538,-0.0081432,0.11363,0.38746,-0.27995,-0.031384,0.071874,-0.50262,-0.18924,-0.26626,0.3748,0.23917,-0.24505,-0.24695,-0.18776,-1.9206,1.1227,-1.9293,-0.21674,1.7303,-0.0019993,-0.27642,0.66431,-0.079062,-0.36036,0.30981,-0.05441,0.13742,0.69161,-0.24814,-0.007073,0.22865,-0.14119,-0.44273,0.25249,0.36265,-0.2925,-0.13286,0.12702,-0.23149,-0.070268,-0.13081,-0.35524,-0.072003,-0.072532,0.13202,-0.60351,-1.0695,0.32383,0.17868,-0.28925,0.15589,0.22223,0.23971,-0.030236,-0.022342,-0.30575,-0.38611,0.19066,0.12165,-0.30291,-0.37154,-0.098516,-0.56296,0.12357,0.18944,-0.12167,-0.47645,-0.0747,-0.23579,-0.26409,0.026292,0.19814,-0.3501,0.17952,-0.67654,1.3827,1.6159,-1.4376,-0.0071432,-0.2301,0.97859,0.31037,-0.51471,0.46569,1.1469,-0.31374,0.79509,0.27601,0.27569,-0.70757,0.039133,0.53084,-0.17772,-0.17281,0.47448,0.1266,-0.0081961,0.64767,0.22422,-0.14261,-0.021035,-0.18025,-0.11736,0.25677
0.017843,-0.082947,-0.33327,-0.432,-0.40466,-0.26528,-0.083457,-0.014559,-0.029571,-0.045072,-0.061221,-0.073698,-0.077935,-0.067107,-0.0083967,-0.11868,-0.29215,-0.065953,0.40318,0.558,0.56945,0.46652,0.30958,0.12929,0.010979,0.0042229,0.098418,0.12523,0.031747,-0.0768,-0.27916,-0.38121,-0.33758,-0.39616,-0.20205,-0.016267,-0.00032463,-0.013691,-0.041968,-0.082025,-0.041163,-0.0021296,-0.019331,-0.045308,-0.10056,-0.16152,-0.11491,0.044001,0.12734,0.10623,0.042543,-0.072856,0.17302,0.43116,0.29146,0.054803,0.041489,0.05583,0.06631,0.014668,-0.048902,-0.021255,-0.011305,-0.033356,-0.097116,-0.14754,-0.15596,-0.15781,-0.11854,-0.11922,-0.031542,0.11491,0.13921,0.11966,0.10493,0.099854,0.18273,0.32593,0.40756,0.29012,0.081228,0.18142,0.24269,-0.018087,-0.086279,-0.08527,-0.06341,-0.036343,-0.0094123,0.0083414,0.0095246,-0.0029786,-0.037427,-0.068216,-0.081075,-0.081716,-0.076147,-0.071763,-0.3607,-0.5703,-0.34436,0.02315,0.41655,0.44816,0.40875,0.32785,0.18519,0.047254,-0.014276,-0.020171,-0.03808,-0.038806,-0.0018994,0.14657,0.1794,-0.16941,-0.32633,-0.027008,0.18586,0.25488,0.28926,0.26086,0.17735,0.19074,0.20827,0.16499,0.22263,0.28276,0.30832,0.27428,0.24777,0.60625,0.75778,0.37391,0.069288,-0.027728,-0.070406,-0.071691,-0.057833,-0.0087273,-0.017968,-0.047504,-0.045858,-0.053503,-0.084155,-0.079875,-0.011483,0.080284,0.11457,0.14216,0.31842,0.37918,0.013627,-0.31548,-0.11269,0.12852,0.11478,0.1892,0.26315,0.23752,0.20255,0.22882,0.19222,0.063476,-0.19185,-0.48897,-0.64594,-0.57528,-0.34438,-0.31919,-0.34147,-0.29979,-0.2845,-0.28146,-0.27421,-0.24944,-0.20718,-0.17585,-0.17746,-0.1773,-0.19263,-0.25831,-0.16046,0.11373,0.18666,0.22089,0.2116,0.17218,0.14245,0.12044,0.078027,0.0054436,-0.089217,-0.20956,-0.29742,-0.31568,-0.32626,-0.32455,-0.35494,-0.34402,-0.47754,-2.4828,0.9852,-0.3995,0.69147,-0.79378,0.95337,2.1014,-0.32299,0.058821,0.73135,0.19043,0.46932,0.055467,0.3671,-0.88139,0.076487,0.40904,-0.64905,-0.063663,0.51826,-0.40323,0.4035,-0.10729,0.35198,0.22111,0.083394,0.18288,-0.035072,-0.25727,2.0089,0.95432,2.0996,0.020873,-1.482,-0.21605,1.4819,-2.1008,-1.4285,0.054656,-0.21435,-0.37167,-0.36716,-0.52446,0.12807,-0.15761,-0.0023236,0.83902,0.31479,-0.18934,0.12182,-0.36882,0.17367,-0.38434,-0.031527,-0.016132,-0.20471,0.067013,-0.035568,0.2186,2.0014,1.5481,-0.13354,1.0499,0.31469,-0.74374,1.3817,0.57442,0.33004,-0.22233,0.34577,0.1046,0.29642,0.04435,-0.13592,-0.15775,-0.63239,0.27775,0.0088768,1.0146,-0.36772,-0.45906,0.25855,0.6775,0.10562,-0.32302,0.031952,0.15496,0.13501,-0.17688,-0.19488,1.4431,-1.6748,-1.1473,-0.63277,-1.3133,-1.3736,-0.38891,-0.35797,-0.31053,-0.62671,-0.1675,-0.12124,-0.096189,-0.37811,-0.013535,-0.65305,0.32002,0.14344,0.45166,-0.64486,0.2789,0.45361,0.13452,0.39485,0.48705,-0.31749,0.68409,-0.097477,-0.013016,2.8938,-0.94841,-1.6603,-1.2403,0.475,-0.3516,-0.11153,-1.5835,-0.40272,-0.10387,0.46764,0.062991,-0.44932,0.14263,-0.16572,-0.015093,0.44736,-0.3816,-0.19807,-0.28597,0.51209,-0.12402,0.48185,0.3593,0.19773,-0.11724,-0.056735,0.25049,-0.47935,0.24516,0.49693,1.45,1.5576,0.49186,0.48856,1.566,-0.16562,-1.113,1.2898,0.13082,0.64867,-0.41201,0.27891,-0.06642,0.072931,0.23782,-0.14477,-0.60128,0.4288,-0.044752,0.18751,-0.87341,0.1414,-0.31577,0.61749,-0.13584,0.085601,-0.064896,0.045969,-0.11357
0.13511,0.20605,0.23245,0.31818,0.34426,0.27191,0.19905,0.11759,0.077205,0.05216,0.041797,0.033965,0.035508,0.04746,0.056206,0.051124,0.02874,-0.0041,-0.047261,-0.079504,-0.091472,-0.088569,-0.039074,0.089839,0.10086,-0.042849,-0.15091,-0.12235,-0.033849,0.042836,0.026179,-0.006362,-0.097817,-0.1732,-0.4139,-0.37811,-0.16641,-0.047279,-0.076723,-0.10206,-0.094697,-0.096791,-0.11911,-0.050665,-0.11079,-0.17643,0.0027775,0.13395,0.11447,-0.033432,-0.1688,-0.13857,-0.17312,-0.1167,-0.11366,-0.14655,-0.061982,0.031089,-0.0070187,-0.091707,-0.16719,-0.23499,-0.24913,-0.18524,-0.076009,-0.019696,-0.0098679,0.034617,0.098169,0.092947,-0.030074,-0.13391,-0.16406,-0.17162,-0.11906,0.04027,0.15734,0.12066,0.074794,0.12237,0.15494,0.14558,0.14956,0.15727,0.13742,0.13906,0.12611,0.12032,0.12499,0.13108,0.13648,0.12358,0.1241,0.14238,0.15033,0.016988,-0.13165,-0.71244,-0.49312,0.45192,0.0077535,-0.14539,-0.18797,-0.2154,-0.23296,-0.26964,-0.18301,0.023001,0.078137,0.10896,0.10269,0.10667,0.13071,0.14694,0.14453,0.11753,0.087858,0.061373,0.027822,-0.0059816,-0.027919,-0.038439,-0.013234,0.13138,0.18327,0.11318,0.072857,0.085346,0.022185,-0.083132,-0.10497,-0.023481,-0.10213,-0.079318,0.4308,0.54072,0.46202,0.23224,0.01556,0.056018,0.021461,-0.046033,-0.070061,-0.33894,-0.59852,-0.5322,-0.16441,0.096229,0.057787,-0.12663,-0.23333,0.19789,0.36149,0.27583,0.26424,0.32148,0.31693,0.12827,-0.15636,-0.31493,-0.38011,-0.39243,-0.35968,-0.28869,-0.14527,0.017079,0.072002,0.05947,0.016704,-0.059443,-0.088358,-0.055304,-0.030583,-0.012954,0.0030846,-0.082549,-0.15367,-0.13596,-0.1323,-0.14872,-0.12045,0.010229,0.087724,0.034897,0.028971,0.0025511,0.021208,0.046924,0.037201,0.060407,0.046674,0.08874,0.11234,0.02622,-0.054619,0.057906,0.066976,-0.62942,-0.19251,0.64767,-0.0059021,-3.0307,-1.3297,0.04843,0.074474,0.15801,0.64451,-1.0049,-0.7447,0.75674,0.76604,0.28597,0.71348,0.73964,-0.25811,-0.53308,0.42017,0.078611,0.15135,-0.39377,-0.17776,-0.27716,-0.14589,0.38982,-0.21564,-0.1811,-0.34129,-0.2767,-0.55225,0.27613,0.49384,0.68127,1.6923,-1.1969,-1.1487,0.45733,-0.36122,0.50399,-0.0028721,0.11247,0.63647,0.12988,-0.65093,0.035825,-0.51123,-0.27551,0.26835,-0.18407,-0.40521,0.10691,-0.058676,-0.24044,0.031786,-0.42893,0.08033,0.24825,0.062947,-0.15668,-0.20331,0.17262,0.94194,1.7593,0.29514,-0.97571,0.15152,1.1379,-0.87618,-0.13188,0.18927,-0.0807,-1.2764,0.0051133,0.22309,0.53044,0.37958,-0.13448,0.2947,0.1879,0.61719,0.18384,-0.25927,-0.00017282,-0.25227,0.25297,0.18988,0.090361,0.14062,0.13107,0.09764,-0.2495,-0.674,1.6605,-1.5451,0.17717,0.90925,0.96494,0.81201,0.44295,0.12985,-0.58169,0.25989,-0.21566,0.57064,0.0040907,-0.82678,-0.20674,-0.46924,-0.48429,-0.046304,0.1926,-0.02194,0.21537,0.5871,0.17224,0.11515,-0.31689,0.25905,-0.23393,0.37007,0.0414,1.4257,-0.91885,-1.0793,0.86015,-0.36947,0.54767,0.11816,0.65281,0.28375,-0.0028016,-0.06792,-0.42222,-0.40858,-0.72922,-0.34383,-0.1241,-0.38891,-0.33084,0.1757,-0.30088,-0.13878,0.049207,0.089466,0.16173,0.104,0.20833,0.21813,0.13208,0.30216,-0.16138,-0.48676,1.957,0.97998,-0.30912,0.29915,-1.1317,0.062124,0.72451,0.2499,0.41618,0.1103,0.28685,0.21907,1.1062,-0.25349,-0.8129,-0.011543,0.2552,-0.3606,0.11653,-0.22378,-0.51358,0.0051419,-0.29033,0.32651,-0.24495,0.18839,0.098427,-0.36809,0.15325
-0.16027,-0.15445,-0.24472,-0.35053,-0.36403,-0.2597,-0.11692,-0.027065,0.017665,0.024784,0.010219,0.048356,0.097566,0.079692,0.082719,0.078062,-0.17416,-0.3996,-0.16044,0.27287,0.32608,0.35504,0.33364,0.37189,0.32893,0.20456,-0.025697,-0.20675,-0.16494,-0.16047,-0.33017,-0.37527,-0.3321,-0.39006,-0.20452,-0.032712,0.0264,0.031544,-0.023933,-0.064145,-0.096252,-0.043357,-0.0022685,-0.03252,-0.079983,-0.12258,0.038107,0.03373,-0.29294,0.38035,0.54909,-0.22234,-0.57919,-0.34643,-0.015862,0.035926,0.012448,0.041476,0.076031,-0.017419,-0.12521,-0.10487,-0.09632,-0.10352,-0.13491,-0.16229,-0.16686,-0.16576,-0.061079,0.11047,0.026783,-0.16885,-0.067674,0.18809,0.30212,0.23506,0.13577,0.076419,-0.013883,-0.13134,-0.2094,-0.13711,0.17912,0.35225,0.18794,0.07566,0.068371,0.060754,0.066031,0.04156,0.018327,0.018785,-0.016674,-0.022595,0.051471,0.1375,0.1663,0.093888,-0.044172,-0.11748,0.14885,0.23685,0.3091,0.32173,0.31522,0.26936,0.17833,0.092283,0.0054099,-0.067735,-0.11636,-0.09743,-0.066087,-0.066664,-0.034004,-0.043627,-0.19306,-0.36025,-0.19488,0.078557,0.14118,0.15568,0.1018,0.33623,0.4892,0.4237,0.37021,0.34541,0.39743,0.37372,0.32288,0.63379,0.78373,0.4039,0.032613,-0.10562,-0.14703,-0.12368,-0.074239,-0.037455,0.011519,-0.021177,-0.096884,-0.12885,-0.13212,-0.080653,-0.16503,-0.36268,-0.50856,1.2388,0.090091,-1.2894,0.61881,0.55792,0.21236,-0.0031916,0.057593,0.055298,0.032623,0.05424,0.11537,0.18109,0.16289,0.087625,-0.096792,-0.3592,-0.51462,-0.458,-0.1969,-0.12884,-0.25978,-0.28313,-0.27751,-0.25772,-0.21791,-0.2062,-0.19582,-0.17588,-0.15746,-0.12801,-0.1201,-0.18314,-0.31932,-0.41074,-0.23058,0.038013,0.033975,0.044644,0.0076926,0.001776,0.010142,-0.019566,-0.0056466,-0.011711,-0.012607,0.024342,-0.0018727,-0.087487,-0.11296,-0.078773,1.1956,-2.9814,1.1003,0.94171,1.034,0.8014,0.37455,1.1785,0.055263,0.36575,0.19818,0.0532,-0.26028,1.0646,0.10185,0.37743,0.25354,0.29233,-0.11894,0.10559,-0.042388,-0.32874,0.40806,-0.35845,-0.29401,0.2486,-0.35514,0.31615,0.01303,0.038749,0.33367,-0.050025,2.8124,0.76302,-0.56813,-0.10726,0.71325,-1.1104,-0.55533,-0.38109,0.32936,-0.46755,-0.20599,0.093354,0.6152,0.0053032,0.45663,-0.013596,0.41859,-0.65924,0.43342,0.34376,0.30005,-0.31282,-0.37983,-0.61633,0.050261,-0.078948,-0.027335,0.18308,0.39415,2.3845,-1.4919,0.058341,0.33488,0.072187,0.90207,-1.2361,0.24715,0.37048,0.46835,1.318,0.45313,0.14172,0.25994,-0.15397,-0.54861,0.039167,-0.24424,-0.57323,0.2652,-0.2524,-0.038965,-0.19837,0.0123,0.21847,0.28146,-0.20268,-0.053584,0.40829,0.52035,1.7401,-2.0066,-0.43484,-0.71306,-1.0814,-1.0206,-0.35387,0.35349,0.26687,0.33957,-0.35173,-0.26196,-0.40008,0.24629,0.20062,-0.7438,-0.24884,-0.42302,-0.022694,-0.54628,-0.013974,0.45294,-0.10132,-0.021832,0.080786,0.11125,0.40249,0.50783,-0.37611,0.88766,-0.56399,-2.5138,-0.11236,-0.050855,-0.30814,0.030818,-0.31696,0.39258,0.85608,-0.19394,0.033887,0.3805,-0.21385,0.34607,-0.051829,1.0024,0.10614,0.34021,-0.36571,0.11816,0.32599,0.35429,-0.11264,-0.39327,-0.2289,0.20896,0.53757,0.019107,0.09954,0.82233,1.77,1.5753,0.48327,0.83089,1.1967,0.01745,-0.76942,1.2038,0.16302,0.13104,-0.16962,0.015902,0.43078,0.025614,0.17418,-0.22888,-0.96495,-0.076295,0.28587,0.11479,-0.39513,-0.13125,-0.10972,-0.11897,-0.1144,0.56513,-0.24176,-0.42991,-0.00021597
0.25876,0.59437,0.49273,0.13256,-0.091691,-0.099616,-0.017943,0.039482,0.034512,0.055264,0.074769,0.053544,0.066024,0.085872,0.08212,-0.0023989,-0.10547,-0.13493,-0.11717,-0.081638,-0.043751,-0.009577,-0.042514,-0.096496,-0.083282,-0.068679,-0.051587,0.022464,0.10248,0.037988,-0.056793,0.092344,0.17409,0.14422,0.21002,0.20125,0.11597,0.032818,0.0041416,0.0099605,-0.013994,-0.065855,-0.098275,0.15113,0.30521,0.30449,0.15281,-0.054957,-0.023565,-0.048805,-0.11158,-0.15785,-0.11645,-0.0364,-0.025661,-0.057748,-0.043948,-0.027923,-0.055363,-0.058292,-0.039709,0.094113,0.19187,0.16167,0.13585,0.1447,0.10858,0.057351,0.06076,-0.12619,-0.35339,-0.36833,-0.22891,-0.097057,-0.078859,-0.071103,-0.019924,0.040688,0.063294,0.020757,-0.070267,-0.12548,-0.040033,0.096464,0.15617,0.15047,0.097017,0.038861,0.03544,0.068289,0.072147,0.071259,-0.0045643,-0.059528,-0.07308,-0.075468,-0.12278,-0.26585,-0.23624,-0.14752,0.38865,-0.11892,-0.1765,-0.079594,0.0020524,-0.051199,-0.13237,-0.23107,-0.28725,-0.22689,-0.075644,0.032752,0.12967,0.18426,0.16701,0.1173,0.071096,0.054119,0.076322,0.10598,0.13748,0.1601,0.18282,0.15705,0.11043,0.090107,0.07841,-0.032792,-0.16371,-0.14636,-0.031832,-0.74402,-0.72046,-0.35218,-0.41663,-0.24256,-0.060722,0.045571,0.040375,-0.073563,-0.2211,-0.31585,-0.28069,0.09959,0.49467,0.50512,0.30596,0.22764,0.25648,0.20389,0.043423,-0.17887,-0.38683,-0.48219,-0.47124,-0.44095,-0.40202,-0.35641,-0.26207,-0.13262,0.027293,0.27566,0.54914,0.71066,0.68465,0.48833,0.245,0.14752,0.15857,0.015312,-0.0028094,0.017006,-0.00052368,-0.0087848,0.007341,0.038799,0.06974,-0.02255,-0.11863,-0.10651,-0.08284,-0.088081,-0.08373,-0.10961,-0.19911,-0.23494,-0.20039,-0.098161,0.062284,0.16119,0.13918,0.079751,0.1484,0.17539,0.073467,0.025542,0.06941,0.036123,0.089848,0.21699,-0.34605,0.044285,-1.7456,0.041773,-0.12971,0.21153,-0.0017552,0.38795,-0.54859,0.12622,0.293,-0.10358,-0.23113,0.48778,-0.038121,-0.079337,0.71472,0.53706,0.25936,-0.31084,0.023074,-0.34999,0.059038,-0.18995,0.18253,0.10896,0.31747,0.22882,0.052874,-0.084459,1.7397,-1.4484,-0.44218,-0.99159,-1.2022,0.34168,-0.75742,-0.52557,-0.077764,-0.039055,-0.31195,0.46507,-0.66104,0.20151,0.56258,-0.0045306,-0.046338,-0.22818,-0.34502,0.21832,-0.28516,0.14671,-0.5321,-0.42806,-0.058905,-0.32211,-0.085015,0.067122,0.38268,-0.011358,2.5963,-0.89921,-0.44354,-1.5253,-0.14098,0.69422,0.54565,-0.10658,0.14546,0.65018,0.22848,0.081884,-0.70074,0.16043,-0.061576,0.45443,-0.20907,0.22025,-0.043931,0.039203,-0.16511,0.20539,0.025988,-0.24884,0.02982,0.39113,-0.30235,0.007823,-0.078174,-0.17344,0.1575,0.089959,0.83044,0.73903,0.17274,0.09621,0.045695,0.79275,-0.4776,-0.1854,-0.18054,0.15583,-0.062509,0.25411,-0.07634,0.0051153,-0.30789,-0.12002,-0.53134,-0.36821,0.0167,0.45561,-0.75573,0.035368,0.089908,0.34749,-0.065073,0.49306,-0.4623,0.10389,3.3249,0.44655,1.5899,0.55355,-0.24957,-0.40439,0.29411,0.35618,0.10484,0.66629,-0.20258,0.12834,0.38376,0.34883,-0.739,-0.06742,-0.23728,0.32089,0.11873,-0.51711,-0.12613,-0.075938,0.13852,-0.36625,0.35503,-0.49404,0.19928,0.08106,-0.28062,0.058549,0.24012,0.099719,-1.0115,0.052589,-0.70513,-0.095571,-0.0058132,-0.20162,-0.22488,0.45782,-0.045243,0.34574,0.010262,-0.037546,0.30126,-0.22209,-0.31985,-0.0068966,0.17956,0.6796,0.18409,0.033686,-0.054002,0.16464,-0.2972,-0.1329,-0.4404,-0.057743,0.19494,-0.078121
-0.16452,-0.10777,0.32095,0.19289,0.058426,0.044725,0.12569,0.16491,0.11109,0.060095,0.051307,0.056831,0.10066,0.13186,0.11723,0.023619,-0.05985,-0.088374,-0.089351,-0.031326,0.027877,0.033979,-0.037924,-0.097169,-0.063755,0.035468,0.077176,-0.021364,-0.15821,-0.2137,0.15188,0.25034,0.51074,0.36569,0.1056,0.12763,0.095531,0.037567,0.018631,-0.002546,-0.054633,0.067831,0.15604,0.12306,0.15005,0.073278,-0.033544,-0.024283,0.017995,0.0017402,-0.058062,-0.044148,0.072581,0.15945,0.18076,0.14242,0.0664,0.0067322,0.01762,-0.062805,-0.17744,-0.15611,-0.13242,-0.11675,-0.094062,-0.094884,-0.11165,-0.05463,0.029115,-0.0087016,-0.02564,-0.40063,-0.71091,-0.62557,-0.21941,0.19338,0.35521,0.16354,-0.087236,-0.17964,-0.15682,-0.031182,0.11989,0.1903,0.18294,0.14611,0.11959,0.12936,0.13234,0.15145,0.1753,0.1052,0.059306,0.061421,0.00014561,-0.058219,-0.088122,-0.087848,0.047842,0.16587,1.0193,0.31947,-0.26047,-0.20481,-0.15772,-0.15055,-0.25604,-0.36556,-0.39089,-0.23382,0.022067,0.1669,0.27066,0.3013,0.24574,0.17554,0.081987,-0.0027732,0.0016712,0.053203,0.10584,0.10597,0.092785,0.061954,0.028329,0.077246,0.11487,0.10698,0.13447,0.18634,-0.32019,-0.55755,-0.29664,-0.2679,-0.30054,-0.32585,-0.25555,-0.19994,-0.22405,-0.27283,-0.24267,-0.057425,0.32078,0.54712,0.36388,0.10021,0.084207,0.19589,0.25194,0.21861,0.057546,-0.23539,-0.4602,-0.54254,-0.61292,-0.65148,-0.57348,-0.35469,-0.038073,0.20594,0.36449,0.49894,0.56297,0.54199,0.49038,0.40016,0.31491,0.31656,0.19671,0.043709,0.048698,-0.034674,-0.010184,-0.061768,-0.22594,-0.22339,-0.1803,-0.15655,-0.085858,-0.049677,-0.07022,-0.16136,-0.16704,-0.12399,-0.16539,-0.1717,-0.066572,0.048671,0.084469,0.1533,0.1631,0.34303,0.44972,0.33062,0.1788,0.15903,0.15892,0.1267,0.24969,0.38046,-0.37622,0.55661,-0.96733,0.30117,-0.040993,0.14895,-0.17359,0.031404,-0.29558,0.43993,0.56775,-0.24544,-0.37192,0.71398,0.20493,0.34108,0.75243,0.31139,-0.14085,-0.20583,0.29533,-0.36508,-0.15472,-0.5522,0.041767,-0.35908,0.44032,0.023694,0.055639,0.11305,1.458,-2.0426,-0.57817,-0.36912,-1.133,0.2019,-0.51162,-0.26765,0.11568,0.38198,-0.28048,0.1075,-0.5928,0.15532,0.28869,0.12029,0.53377,0.055265,-0.94535,0.22273,-0.057168,0.32331,-0.58868,-0.10795,-0.11413,-0.1968,-0.16854,-0.18507,0.1858,0.06274,2.4808,-1.006,-1.3728,-1.0653,-0.44399,-0.20212,0.058471,-0.41183,0.49662,0.45925,-0.060912,-0.39171,-0.61732,0.55475,-0.22685,0.055183,-0.23012,0.4911,-0.31568,-0.084829,-0.26964,0.25158,0.5263,-0.49175,-0.187,0.075789,0.012317,-0.1529,-0.42038,0.070517,0.064729,-0.80697,0.7691,0.45192,0.21073,0.22265,0.21634,0.65092,-0.062098,-0.31646,0.24675,0.082425,-0.17416,0.42454,-0.22219,0.10316,0.077467,-0.56944,-0.64818,-0.28043,-0.31751,0.49236,-0.16894,0.032136,0.061523,0.32896,0.16087,0.23675,0.098332,-0.18906,2.7055,2.2668,0.99587,0.59141,-0.73994,-0.39811,-0.33632,0.35522,0.21578,-0.05764,0.059387,-0.029488,0.069421,0.55507,-0.19165,-0.73096,-0.030926,0.12863,0.48465,-0.012798,0.2227,-0.068254,0.21363,-0.64899,0.0094399,0.17444,-0.51772,-0.19785,0.046591,0.17442,-0.062869,-0.67913,-0.66369,-0.035343,-0.37173,-0.18253,0.032303,-0.13502,-0.54005,-0.012914,-0.099816,0.22052,0.31812,-0.23272,-0.067763,-0.28176,0.22098,-0.035371,-0.41443,0.68263,0.35835,-0.53628,0.060159,0.40667,-0.30904,-0.21261,-0.11744,0.16347,-0.2041,0.079158
0.15497,0.29645,0.16797,-0.050129,-0.18302,-0.15152,-0.072823,0.0049091,0.044274,0.082499,0.1309,0.11949,0.11855,0.10741,0.094036,0.065838,0.0044877,-0.047709,-0.044093,-0.012283,0.0054728,0.040962,0.034441,-0.074971,-0.1616,-0.085572,-0.019291,-0.092842,-0.14537,-0.1162,0.24435,0.31842,0.30657,0.20631,0.07217,0.10501,0.065174,-0.0099941,-0.022651,-0.012368,-0.041207,-0.059795,0.064299,0.17472,0.14989,0.10974,-0.015119,-0.11507,-0.069702,-0.077272,-0.12692,-0.11978,-0.021724,0.057009,0.055961,0.029204,-0.010483,-0.054393,-0.08033,-0.084605,-0.053357,-0.012737,0.012655,0.023606,0.021492,0.023062,0.079466,0.053764,-0.022961,0.021548,-0.11165,-0.2049,-0.18064,-0.15677,-0.12769,-0.065195,-0.0016315,0.020242,-0.0079592,-0.053288,-0.071321,-0.011812,0.10116,0.17256,0.17391,0.13087,0.073592,0.030301,0.023678,0.039168,0.052411,0.076581,0.10921,0.075751,0.037571,0.059556,0.040288,0.05268,0.2427,0.38039,0.13994,-0.24629,-0.28963,-0.15305,-0.031331,-0.044489,-0.11356,-0.22957,-0.32676,-0.1914,0.056786,0.089679,0.10237,0.14258,0.15645,0.10236,0.036209,-0.0052395,0.0024518,0.091414,0.22921,0.3048,0.27499,0.16008,0.060546,0.072115,0.096352,0.094124,0.1256,0.14811,-0.089893,-0.35536,-0.49464,-0.50927,-0.37206,-0.36058,-0.24762,-0.16012,-0.096999,-0.074284,-0.053255,-0.028366,-0.016643,0.044805,0.12938,0.13486,0.13113,0.17995,0.23819,0.21481,0.071275,-0.17397,-0.40023,-0.48658,-0.44844,-0.39026,-0.33824,-0.29441,-0.24352,-0.15158,0.013198,0.19811,0.3146,0.34427,0.28354,0.1555,0.082906,0.056792,0.054132,0.10402,0.021059,-0.0087364,0.0021742,0.010021,0.026219,0.053029,-0.013586,-0.076056,-0.057049,-0.042068,-0.045814,-0.056466,-0.070404,-0.12126,-0.16627,-0.16096,-0.10383,-0.013869,0.068595,0.10387,0.10637,0.10737,0.093024,0.16896,0.21561,0.18636,0.20693,0.25102,0.37956,0.50406,-0.17204,-0.17493,-1.101,0.10968,0.20026,0.33634,-0.43391,-0.035676,-0.3496,0.15156,0.55734,-0.064062,-0.23944,0.032685,0.11287,-0.16235,0.15882,0.23946,0.26127,-0.31956,-0.26172,-0.22746,-0.02293,-0.40097,0.20559,0.024486,0.1579,-0.11821,0.16316,-0.012699,2.3682,0.90652,-0.61323,1.3126,-0.23477,-0.25046,0.28139,-0.37578,-0.039467,-0.35644,-0.30662,0.40738,-0.13627,0.097946,0.034615,-0.010974,0.31289,0.35163,-0.37576,-0.1656,-0.30061,-0.0050464,-0.15241,0.060223,-0.0037616,-0.12594,0.027654,-0.0021716,0.16628,-0.09335,2.5695,-0.74586,0.064358,-0.67838,-0.8109,1.0658,0.079833,-0.26477,0.52627,0.042925,0.088519,0.02776,-0.3775,-0.21212,-0.18659,-0.014238,0.026881,0.14495,0.11848,0.15719,-0.31556,-0.042224,0.10985,-0.013943,0.14912,0.15193,-0.063486,0.1379,-0.045959,-0.081488,0.11254,0.037434,0.16466,0.63033,0.023606,0.32517,0.32337,0.85314,-0.37402,0.045264,-0.048905,0.095421,-0.20494,0.22607,0.28979,-0.011229,0.019864,0.041859,-0.31378,-0.21969,0.1715,0.094609,-0.010309,-0.031295,0.21026,0.3276,-0.204,0.23871,-0.039958,-0.049691,2.6284,2.0086,0.4568,0.54359,-1.1616,-0.27683,-0.47469,-0.014863,-0.2339,-0.47844,0.27093,0.42785,0.23565,0.28629,0.15744,-0.090763,-0.072671,-0.11794,0.074896,-0.30926,0.27092,0.12268,-0.11444,-0.077291,0.14595,-0.17202,-0.20083,-0.04082,-0.16924,-0.064303,-0.10646,-0.0064146,-0.35896,0.16398,-0.37937,-0.12214,-0.077133,-0.17772,-0.70361,0.32342,-0.0017812,0.15065,0.12571,-0.16779,0.34355,0.043514,0.16533,0.02087,-0.063653,0.064065,-0.0021582,-0.072142,0.038585,-0.086342,-0.056411,-0.037973,0.094972,0.045859,-0.11593,0.098777
0.28133,0.39671,0.31349,0.077619,-0.048711,0.0051703,0.078093,0.18818,0.24717,0.19089,0.13568,0.097352,0.10991,0.1391,0.13194,0.069365,-0.025286,-0.079747,-0.06696,-0.014467,0.023233,-0.032512,-0.057315,-0.035908,-0.14196,-0.27132,-0.23247,0.023598,0.25148,0.16848,-0.012848,0.020818,0.071554,0.020236,0.073456,0.12288,0.11059,0.11782,0.10375,0.035623,-0.017662,0.074943,0.16921,0.158,0.12537,0.073546,-0.01678,-0.049029,0.012262,-0.0051279,-0.081658,-0.14968,-0.10924,-0.028913,-0.028287,-0.075645,-0.13625,-0.17797,-0.19689,-0.19233,-0.17301,-0.075074,0.0099666,0.0036985,-0.020436,-0.03115,-0.0079706,0.017342,0.040185,0.13258,0.18372,-0.11602,-0.3575,-0.12699,0.18882,0.1744,0.1127,0.074848,0.094327,0.16023,0.17586,0.12139,0.11549,0.16716,0.19006,0.16658,0.15303,0.071152,0.030372,0.078293,0.11537,0.1338,0.1256,0.0044729,-0.062996,-0.025719,-0.01974,-0.039942,0.057383,0.16779,-0.38048,-0.33887,-0.20101,-0.27779,-0.3258,-0.3041,-0.40657,-0.32552,-0.12046,-0.10485,-0.063529,0.048279,0.1728,0.2212,0.19107,0.093008,-0.010868,-0.053439,-0.033583,0.014436,0.048979,0.18171,0.29639,0.25756,0.15434,0.073614,0.084727,0.12311,0.11475,0.15284,0.12297,-0.12487,-0.026827,-0.12634,-0.32778,-0.34231,-0.3215,-0.31054,-0.30301,-0.23897,-0.13769,-0.005599,0.11805,0.17453,0.13788,0.066241,0.12512,0.27846,0.3787,0.36674,0.20346,-0.10606,-0.40442,-0.51736,-0.48608,-0.40978,-0.31545,-0.21348,-0.10306,-0.004553,0.11211,0.24536,0.39445,0.51286,0.51885,0.38139,0.20783,0.033105,-0.034366,0.02882,0.039065,-0.1464,-0.24776,-0.24684,-0.21218,-0.19238,-0.21122,-0.22661,-0.17633,-0.13788,-0.15769,-0.18893,-0.082981,0.053575,0.0083407,0.029668,0.052713,0.15336,0.2792,0.33572,0.33562,0.2812,0.17878,0.23819,0.32639,0.31228,0.26256,0.21024,0.30628,0.43377,-0.4642,-0.31205,-0.3394,0.048751,0.20916,0.1673,-0.34924,0.061546,-0.4814,0.45721,0.89115,-0.45919,-0.32276,0.2007,0.11715,-0.17716,0.65612,0.57914,-0.2695,-0.036157,-0.2327,-0.41369,0.15169,-0.12427,0.0035393,-0.2299,0.016382,0.19909,0.18454,-0.09553,2.5914,-0.47408,-0.16399,1.3026,-0.8308,-0.19357,0.045541,-0.17588,0.36722,0.46964,-0.11141,0.023856,-0.24821,0.019086,0.21491,-0.13405,-0.031232,-0.17361,-0.55159,0.29085,0.10815,0.046606,-0.1268,-0.18618,0.030059,0.15283,-0.076417,-0.055122,-0.00039301,-0.12942,2.461,-0.49448,-1.4786,-0.24969,-0.75984,-0.34458,0.0054969,-0.66637,0.36106,0.26784,0.27889,-0.31415,-0.34666,0.33283,-0.17004,0.24964,0.15928,0.24994,0.27268,0.21175,-0.43377,-0.089399,0.31038,-0.058058,0.28734,-0.030729,0.16185,-0.020021,-0.22283,-0.15082,0.22924,-0.53239,-0.19039,0.023139,0.11122,0.18583,0.16627,0.89384,0.26232,-0.42775,-0.22052,0.16509,-0.25204,0.13338,0.025167,0.10693,-0.018151,-0.3727,-0.3971,-0.22514,-0.20075,0.1646,-0.095102,-0.096161,0.46051,-0.12429,-0.20184,0.3053,0.022347,-0.24065,2.5413,2.3839,-0.074651,0.17663,-0.73401,-0.59668,-0.50252,0.27714,-0.052906,-0.34886,0.1901,0.3352,-0.1273,0.4816,-0.21305,-0.07789,0.36277,-0.20071,0.33127,-0.12374,0.20102,0.059159,0.12662,-0.025906,0.034683,0.37747,-0.040483,-0.15365,-0.077532,0.04955,0.095998,-0.52991,0.11348,-0.081077,0.021372,0.14672,-0.098162,0.22179,-0.12099,-0.091328,-0.1635,0.29115,0.15401,-0.028125,0.21008,0.19988,-0.072268,-0.07624,0.084813,0.34607,0.23712,-0.20724,0.30703,-0.10036,-0.031003,0.019449,0.12746,0.079222,-0.1344,0.18481
0.15502,0.45672,0.17492,-0.12376,-0.072678,0.028773,0.20329,0.33401,0.30005,0.21103,0.1068,0.098236,0.14491,0.15946,0.12617,0.015701,-0.10056,-0.15898,-0.17823,-0.13668,-0.066347,-0.0292,-0.025594,-0.031734,-0.069329,-0.11195,-0.10312,-0.048139,0.041424,0.17797,0.28126,0.091086,0.11847,0.084896,-0.035388,0.027929,0.027307,-0.036787,0.15607,0.29142,0.2396,0.20042,0.18203,0.13017,0.053339,-0.031922,-0.064856,-0.0035083,0.027975,-0.015012,-0.093086,-0.20315,-0.22568,-0.13003,-0.11633,-0.16239,-0.10786,-0.059811,-0.089861,-0.090213,-0.057419,-0.024629,-0.009554,-0.0069041,-0.017732,-0.021572,0.0069921,0.033617,-0.013177,-0.10948,-0.19143,-0.19059,-0.013606,0.11489,0.10395,0.10504,0.10622,0.096315,0.099719,0.091688,0.077807,0.11256,0.15847,0.17873,0.17755,0.16706,0.16352,0.14778,0.14025,0.14874,0.00595,-0.075021,-0.028086,-0.060028,-0.084976,-0.05375,-0.051778,-0.0015268,0.21314,0.34713,0.019784,-0.53489,-0.61683,-0.40437,-0.2761,-0.33972,-0.27721,-0.15949,-0.19855,-0.16109,0.022259,0.23309,0.31766,0.31137,0.22804,0.1524,0.10274,0.055412,0.042111,0.078515,0.14369,0.17203,0.15396,0.19302,0.2101,0.16658,0.13255,0.11909,0.13699,0.12411,-0.16318,-0.47283,-0.47347,-0.46044,-0.41594,-0.56379,-0.52865,-0.44067,-0.42723,-0.35434,-0.15265,0.086021,0.21754,0.22582,0.14294,0.10129,0.16776,0.27231,0.30142,0.20746,-0.012821,-0.30581,-0.56162,-0.72084,-0.69448,-0.60218,-0.52462,-0.42394,-0.25909,-0.0086578,0.30818,0.53776,0.63214,0.65171,0.58147,0.41743,0.20456,-0.012878,-0.14012,-0.14872,-0.095599,-0.040556,-0.12988,-0.20978,-0.19312,-0.16589,-0.1417,-0.076348,-0.022064,-0.023914,-0.036026,-0.020245,-0.026178,-0.098944,-0.14618,-0.10203,-0.024776,0.018175,0.10341,0.13109,0.31228,0.44965,0.4201,0.37107,0.3458,0.32377,0.27246,0.25776,0.40012,0.52403,-0.25184,0.60941,-0.4683,0.093069,0.26063,0.29718,-0.63469,0.12089,-0.90804,0.35605,0.74524,-0.45933,-0.25642,0.14142,0.10517,0.40428,0.5641,0.46228,0.018179,0.012763,-0.13547,-0.30491,0.29982,-0.37688,0.088834,-0.27944,-0.20864,0.10411,0.22125,0.086761,2.5799,-0.86955,-0.93815,1.3258,-0.81717,-0.17973,-0.30869,-0.62507,0.68187,0.303,-0.32686,-0.0046196,-0.44892,-0.047599,0.30393,0.23691,-0.3057,0.16571,-0.71647,0.35596,0.23726,0.20168,-0.15675,-0.49495,-0.028797,0.22879,-0.086846,0.0097731,0.19607,-0.12189,2.5039,-1.0946,-1.0423,0.019756,-0.4102,1.2747,0.19885,-0.69625,0.8466,0.18256,0.17557,-0.40155,-0.66368,-0.46952,-0.33665,0.66777,-0.25545,0.18288,0.14552,0.10382,0.37409,-0.098838,0.36135,-0.083343,-0.04925,0.16532,0.0032726,-0.08799,-0.28868,0.040212,0.063479,-0.97201,0.2542,-0.024202,0.1508,-0.087033,0.11902,1.4201,0.062222,-0.6586,-0.13244,0.12105,-0.37906,0.10506,0.2844,0.020376,0.25474,-0.49518,-0.3441,-0.25124,-0.29143,0.38317,-0.0046186,0.40827,0.27855,-0.1349,-0.39177,0.046464,-0.00729,-0.16369,2.7331,1.9202,0.81161,0.072505,-0.27064,-0.69642,0.81613,0.6325,0.011391,0.09611,-0.18249,-0.0073513,-0.40997,0.54916,-0.23822,0.39113,0.2883,0.25312,0.29372,0.65141,0.1049,0.040847,-0.22733,-0.42135,-0.0053079,0.036555,0.071341,-0.38093,-0.027221,-0.2213,0.0068561,-0.96803,-0.35922,-0.17136,-0.14956,0.48915,-0.046394,0.50646,-0.025178,0.40682,-0.34904,0.28232,0.28617,-0.021833,0.28941,0.25916,0.34359,0.063609,-0.161,0.22747,0.15048,-0.33212,0.29257,-0.033791,-0.42271,0.09192,0.17348,0.073666,-0.067155,0.19672
0.1068,0.34685,0.31908,0.00040613,-0.13764,-0.028603,0.057044,0.1735,0.27074,0.22541,0.15577,0.10067,0.1006,0.10991,0.094387,0.048721,-0.067022,-0.1718,-0.16212,-0.096383,-0.032528,-0.0085495,-0.049894,-0.094138,-0.061607,-0.039692,-0.13575,-0.14659,0.042561,0.23046,0.3289,0.24459,0.30667,0.22765,0.11951,0.18022,0.17706,0.11528,0.21026,0.28375,0.22264,0.1803,0.16381,0.11313,-0.018267,-0.12486,-0.13687,-0.093188,-0.040736,-0.034678,-0.027958,-0.14432,-0.23897,-0.14347,-0.13104,-0.17782,-0.17243,-0.15826,-0.18457,-0.1867,-0.17036,-0.069994,0.022457,0.02531,0.0085232,0.0011242,0.021039,0.059647,0.089197,0.043898,-0.044593,-0.070517,-0.086841,-0.11388,-0.063626,0.053286,0.082091,0.014822,-0.012511,-0.0018736,-0.0063093,-0.0038227,0.052292,0.13352,0.17114,0.16816,0.1671,0.077124,0.019487,0.070344,0.12622,0.16534,0.17534,0.054048,-0.043241,-0.021029,-0.0024037,0.00024077,0.09257,0.17749,0.43891,-0.19361,-0.31909,-0.32213,-0.2969,-0.29347,-0.39456,-0.31971,-0.16278,-0.16503,-0.092219,0.078162,0.19634,0.19994,0.15502,0.077766,0.037743,0.020675,0.036278,0.16479,0.28458,0.29706,0.24631,0.16808,0.074888,0.053659,0.068247,0.064095,0.085613,0.052743,-0.23287,-0.35963,-0.28263,-0.29671,-0.36252,-0.47598,-0.46694,-0.42275,-0.33378,-0.22956,-0.082089,0.11557,0.22349,0.18447,0.084377,0.03595,0.074068,0.15453,0.22276,0.22289,0.13202,-0.14698,-0.45899,-0.63442,-0.6365,-0.55741,-0.43489,-0.29425,-0.17741,-0.072213,0.047776,0.18274,0.32855,0.44255,0.44942,0.3251,0.19906,0.13869,0.10532,0.037991,-0.0086719,-0.020155,-0.12301,-0.19962,-0.17864,-0.14741,-0.11512,-0.09772,-0.097867,-0.10275,-0.11358,-0.08427,0.029457,0.079416,0.018014,0.0029128,-0.013443,0.056803,0.19867,0.31002,0.35437,0.32937,0.24691,0.3035,0.36005,0.32834,0.28638,0.24783,0.33923,0.45064,-0.38262,0.38654,-0.58639,0.18581,0.30615,0.2451,-0.64507,-0.1078,-0.53639,0.22711,0.67391,-0.33457,-0.37119,-0.014121,-0.17493,0.044037,0.32891,0.56555,0.087145,-0.022466,-0.25673,-0.18021,0.042442,-0.1636,0.18195,-0.16801,0.12613,-0.042541,0.16236,0.042011,2.3878,0.37181,-0.79254,1.8791,-0.060717,-0.32737,0.39664,-0.24325,0.11047,-0.23055,-0.23227,0.23262,-0.3187,0.12597,0.19536,-0.0091482,0.17158,0.35126,-0.9032,-0.17353,-0.061036,0.22207,-0.16359,0.043013,0.23971,0.14406,0.10412,-0.09157,-0.28208,-0.24284,2.5603,-0.92382,-1.1157,-0.44348,-1.2652,-0.34985,0.2851,-0.54884,0.37209,0.25593,0.25109,-0.38824,-0.44115,-0.29071,-0.11423,0.16141,0.34017,0.26415,0.3208,-0.027457,-0.47368,0.062986,0.34343,-0.37623,0.2852,-0.038922,-0.087443,-0.14857,-0.12174,-0.024118,0.14018,-0.73412,0.21497,0.28056,0.077511,0.37042,0.40296,0.98341,0.083874,-0.037042,-0.060974,0.028685,-0.24692,0.30102,0.30338,-0.097244,0.14256,-0.3387,-0.34375,-0.22829,-0.1187,0.43978,-0.039192,0.20054,0.21118,-0.12719,-0.21463,-0.021864,0.12812,-0.13468,2.8171,2.5723,0.69642,0.29513,-0.46153,-0.66668,-0.25296,0.35071,-0.10479,-0.21006,0.34221,0.70724,0.30605,0.25787,0.16161,0.096991,-0.022027,0.014476,0.2617,0.0071191,0.12137,-0.0089325,0.050474,0.04239,-0.17051,0.0591,-0.13319,-0.25148,0.25874,0.143,0.046012,-0.73344,-0.2959,-0.059611,-0.1446,-0.065191,-0.081374,0.027675,-0.59991,0.055895,-0.25742,0.25192,0.30829,-0.27225,0.32781,-0.0028425,0.2009,0.032558,-0.10793,0.22313,0.020096,-0.11109,0.35802,0.0051052,-0.40967,0.10922,0.020032,-0.060923,0.0080035,0.036428
-0.051818,-0.030444,0.11269,-0.018929,-0.13944,-0.069384,0.16643,0.32279,0.28028,0.18767,0.10796,0.086327,0.11643,0.13455,0.11795,0.06574,-0.031881,-0.092833,-0.068926,-0.013681,0.033357,0.025031,-0.019914,-0.063694,-0.1391,-0.22199,-0.22292,-0.151,-0.036864,0.10143,0.13817,0.1571,0.22692,0.18118,0.18338,0.17245,0.11263,0.033448,-0.032372,-0.054975,-0.040375,0.091535,0.17638,0.16656,0.14621,0.010941,-0.1196,-0.10342,-0.079719,-0.075469,-0.10106,-0.089041,0.015595,0.10396,0.11957,0.080693,0.011773,-0.062701,-0.10537,-0.10118,-0.082464,-0.10732,-0.13599,-0.12451,-0.12203,-0.1123,-0.071367,-0.038696,0.031509,-0.12275,-0.39436,-0.5268,-0.57241,-0.38171,0.17029,0.49091,0.45789,0.33645,0.20713,0.099427,0.036404,0.058793,0.10947,0.18482,0.25042,0.24711,0.20781,0.1849,0.10483,0.077425,0.14858,0.21571,0.24772,0.16935,0.086468,-0.0061756,-0.14173,-0.18746,-0.082629,0.007234,0.67686,0.11064,-0.25633,-0.26793,-0.23949,-0.2883,-0.2611,-0.17458,-0.20345,-0.14836,-0.044837,0.095584,0.20042,0.21459,0.16494,0.075516,0.049575,0.07225,0.097572,0.14487,0.1852,0.17258,0.11891,0.10301,0.074304,0.018195,0.014537,0.046673,0.024341,-0.10894,-0.22718,0.091194,0.20544,0.023618,-0.11852,-0.11347,-0.054104,0.022857,0.096177,0.13603,0.12189,-0.0040652,-0.093449,-0.0074307,0.128,0.14884,0.12355,0.15415,0.19444,0.21894,0.18163,-0.023306,-0.30682,-0.4572,-0.47894,-0.431,-0.30941,-0.17666,-0.081105,0.00099887,0.073218,0.13925,0.19317,0.20698,0.153,0.013486,-0.067564,0.0063059,0.17989,-0.090587,-0.22639,-0.13039,-0.048221,-0.096258,-0.23808,-0.27221,-0.28467,-0.17609,-0.022813,-0.0095454,-0.0079196,-0.058995,-0.14717,-0.12702,-0.068343,-0.10893,-0.088456,-0.075344,0.024234,0.19075,0.29761,0.32189,0.26484,0.3445,0.40437,0.29697,0.14854,0.082788,0.19923,0.32468,-0.87412,-0.70074,-0.66489,0.19357,0.39561,-0.13547,-0.13273,-0.41858,-0.025699,0.56665,0.86723,-0.77655,-0.35459,0.4463,0.37907,-0.48895,0.2033,-0.047888,0.30489,-0.48429,0.063548,-0.77778,-0.26886,0.027936,-0.0068061,-0.064328,0.10679,-0.083706,0.059344,0.046125,2.5187,-0.33535,0.20691,1.1249,-0.77796,0.091999,0.062981,0.26656,0.10213,0.87546,-0.16846,0.09881,-0.13667,0.037313,-0.42729,-0.1053,0.83888,0.5905,-0.30696,0.30498,-0.24093,0.049086,-0.23661,-0.17364,0.080271,0.27057,-0.10928,0.15645,0.046285,-0.056558,2.3827,-0.13665,-0.68448,-0.50087,0.26334,0.51908,-0.55626,-0.80858,0.23558,-0.22226,0.069393,-0.43005,-0.90446,0.29047,-0.20053,-0.31937,-0.62751,-0.019671,0.30597,-0.22371,-0.26164,0.1824,0.1918,0.094991,-0.063269,-0.082867,0.027152,0.053107,-0.066123,-0.064334,0.131,-0.21104,-0.39905,-0.023765,0.37118,0.6371,-0.024994,0.3121,0.42313,-0.75886,-0.13521,0.089107,-0.23841,0.10905,-0.41601,-0.044418,-0.32277,-0.39145,-0.68787,-0.14728,-0.2289,-0.45308,-0.093158,-0.025074,0.16943,0.21111,-0.34412,-0.16789,0.13106,0.04606,3.2898,0.35417,0.40239,-0.0043389,0.54629,-0.14957,-0.043361,0.92095,0.36247,0.39168,0.21562,-0.19691,-0.51164,0.52985,0.19765,-0.68055,0.056181,-0.063417,0.0061061,-0.18203,0.015354,-0.11248,0.26977,0.024926,0.012141,0.28733,0.13365,-0.13933,-0.27487,-0.18065,-0.023371,-0.17415,0.20103,-0.26561,0.071259,-0.2712,-0.12382,0.087228,0.25029,-0.33135,0.14246,0.34648,-0.18068,0.39766,-0.088365,-0.17339,0.47959,-0.27819,-0.18417,0.56982,0.0067954,0.10274,-0.18874,0.3032,0.28848,-0.16695,0.0016114,0.32723,-0.087214,0.19183
0.39928,0.50031,0.35977,0.14581,0.039145,0.12686,0.27208,0.26755,0.10029,0.025493,0.067682,0.074029,0.086282,0.092905,0.086996,0.014852,-0.064269,-0.092576,-0.089991,-0.02822,0.036767,0.049459,0.0081083,0.036357,0.064489,-0.013239,-0.0013525,0.037876,0.094261,0.24702,0.29277,0.083467,-0.039622,0.15308,0.18262,0.2045,0.15679,0.065064,-0.011214,-0.058605,-0.032813,-0.0047837,-0.02229,-0.036689,-0.063388,-0.091751,-0.10426,-0.07483,-0.01882,-0.021097,-0.083616,-0.080683,0.031535,0.10526,0.089821,0.021169,-0.053758,-0.10133,-0.11893,-0.10604,-0.080451,-0.099799,-0.12698,-0.11914,-0.12561,-0.1252,-0.052635,0.0042767,-0.025173,-0.066816,-0.070862,-0.046696,0.010801,0.061505,0.064734,0.059491,0.097592,0.15866,0.19142,0.21414,0.21819,0.17419,0.15027,0.15587,0.13358,0.084523,0.025697,0.016326,0.03992,0.054727,0.058782,-0.026832,-0.087339,-0.094032,-0.15274,-0.1656,-0.15985,-0.12499,0.067817,0.1995,-0.34344,-0.3263,-0.2048,-0.19118,-0.2187,-0.22523,-0.30793,-0.39917,-0.31934,-0.070024,0.1541,0.17766,0.17457,0.16725,0.14021,0.10701,0.022659,-0.058292,-0.048619,0.0077491,0.066462,0.072809,0.076182,0.16912,0.1987,0.13907,0.15572,0.19765,0.16788,0.1079,0.031508,-0.3628,-0.5627,-0.42937,-0.268,-0.29167,-0.20911,-0.15171,-0.13418,-0.090467,-0.075058,-0.021901,0.10634,0.22091,0.25417,0.21757,0.18093,0.22442,0.31267,0.33589,0.22948,-0.056015,-0.36218,-0.46452,-0.40175,-0.27815,-0.13563,-0.055379,-0.0041105,0.091637,0.19578,0.29705,0.37092,0.39326,0.34055,0.19409,0.063249,-0.013622,-0.077536,-0.091692,-0.071593,-0.15103,-0.22915,-0.20932,-0.18443,-0.15406,-0.12762,-0.11429,-0.11516,-0.12279,-0.14087,-0.13253,-0.075884,-0.050217,-0.044088,0.015161,0.13918,0.21819,0.21241,0.18454,0.14027,0.21668,0.27648,0.16257,0.061086,0.063932,0.080149,0.12355,0.28772,0.42712,-0.10437,-0.34815,-0.6538,0.2203,0.6859,0.30064,-0.55765,0.19699,-0.58121,0.56138,0.64826,0.0043439,-0.071211,0.19476,-0.13021,0.10892,-0.02065,0.24826,0.39032,-0.10727,-0.049155,-0.30005,0.14417,0.10095,0.46308,-0.082009,-0.11448,0.15417,-0.11921,-0.13785,2.507,-0.15106,-0.11159,0.95102,-0.98339,-0.30308,-0.0063918,-0.51265,0.87519,0.0025374,-0.091141,0.20063,-0.57807,0.14205,-0.10834,0.1196,0.15993,0.079565,-0.28831,-0.3299,0.20797,-0.035092,-0.32276,0.077236,-0.023567,0.37297,-0.2863,0.10373,-0.045545,-0.071215,2.2917,-0.36793,-1.2302,-0.55068,-0.78131,-0.35814,0.43691,-0.70704,0.525,0.82673,-0.17151,-0.23166,-0.20597,0.056374,-0.1474,0.29393,-0.22165,0.1422,0.034737,0.1604,0.0061589,0.1663,0.17023,0.35492,0.17886,0.20791,0.024182,-0.25626,-0.22193,-0.092352,-0.17172,-0.23955,-0.2395,0.25323,0.073734,0.057234,0.31544,1.1401,-0.31416,-0.45233,0.20851,0.069768,-0.057591,0.19539,0.077383,-0.016019,0.036641,-0.16768,-0.012493,0.073555,-0.41678,0.024014,0.059141,0.25778,0.33595,-0.21223,-0.35436,0.1217,0.013433,-0.069591,2.581,1.4029,0.23486,0.049598,-0.96274,-0.5352,0.37117,0.33282,0.16185,-0.23633,-0.33557,0.05035,-0.15674,0.17605,0.023299,0.25488,0.38281,-0.16625,-0.013128,-0.0051715,0.017915,-0.072233,0.17073,-0.2388,0.028159,0.16345,0.083628,-0.13907,-0.26292,-0.064458,-0.1954,-0.18894,0.14084,1.1267e-05,-0.21143,0.24965,0.057971,0.13875,-0.44677,0.39795,-0.123,0.22659,0.50517,0.053812,0.041644,0.094613,0.18097,-0.065202,-0.10614,-0.026209,0.086723,-0.28627,0.20198,-0.21004,0.069896,-0.040986,0.032672,-0.36479,0.047414,0.39819
0.38151,0.53939,0.54314,0.25988,0.011999,-0.01785,0.050576,0.076463,0.020721,-0.013836,-0.012731,0.01465,0.055881,0.054427,0.049036,0.018938,-0.042563,-0.080017,-0.04434,0.047403,0.14032,0.18797,0.18703,0.15313,0.10725,0.060497,-0.050973,-0.16066,-0.10856,0.044239,0.20533,0.15947,0.073434,0.043966,0.10727,0.15077,0.12448,0.046594,0.0097951,-0.0027636,-0.039458,-0.063843,-0.064327,-0.072579,-0.11696,-0.1512,-0.13117,-0.086624,-0.048107,-0.056058,-0.079993,-0.073535,-0.023706,0.053412,0.078231,0.05242,-0.0095085,-0.014152,0.012327,0.023934,0.040711,-0.0023581,-0.052629,-0.047121,-0.030584,0.0014787,0.034714,0.0025602,-0.016856,0.065906,-0.10652,-0.27256,-0.23342,-0.010683,0.20436,0.28304,0.23866,0.14517,0.084157,0.064194,0.056965,0.035712,0.036371,0.060255,0.082922,0.056103,0.012901,0.008393,0.021934,0.039218,0.053307,-0.024957,-0.10222,-0.096502,-0.09337,-0.089627,-0.038026,0.026915,0.093483,0.13615,0.8994,-0.014933,-0.26395,-0.2473,-0.18219,-0.13715,-0.16192,-0.23907,-0.22693,-0.12226,-0.021967,0.01295,0.038174,0.05243,0.059385,0.029257,-0.023769,-0.046568,-0.006847,0.071654,0.14557,0.16737,0.13293,0.19082,0.22595,0.16982,0.20457,0.25984,0.28536,0.1686,-0.014832,0.34182,0.36997,0.031238,-0.31504,-0.41106,-0.35551,-0.26057,-0.16241,-0.1096,-0.092903,-0.078746,-0.090852,-0.10615,-0.090467,-0.015968,0.10396,0.19124,0.15622,0.041672,-0.062986,-0.17252,-0.28084,-0.36368,-0.38784,-0.36049,-0.25148,-0.095311,0.032008,0.083777,0.064411,0.026843,0.0018713,-0.0096962,-0.039463,-0.1117,-0.13864,-0.098615,0.001155,0.1039,-0.078818,-0.17739,-0.1669,-0.16915,-0.13823,-0.10239,-0.089876,-0.082629,-0.077183,-0.077817,0.016257,0.11129,0.063471,0.0026546,-0.045806,-0.024368,0.07712,0.15689,0.18596,0.18926,0.17562,0.20558,0.19732,0.099121,0.018234,0.066698,0.13699,0.14923,0.23247,0.32439,-0.47036,-1.4242,0.3303,0.02296,0.39345,0.057586,-0.063516,-0.22551,0.098052,0.44691,0.41806,-0.10689,-0.26758,0.43342,0.33722,-0.12698,0.39412,0.062632,0.2011,-0.13521,-0.24633,-0.11319,-0.048559,-0.1856,-0.014163,-0.022803,0.18891,-0.20614,0.062781,-0.016795,1.0929,-2.0443,1.6564,-0.52202,-1.6167,0.11563,0.07963,-0.1866,-0.10787,0.17157,-0.31799,-0.08812,-0.46824,0.22581,-0.11464,-0.078212,0.21845,0.46683,0.13082,-0.31199,-0.16018,0.099434,-0.17206,-0.13527,-0.068327,0.27499,0.12913,-0.21035,-0.12537,0.17456,2.5237,0.38458,-0.75059,0.3925,-0.36541,0.79831,-0.2412,-0.063815,0.20387,0.28924,-0.15161,0.15685,-0.14302,0.21174,-0.36927,-0.2383,-0.050364,-0.2215,0.019372,-0.3353,-0.39057,0.0050608,0.12421,0.24624,0.081544,0.158,-0.0052516,0.078259,-0.10743,0.029153,0.11698,-0.36718,-1.3352,-0.13454,-0.20534,0.45995,0.7189,0.3145,-0.27089,0.0082476,0.32951,0.10652,-0.067194,0.33058,-0.10946,0.12455,-0.31656,0.20785,-0.13843,-0.36383,-0.30906,-0.13164,-0.14279,-0.099013,-0.027442,0.32969,-0.20106,-0.28403,-0.038425,-0.17865,2.4266,1.6239,-1.1427,-0.31274,-0.8113,0.056769,-0.22032,0.22737,0.42503,-0.070306,-0.10128,0.19429,0.099154,0.081943,-0.029822,-0.34231,-0.28808,0.24074,-0.13796,0.2323,-0.20533,0.13134,0.15941,-0.17362,0.29442,0.026056,0.008702,-0.022579,0.2512,0.28255,-0.027143,-0.017232,1.024,0.093888,0.61156,-0.078183,0.2243,0.025049,0.024452,0.51168,-0.23874,0.040994,-0.32593,0.26894,-0.36443,-0.068654,0.13089,-0.074789,-0.34363,-0.065322,-0.03635,0.12351,0.079029,0.053708,-0.12724,-0.28156,0.039331,0.18742,0.053487,0.065174
0.16336,0.044726,0.13,0.015059,-0.053255,0.015231,0.13037,0.15991,0.074817,0.045966,0.079356,0.079173,0.10976,0.14125,0.12658,0.023377,-0.10296,-0.16978,-0.16659,-0.089183,0.0119,0.051194,-0.036927,-0.16559,-0.22203,-0.12158,0.056882,0.1043,0.083647,0.15317,0.28527,0.36526,0.3247,0.19536,0.229,0.25325,0.20059,0.085851,-0.012985,-0.063839,-0.039098,-0.0077277,-0.021567,-0.037896,-0.08199,-0.13734,-0.054165,0.091726,0.15816,0.15817,0.10726,-0.045184,-0.12633,-0.036827,-0.023928,-0.06417,-0.056901,-0.036188,-0.060497,-0.067572,-0.053282,-0.025137,0.0016589,0.012712,0.0073891,-0.0057738,-0.012251,0.027694,-0.015035,-0.061261,-0.13254,-0.29605,-0.30556,-0.249,-0.17425,-0.10025,-0.094978,-0.093921,-0.063214,-0.050071,-0.041413,0.0022796,0.12648,0.24156,0.25192,0.20908,0.1454,0.13895,0.17135,0.17052,0.17839,0.18436,0.11058,0.022567,0.019373,0.04055,0.018125,-0.014508,0.082363,0.18099,0.94233,0.24928,-0.22448,-0.22984,-0.18515,-0.17548,-0.23386,-0.32891,-0.31175,-0.15473,0.013113,0.075661,0.17447,0.23985,0.19968,0.11921,0.0463,-0.008355,0.002904,0.074084,0.16234,0.18761,0.16676,0.095626,0.015799,0.020844,0.049419,0.061304,0.069157,0.046729,-0.046052,0.067206,0.093501,-0.078467,-0.29901,-0.32087,-0.22706,-0.1607,-0.13508,-0.077183,-0.043624,-0.011607,0.035113,0.056232,0.033073,0.017256,0.020253,0.096848,0.19319,0.19578,0.12108,-0.08717,-0.34159,-0.49271,-0.50221,-0.45003,-0.33125,-0.23892,-0.20781,-0.16263,-0.065752,0.065441,0.15906,0.1869,0.19724,0.18119,0.16542,0.1559,0.12902,0.16773,0.11445,0.057116,0.054392,0.031902,0.025952,0.046196,-0.042666,-0.1233,-0.11748,-0.12219,-0.13716,-0.19432,-0.18215,-0.15231,-0.21145,-0.22856,-0.20932,-0.10818,-0.0075126,0.027123,0.07241,0.042963,0.087981,0.27948,0.37006,0.33721,0.26607,0.20535,0.30059,0.42024,-0.4842,-0.57992,-0.84885,0.041971,0.07144,-0.085212,0.1715,-0.34716,0.077835,0.39903,0.8775,-0.17243,-0.44983,0.05723,-0.11156,0.034768,0.038976,0.39291,0.032983,-0.13377,-0.020331,-0.22247,-0.11252,-0.21489,0.14855,0.015128,-0.063725,-0.14479,0.1375,-0.10622,2.6252,-0.23695,-0.11249,0.70402,-1.0239,-0.22483,0.25056,0.58736,0.132,0.11678,0.025348,-0.13221,-0.20838,0.0098016,-0.033891,-0.10705,0.1001,0.10094,-0.39548,-0.070505,0.15828,0.018319,-0.15634,0.16505,-0.016604,0.2316,-0.059426,-0.10703,0.016908,-0.061561,2.4953,-0.44259,-0.74767,-0.63046,-0.42579,0.18465,-0.41795,-0.35914,-0.086753,-0.0635,-0.19163,-0.46856,-0.072836,-0.24041,-0.20405,0.12383,0.1706,0.018427,-0.12612,-0.053229,-0.34463,-0.42289,0.27072,0.1699,-0.14026,0.12115,-0.20926,-0.11964,-0.21049,-0.17936,0.040946,-0.089501,-0.081255,0.24313,0.19483,0.58796,0.31694,0.14025,0.084057,-0.21569,0.00020305,0.31023,-0.081285,-0.13407,0.21699,0.15977,-0.017067,-0.013059,-0.13712,-0.029316,-0.045841,0.18054,0.10972,-0.032799,0.24865,0.077082,-0.16495,0.047904,0.0089956,0.00075372,2.6662,1.7477,0.15885,0.34549,-0.89525,0.13805,-1.0276,0.26826,0.1922,-0.23557,0.036549,0.60694,-0.12498,0.30158,0.33948,0.0038924,0.15105,-0.036999,0.31631,0.17767,0.10476,0.23752,0.085225,-0.11692,-0.13317,-0.025833,0.11983,-0.18928,-0.25029,0.040386,-0.047821,-0.1138,-0.093625,-0.077307,-0.0010057,-0.62369,0.052473,-0.38914,-0.37724,-0.19215,-0.030786,0.17306,0.17139,0.13567,-0.041324,0.078035,-0.066004,-0.055708,-0.31635,0.039531,0.12493,-0.28739,0.17519,-0.16162,-0.095209,-0.083939,0.21398,0.049554,-0.14764,0.0021592
0.15532,0.42894,0.41567,0.11169,-0.028223,0.052565,0.067174,0.098976,0.14874,0.13128,0.11655,0.10663,0.11059,0.108,0.075509,0.014531,-0.061259,-0.11426,-0.10554,-0.029452,0.062777,0.10898,0.040216,-0.050605,-0.091536,-0.13344,-0.15768,-0.13324,-0.023883,0.094931,-0.003913,-0.001727,0.030809,-0.010209,0.038726,0.087946,0.082638,0.027795,0.07698,0.12885,0.14629,0.17174,0.15828,0.14872,0.11964,-0.0026319,-0.083417,-0.023572,0.014889,-0.013383,-0.086565,-0.10252,-0.025724,0.035836,0.02207,-0.033302,-0.096575,-0.12974,-0.13215,-0.11571,-0.13453,-0.15771,-0.13667,-0.12964,-0.1356,-0.074025,-0.0072132,0.0030592,-0.026324,-0.10021,-0.059596,0.11886,0.25254,0.27221,0.20936,0.11494,0.11273,0.19637,0.24634,0.23392,0.18906,0.1357,0.12326,0.14517,0.1439,0.11357,0.069433,0.036757,0.048688,0.082186,0.10715,0.11293,0.0079075,-0.063379,-0.065141,-0.15142,-0.1652,-0.082866,0.088186,0.21585,-0.24103,-0.40174,-0.34879,-0.34665,-0.33266,-0.32135,-0.38009,-0.2132,0.064416,0.073769,0.085263,0.13248,0.16993,0.1466,0.078549,-0.013915,-0.072717,-0.09231,-0.074455,-0.0043509,0.076942,0.10733,0.19407,0.22199,0.14949,0.10702,0.091267,0.098146,-0.062927,-0.29428,-0.11848,0.36571,0.43264,0.15968,-0.14055,-0.26689,-0.27023,-0.23219,-0.1373,-0.056241,-0.016419,0.049874,0.1289,0.15875,0.12002,0.12691,0.20657,0.30173,0.34569,0.29927,0.14838,-0.082337,-0.29479,-0.37121,-0.32658,-0.23702,-0.14876,-0.075043,0.0057844,0.07394,0.12544,0.1895,0.25228,0.28733,0.25496,0.20588,0.14554,0.051406,-0.050833,-0.11096,-0.09087,-0.14904,-0.20471,-0.17625,-0.15696,-0.14059,-0.12106,-0.11177,-0.11726,-0.12355,-0.13376,-0.11887,-0.076077,-0.085089,-0.12,-0.11572,-0.058888,0.072243,0.19122,0.23695,0.23819,0.18007,0.30885,0.38167,0.29178,0.25773,0.19682,0.1436,0.2871,0.42232,-0.44651,-0.98061,-0.050278,-0.1406,0.20759,-0.0034005,-0.0044698,-0.35886,-0.56503,0.3759,0.64994,-0.64111,-0.39199,-0.23071,0.0093917,0.1943,0.43982,0.68998,0.059456,-0.026066,0.032198,-0.21408,-0.02069,0.0077877,0.030605,0.0059417,-0.037131,-0.041441,-0.022257,0.06918,2.5084,-0.6043,0.69083,1.2421,-1.0511,-0.15689,0.10503,0.27506,0.44424,0.56414,-0.46828,-0.10063,-0.18884,-0.10211,0.12152,0.2429,-0.14172,0.19198,-0.43438,-0.07048,0.10026,-0.071071,-0.13933,-0.082468,-0.0054517,0.12996,-0.17462,0.020704,-0.075506,-0.2232,2.2333,0.31748,-1.6651,-0.064736,-0.32348,-0.23713,-0.29769,-0.51464,0.081266,0.55879,0.22143,-0.36184,-0.62495,-0.15048,0.075847,0.21826,0.26261,-0.015497,-0.051589,0.15442,-0.25182,0.097723,0.36804,0.08962,0.04461,0.20651,-0.057809,-0.24348,-0.017662,0.048673,-0.012512,-0.50398,-1.0339,-0.10836,0.11203,0.47992,0.35747,0.51415,0.29764,-0.40209,-0.13496,-0.076334,-0.4465,-0.026299,0.43741,0.38739,-0.15786,0.023316,-0.3426,-0.19445,-0.20087,0.31473,-0.090975,0.076675,0.21863,0.075765,-0.12553,0.064991,0.056392,0.11848,2.5781,1.2963,-0.60115,-0.14927,-0.26264,-0.086215,0.091084,0.68545,0.24571,0.10833,0.27704,0.31277,-0.13609,0.64167,-0.37832,0.35032,0.19061,-0.13635,-0.0085344,0.30467,-0.19185,0.425,0.039204,-0.28296,-0.23005,0.12158,0.20337,-0.15713,-0.29034,-0.10945,-0.20258,-0.40722,0.79929,-0.1365,0.29404,-0.24256,-0.12779,0.21083,-0.22984,-0.11046,-0.014426,0.18242,-0.14616,-0.14291,0.42106,0.11332,-0.22715,-0.13377,-0.25813,0.030825,0.036352,-0.14102,0.33965,-0.026649,-0.2378,-0.0086308,0.0709,-0.028222,-0.0095309,-0.032882
0.48194,0.36833,0.27278,0.021503,-0.19535,-0.23127,-0.082633,0.050727,0.050524,0.0516,0.070111,0.06605,0.083723,0.094987,0.09235,0.041271,-0.019677,-0.052494,-0.056393,0.0003753,0.056161,0.062565,0.024772,0.0462,0.11987,0.097189,0.028092,0.0299,0.042359,-0.005732,-0.021567,0.057019,0.065945,0.10028,0.11816,0.17921,0.16035,0.077807,0.04853,0.043831,0.0079257,-0.013471,-0.02725,0.017025,0.048533,0.080351,0.13469,0.13078,0.13759,0.16333,0.086128,-0.069114,-0.0785,0.014678,0.021333,-0.032992,-0.11338,-0.17065,-0.19044,-0.18436,-0.16439,-0.067678,0.022178,0.020754,-0.027718,-0.095521,-0.11229,-0.047737,-0.02033,0.063082,0.11889,-0.021489,-0.17597,-0.21766,-0.21109,-0.17929,-0.064683,0.074511,0.11423,0.057418,0.012737,0.078512,0.17208,0.20241,0.19644,0.1571,0.089273,0.093188,0.16622,0.19389,0.21882,0.22065,0.1215,-0.015087,-0.045066,-0.039689,-0.039513,0.023738,0.22691,0.37218,1.0012,0.045345,-0.27348,-0.26852,-0.2017,-0.18758,-0.23623,-0.30791,-0.36846,-0.22184,0.059456,0.16772,0.21561,0.22076,0.1899,0.17493,0.10753,0.019626,0.020417,0.069731,0.11863,0.11806,0.12571,0.18033,0.18473,0.13669,0.10571,0.103,0.12638,0.19052,0.21997,-0.11133,-0.33511,-0.41251,-0.4276,-0.49071,-0.40353,-0.29069,-0.16039,-0.070549,-0.02991,0.0050088,0.031261,0.058528,0.13156,0.21998,0.23556,0.17588,0.16096,0.2145,0.16102,-0.15455,-0.51664,-0.66306,-0.62628,-0.50912,-0.34106,-0.17549,-0.056913,0.023326,0.10452,0.17353,0.27048,0.41467,0.51415,0.49071,0.38038,0.12584,-0.070147,-0.021704,0.0033244,-0.11558,-0.20188,-0.18708,-0.16983,-0.14004,-0.11699,-0.10938,-0.10862,-0.098954,-0.10163,-0.074085,-0.076079,-0.16074,-0.21064,-0.2211,-0.15623,0.039042,0.2041,0.2343,0.2434,0.17054,0.16001,0.2947,0.36734,0.32542,0.26971,0.26602,0.40168,0.52807,-0.22128,-0.1419,-0.58393,0.058934,0.096104,0.28484,-0.39599,-0.0042032,-0.58674,0.36749,0.63247,-0.025825,-0.13322,0.20624,0.1488,-0.059201,0.55399,0.57046,-0.1977,-0.20695,-0.025876,-0.15445,0.0141,-0.2627,0.42175,-0.0427,-0.21787,-0.015719,-0.10723,0.053393,1.3639,-1.9374,0.099241,-0.17911,-1.3817,0.16717,-0.51323,-0.43237,0.41203,0.093983,-0.19253,-0.050252,-0.15383,0.15752,0.13616,0.1356,-0.11891,-0.30076,-0.46685,-0.09603,0.10419,-0.10744,-0.35312,0.18625,-0.041071,-0.16272,0.021281,-0.1532,-0.012846,-0.15378,2.4711,-0.80826,-0.89022,-0.51836,-0.63493,0.74313,0.10179,-0.34566,0.43116,0.34805,0.04142,-0.043796,-0.16341,0.10693,0.0075497,0.39155,0.18827,0.24283,-0.074302,0.53514,-0.37483,-0.12203,0.41247,0.12104,0.31202,0.076134,-0.28268,-0.013767,0.03857,0.19552,-0.14147,-0.5988,0.062109,0.25118,0.020077,0.051183,0.46223,1.1013,-0.20857,-0.10551,0.029209,0.012435,-0.20791,0.097565,-0.017588,0.18886,-0.11224,-0.11661,-0.18366,-0.19041,-0.17124,0.42242,0.21995,-0.066644,0.66311,0.29425,-0.2324,0.33119,-0.038075,-0.12301,2.5356,1.6754,0.33605,0.39587,-0.48378,-0.18575,0.47918,0.41226,0.037265,-0.22463,-0.20826,0.025502,-0.16812,0.25854,-0.31154,0.37696,0.38964,0.37701,0.39959,-0.018054,0.0071529,0.16641,0.3547,-0.21081,-0.035421,0.12599,0.04481,0.20347,-0.20872,0.047038,-0.13527,-0.61987,-0.098171,-0.0324,-0.2208,0.25629,-0.025348,0.050041,-0.69649,0.23846,0.00062455,0.24671,0.051828,-0.084908,0.13764,0.043795,-0.062957,0.023578,-0.081691,0.35229,0.18806,-0.38537,0.37212,-0.3226,0.042234,0.19472,-0.088362,-0.12849,-0.090262,-0.21937
0.72881,0.66665,0.32678,0.0027433,-0.12259,-0.085711,-0.027284,0.096847,0.2027,0.17472,0.12243,0.094553,0.023464,-0.065943,-0.15503,-0.24598,-0.20935,-0.12293,-0.095688,-0.036073,0.01151,0.018993,0.0048986,0.026971,0.068218,0.061026,0.0028743,-0.087766,-0.19358,-0.26931,-0.097145,0.010252,0.12538,0.14092,0.14493,0.067399,-0.012716,-0.0014698,0.097911,0.20139,0.20904,0.1828,0.1626,0.14752,0.12629,0.10045,0.010505,-0.045846,0.0063895,-0.013089,-0.088044,-0.081419,0.03227,0.10489,0.094921,0.033964,-0.035111,-0.0094881,0.033713,0.038274,0.0084919,-0.025961,-0.016208,-0.013796,-0.019404,-0.018759,0.0019203,0.022654,-0.037882,-0.22855,-0.34867,-0.32359,-0.18306,-0.024164,0.062452,0.051162,0.055742,0.1002,0.1022,0.033713,-0.034092,-0.0015503,0.060737,0.089926,0.1025,0.044656,-0.008638,-0.0022354,0.021264,0.047515,0.061968,-0.026197,-0.10661,-0.093052,-0.093478,-0.13575,-0.16954,-0.13615,0.010068,0.11149,-0.68986,-0.48602,-0.22199,-0.099027,-0.047535,-0.064616,-0.12525,-0.13909,-0.13231,-0.14918,-0.086789,0.031863,0.25639,0.3085,0.13577,-0.00070692,-0.071998,-0.10108,-0.06102,-0.0040925,0.039398,0.039876,0.065135,0.076943,-0.0088291,-0.095694,-0.1265,-0.14024,-0.13247,-0.082729,-0.17444,-0.14656,-0.015149,-0.11995,-0.14788,-0.028387,0.17855,0.28893,0.17947,-0.043999,-0.18284,-0.10837,0.10247,0.26314,0.29231,0.22791,0.20937,0.2806,0.35609,0.3286,0.15001,-0.1572,-0.41578,-0.48503,-0.42651,-0.31856,-0.19734,-0.16431,-0.16308,-0.044054,0.18917,0.42104,0.55764,0.58914,0.51026,0.34208,0.18044,0.049807,-0.071527,-0.12009,-0.054784,-0.0042044,-0.12743,-0.23051,-0.20924,-0.18134,-0.14274,-0.11434,-0.10769,-0.092587,-0.083275,-0.0094375,0.052517,-0.0079996,-0.04049,0.0045201,0.097516,0.16169,0.20367,0.22547,0.20528,0.2047,0.18516,0.096676,0.011664,0.010429,0.012701,0.019716,0.16132,0.2855,-0.26377,-0.54385,-1.086,0.11534,0.089798,0.079867,-0.059215,-0.10366,0.11788,-0.0050932,0.44919,-0.51577,-0.019031,0.36227,0.30788,-0.65067,0.62647,0.068868,-0.049582,-0.20663,-0.11985,-0.45032,0.098651,-0.27575,0.22397,0.28458,-0.084314,-0.02319,-0.21448,-0.1675,1.3935,-1.6546,0.1465,-0.48752,-1.376,0.49764,-0.85266,-0.11598,-0.49697,0.17556,-0.51265,0.70122,-0.4096,0.028044,0.0067794,0.067011,0.26051,-0.21799,-0.45595,0.19568,-0.10508,-0.0098852,-0.56017,0.19847,0.0058036,-0.58564,0.032648,0.024837,0.40065,-0.2035,2.4019,-0.18788,-1.1394,-1.0987,-0.23168,-0.26693,0.075387,0.4186,-0.10902,0.4371,0.019653,-0.50525,-0.6499,0.21615,0.018286,0.20608,-0.31945,-0.01574,0.171,0.22234,-0.45839,-0.21418,0.050109,0.099484,-0.31251,0.0012916,-0.19532,-0.12676,0.10466,0.18274,-0.03872,-0.0018676,0.044195,0.57046,0.068126,0.42098,0.35071,0.19582,-0.14969,0.069539,0.16751,-0.33503,-0.31112,0.60292,-0.34202,0.5224,-0.38712,-0.25834,-0.36277,0.049967,-0.35847,0.12324,-0.032229,0.06016,0.14297,0.069743,-0.070743,0.35103,-0.15182,0.16054,3.3725,0.40361,0.82488,0.0069213,-0.30619,-0.07197,-0.023963,0.32374,0.25108,0.78125,0.34309,0.033869,0.3148,0.41102,-0.18778,-0.28023,0.31313,0.1992,0.1597,-0.3261,-0.096641,0.014175,0.43744,-0.05436,0.15708,-0.42712,-0.34803,-0.19583,-0.27746,0.27375,-0.027531,0.018082,-0.32683,0.032338,-0.34264,-0.29292,-0.036874,-0.081417,0.06462,0.43049,0.10455,-0.04544,-0.41589,0.020944,-0.039481,-0.18222,-0.14815,-0.22284,0.001593,0.43206,0.12421,-0.282,-0.001513,0.041474,0.057894,0.046131,-0.15618,0.27238,0.13101,0.14559
0.3645,0.47466,0.37987,0.10654,-0.1452,-0.061625,0.20395,0.23342,0.083606,0.019145,0.059602,0.065663,0.082471,0.09362,0.080925,-0.021594,-0.12081,-0.13595,-0.10949,-0.033416,0.035901,0.058829,0.043694,0.055234,0.0895,0.056644,-0.025937,-0.10445,-0.097906,-0.010655,0.10466,0.19969,0.22453,0.18885,0.24395,0.25943,0.18379,0.073084,0.0023696,-0.021373,-0.040489,-0.061456,-0.05043,-0.034509,-0.057474,-0.079128,-0.057393,-0.011227,0.14394,0.24329,0.18247,0.064168,0.048654,0.13819,0.14336,0.092411,0.018274,-0.055674,-0.10069,-0.099801,-0.081267,-0.10226,-0.12833,-0.12033,-0.12831,-0.13074,-0.12722,-0.12262,-0.087195,-0.097984,-0.096233,-0.27979,-0.39866,-0.29717,-0.17136,-0.095707,0.0060109,0.092582,0.092634,0.08318,0.12559,0.19416,0.21642,0.19462,0.15437,0.0981,0.096652,0.14232,0.15527,0.16858,0.17258,0.088284,0.029054,0.09854,0.10505,0.011319,-0.011664,-0.054003,0.056494,0.22272,-0.33965,-0.32099,-0.19921,-0.37044,-0.52572,-0.3585,-0.27221,-0.3748,-0.31006,-0.086352,0.1327,0.17305,0.18786,0.19038,0.15336,0.082239,-0.026955,-0.092569,-0.054401,0.01879,0.082527,0.096205,0.11782,0.11454,0.12742,0.13922,0.10631,0.097417,0.068621,0.043964,-0.00198,0.013899,-0.0089744,-0.21034,-0.37895,-0.3172,-0.15996,-0.020238,0.0015075,-0.066028,-0.099389,-0.098204,0.00081442,0.15225,0.22404,0.25006,0.28997,0.32655,0.30806,0.26692,0.13955,-0.19384,-0.50348,-0.61006,-0.56724,-0.46831,-0.33361,-0.22214,-0.1347,-0.028674,0.07984,0.19395,0.28998,0.33972,0.32217,0.20095,0.036378,-0.00047537,0.053482,0.062663,0.097206,-0.022181,-0.12565,-0.14788,-0.16223,-0.14066,-0.1144,-0.098812,-0.092707,-0.095349,-0.12088,-0.086281,-0.055781,-0.1119,-0.12186,-0.08485,0.040198,0.14002,0.14306,0.15606,0.11515,0.15425,0.30674,0.36144,0.27131,0.20172,0.1794,0.34759,0.63767,0.77851,-0.30401,-0.25348,-0.38896,0.028826,-0.025326,0.028185,0.062032,-0.56493,-0.34623,0.49416,0.47741,-0.31314,-0.13851,0.29603,0.14926,0.026392,0.10606,0.44908,0.014975,-0.062554,0.11241,-0.30883,-0.095094,-0.058062,0.373,-0.084001,0.0053131,-0.050437,-0.050744,0.069084,2.5442,-0.58998,-0.17573,1.3899,-0.94828,0.010605,-0.27109,0.29976,0.26644,0.2855,-0.35169,0.1376,-0.30731,-0.11574,-0.4589,0.049514,0.044487,-0.028181,-0.38257,-0.17646,-0.045313,-0.059847,-0.13278,-0.10297,-0.22217,0.12407,-0.22434,-0.20903,0.23094,-0.11062,2.4555,-0.767,-1.0492,-0.26426,-0.8779,-0.087266,-0.439,-0.43344,0.21366,0.22428,-0.1702,-0.32213,-0.036797,-0.039476,-0.17644,-0.25226,-0.0044911,0.29766,0.22375,0.43254,-0.30298,0.033177,0.34308,0.059736,0.17464,-0.10257,0.21519,-0.13328,-0.05049,-0.015107,-0.023236,-0.7672,-0.090982,0.10638,0.13125,0.45813,0.79144,0.46415,0.018981,-0.22272,0.36007,0.041059,-0.21422,0.1478,0.20642,-0.036877,-0.13865,-0.012364,-0.35355,0.080737,-0.14155,0.048808,0.11064,-0.0052292,0.43513,0.2339,-0.11918,0.28847,0.2374,-0.23305,2.7251,1.4399,0.21051,0.13171,0.043087,0.26508,0.4093,0.72617,0.29504,-0.053127,0.04996,0.015758,-0.18999,0.17401,-0.043698,0.13223,0.36666,0.13746,-0.023382,-0.10527,0.11822,0.28718,0.19799,-0.31071,0.01823,0.24321,-0.1516,-0.191,-0.32048,-0.070114,-0.15638,-0.63904,-0.032568,-0.11076,0.064141,-0.27099,0.045127,0.20493,-0.10547,0.31793,-0.16,0.1645,-0.31752,0.35648,-0.098508,0.093038,0.155,-0.27239,-0.3543,0.1337,0.051386,-0.26568,0.054463,-0.3611,0.041881,-0.054136,-0.1086,0.12325,-0.28566,-0.11594
-0.15728,-0.1023,0.25626,0.13815,-0.055185,-0.066726,0.062808,0.15942,0.17878,0.075835,0.027088,0.11717,0.17148,0.19739,0.17113,0.064477,-0.0092082,-0.0037888,0.016355,0.084306,0.15593,0.17476,0.033406,-0.10838,-0.12341,-0.234,-0.311,-0.11301,0.083012,0.18918,0.30158,0.1931,-0.0053956,-9.9966e-05,0.057168,0.1043,0.076065,-0.0031173,-0.024269,-0.011909,-0.0332,-0.050097,0.077547,0.19017,0.16739,0.14839,0.066066,0.0071792,0.054864,0.024293,-0.065927,-0.14127,-0.093783,-7.4207e-05,0.011299,-0.035914,-0.063332,-0.073525,-0.09656,-0.0932,-0.098906,-0.10544,-0.089794,-0.041665,-0.004191,-0.013479,-0.01568,0.012095,0.02893,-0.01181,0.028972,0.076191,0.080087,0.058875,0.026412,-0.026661,-0.043608,-0.0099252,0.013351,0.039502,0.074606,0.093514,0.09783,0.17268,0.25794,0.25195,0.20619,0.17803,0.096933,0.062897,0.10782,0.15152,0.1842,0.071046,-0.028804,-0.0069125,-0.016417,-0.062961,0.014433,0.10881,0.8308,0.31401,-0.17505,-0.16484,-0.1657,-0.22057,-0.28387,-0.36341,-0.46673,-0.42687,-0.1493,0.20079,0.31088,0.32193,0.24589,0.17114,0.096522,0.039977,0.058082,0.11129,0.16573,0.16909,0.21226,0.21371,0.15428,0.11277,0.10031,0.11735,0.10755,0.074822,-0.041602,-0.32608,-0.613,-0.60517,-0.32158,-0.33636,-0.24616,-0.16352,-0.10078,-0.10284,-0.11846,-0.09914,-0.0024997,0.15069,0.24689,0.26122,0.30764,0.39698,0.47327,0.45187,0.28348,-0.068217,-0.43007,-0.59674,-0.60019,-0.52303,-0.37194,-0.20949,-0.076442,0.03992,0.11493,0.16102,0.18445,0.18654,0.21325,0.19177,0.13476,0.11504,-0.033484,-0.13087,-0.095022,-0.068926,-0.054946,-0.0359,-0.057119,-0.12979,-0.15333,-0.1297,-0.12393,-0.13329,-0.15775,-0.2101,-0.28525,-0.21058,-0.081632,-0.11905,-0.087344,-0.059598,0.058072,0.20732,0.26509,0.26157,0.21115,0.29194,0.35317,0.31956,0.2586,0.19028,0.27714,0.39741,-0.47817,-0.20143,-0.86059,0.0516,0.1482,0.3384,-0.2981,0.052454,-0.91925,0.39728,0.81613,-0.1074,-0.28348,-0.10943,0.094965,-0.32368,0.074904,0.81255,0.36601,0.24453,-0.18891,-0.25026,0.22746,0.27717,0.45172,0.1045,-0.025967,0.28214,0.11633,-0.033909,2.4876,-0.28743,-0.36505,0.74559,-0.71228,-0.47121,0.26488,-0.088119,0.97521,0.35496,0.043382,0.16417,-0.37179,0.1343,0.13406,0.050059,-0.21464,0.26657,-0.086907,-0.059976,-0.078241,-0.4651,-0.23289,-0.15433,0.3005,0.31242,-0.30733,0.13056,-0.011305,-0.2591,2.3913,-0.57457,-0.88113,-0.73272,-0.55537,0.49123,0.26936,-0.82231,0.30022,0.12598,0.17202,-0.65071,-0.56146,-0.50644,-0.13906,0.52366,0.060925,-0.19019,0.064312,0.41788,-0.0011999,0.035756,0.025367,0.20645,0.32557,0.14186,-0.22903,-0.052471,-0.11316,-0.26723,0.098897,-0.20893,0.11151,0.53521,0.097167,0.34953,0.27739,1.1537,0.1846,-0.037837,-0.11105,0.035014,-0.058395,-0.14032,0.42891,0.33396,-0.3497,0.062576,-0.22009,0.20502,-0.1942,0.021771,-0.23073,0.40193,0.22637,-0.24415,-0.30269,0.11727,0.014069,-0.013728,3.4181,0.25789,1.0712,0.078577,-0.065199,-1.1878,-0.079086,0.77622,0.0052138,0.12471,0.11431,0.53925,0.27213,0.12436,0.31501,0.43497,0.17432,-0.043085,0.10982,-0.23179,-0.026955,-0.13334,0.11628,-0.10578,0.054959,0.035156,0.30884,-0.018785,-0.064455,-0.15522,-0.065281,-0.16126,-0.32852,-0.13507,-0.33539,0.11943,-0.28685,0.55616,-0.077669,0.39609,-0.28883,0.4793,-0.054837,0.31482,0.49738,0.3816,-0.24785,-0.31533,-0.11792,-0.050242,0.076857,-0.024129,-0.1445,-0.20891,-0.086449,-0.28363,-0.21553,-0.17915,-0.090343,0.17107
0.070365,0.27374,0.17067,-0.143,-0.23063,-0.11268,0.057352,0.11148,0.025268,-0.0029118,0.05877,0.080764,0.11249,0.12411,0.098537,0.011546,-0.071713,-0.054022,0.01095,0.073772,0.13151,0.14363,0.10988,0.072777,0.1172,0.23269,0.39807,0.41776,0.13151,-0.091253,0.013145,0.027999,0.10747,0.07388,0.10134,0.14737,0.11667,0.03711,0.01802,0.025204,-0.0044398,-0.028279,-0.05185,-0.010638,0.075606,0.097649,0.089938,0.10117,0.12149,0.081484,0.0076401,-0.085663,-0.089693,0.0025459,0.0079322,-0.0465,-0.078674,-0.08501,-0.1021,-0.10259,-0.099019,-0.091255,-0.073448,-0.061183,-0.093122,-0.12397,-0.10907,-0.10831,-0.034184,0.03219,0.029821,0.028873,-0.1438,-0.27276,-0.25182,-0.14519,-0.019897,0.06205,0.083687,0.057976,-0.00055316,-0.0058825,0.091316,0.19751,0.23649,0.22191,0.20434,0.10588,0.037435,0.057577,0.077746,0.09482,0.063258,-0.024718,-0.017306,0.054932,0.069194,0.096725,0.29245,0.45308,0.71473,-0.35758,-0.45625,-0.20118,-0.17739,-0.14717,-0.18591,-0.28658,-0.23087,-0.020616,0.1636,0.21625,0.25663,0.25209,0.18533,0.1259,0.099574,0.062359,0.059958,0.11149,0.15887,0.15925,0.11035,0.17321,0.23453,0.19499,0.20812,0.23957,0.28141,0.1164,-0.27866,-0.021701,-0.011139,-0.2457,-0.40843,-0.43366,-0.32607,-0.21891,-0.10795,-0.050979,-0.061799,-0.092404,-0.11148,-0.066688,0.047267,0.12433,0.12569,0.12018,0.12967,0.1485,0.099923,-0.17463,-0.49205,-0.63125,-0.59409,-0.48394,-0.31374,-0.17779,-0.11665,-0.078376,-0.055776,-0.0081471,0.046883,0.053573,0.023665,-0.098086,-0.20452,-0.16348,0.02191,0.075044,0.051087,0.068569,-0.06432,-0.16094,-0.14688,-0.13163,-0.11019,-0.10682,-0.11563,-0.11107,-0.10526,-0.078997,0.0037299,0.028249,-0.040331,-0.053142,-0.057329,0.024326,0.14888,0.20843,0.21465,0.17973,0.15423,0.2619,0.36481,0.37076,0.32008,0.28674,0.40625,0.5311,-0.21674,-0.66573,-0.15023,0.045216,0.31636,0.084317,-0.37383,-0.43586,-0.25391,0.24087,0.73036,-0.34846,0.074971,0.11438,0.15718,0.03643,0.22756,0.018917,0.10643,0.16781,-0.17896,-0.036929,0.10245,-0.028456,0.24306,0.14708,-0.20583,-0.13783,-0.045654,-0.0097799,2.5031,-0.50723,0.36873,1.2649,-1.2326,-0.040527,-0.14357,0.28324,0.53766,0.20161,-0.19734,0.14817,-0.2968,-0.19661,-0.32727,0.30623,0.05938,0.12493,-0.30308,-0.31388,0.17551,0.18748,0.021383,-0.14002,-0.044633,-0.048301,-0.17681,-0.078016,0.29931,0.13496,2.3994,-0.34403,-0.94805,0.097618,-0.80249,0.29125,-0.4097,-0.49993,0.37454,0.41979,-0.12802,-0.0825,-0.034303,-0.10179,0.10769,-0.0015363,-0.2469,0.10699,0.18146,0.14655,-0.11845,0.09467,0.2571,0.29357,0.011676,0.1645,-0.11357,-0.13058,0.077067,0.20233,-0.1682,-0.35454,-0.56969,-0.13861,0.15885,0.27737,0.52535,0.72337,-0.11705,-0.5418,-0.084124,0.014853,-0.40861,-0.26239,-0.030288,0.11338,0.16293,-0.082037,-0.029512,-0.014272,0.052491,0.01123,0.049695,0.019877,0.34599,0.12975,0.091558,0.23081,-0.073889,0.18399,2.5601,1.2166,-0.32236,-0.098499,-0.10391,0.26651,0.62819,0.76508,-0.00032273,-0.20064,-0.018016,-0.32866,-0.11061,0.21462,-0.093414,0.15154,0.17051,0.0092971,-0.14187,0.0043665,-0.14151,0.26488,0.23972,-0.44415,-0.12036,0.060016,-0.13033,0.0095007,-0.39259,-0.015675,-0.27327,-0.33676,0.36932,-0.14028,0.30972,-0.21232,0.11496,0.27768,-0.29239,0.27403,-0.21846,-0.057105,-0.14948,0.099439,-0.060424,0.13209,-0.014164,0.13016,-0.2342,0.078245,-0.21588,-0.17876,0.10414,-0.19068,0.15536,-0.09284,-0.088432,0.14414,0.023815,-0.19941
0.44342,0.44808,0.24728,0.075424,-0.0019781,0.02114,0.082446,0.16439,0.19522,0.14265,0.090673,0.064862,0.063765,-0.0165,-0.098912,-0.13943,-0.21075,-0.14371,0.010314,0.07591,0.11613,0.10171,-0.039386,-0.20466,-0.23199,-0.10131,0.052778,0.093741,0.11236,0.13641,0.31101,0.28042,0.25437,0.28617,0.1878,0.16297,0.092105,0.025601,-0.0019594,-0.019773,-0.042798,-0.057934,0.068136,0.17692,0.14817,0.11131,0.029324,-0.0064578,0.047808,0.015568,-0.076168,-0.086178,0.028908,0.11657,0.11341,0.044948,-0.052961,-0.11052,-0.11984,-0.10772,-0.059327,-0.013944,-0.0083835,-0.035156,-0.084623,-0.10583,-0.098207,-0.094327,-0.036471,-0.047773,-0.072468,-0.031184,-0.024117,-0.020333,-0.0074048,0.031709,0.063519,0.056109,0.042332,0.024269,0.009062,0.023947,0.062861,0.11146,0.11634,0.066514,0.020598,0.0034965,0.0080002,-0.066995,-0.12391,-0.09088,-0.072229,-0.070246,-0.10571,-0.12387,-0.10538,-0.064985,0.12261,0.26606,-0.48559,-0.37833,-0.20395,-0.12711,-0.096705,-0.12481,-0.21013,-0.21059,-0.14476,-0.13195,-0.078361,-0.003846,0.068684,0.18939,0.24028,0.17638,0.099993,0.025099,0.0070435,0.064251,0.10154,0.085516,0.096959,0.056909,-0.0026177,0.034291,0.062045,0.014567,-0.03176,-0.0015556,-0.093312,-0.34258,-0.49711,-0.44315,-0.27212,-0.19084,-0.081087,-0.010847,-0.026545,-0.06354,-0.048817,-0.022633,0.059496,0.16963,0.16825,0.10294,0.19567,0.37991,0.47209,0.42382,0.20263,-0.16982,-0.50252,-0.61523,-0.55403,-0.40322,-0.23295,-0.11005,-0.01722,0.065123,0.15741,0.30458,0.48083,0.61605,0.64353,0.51163,0.23573,0.013287,0.02906,-0.033027,-0.050362,-0.012198,0.0033992,-0.049462,-0.092539,-0.11103,-0.12749,-0.10346,-0.095183,-0.092549,-0.048946,-0.039341,-0.1183,-0.15267,-0.12863,-0.087032,-0.0088428,0.062073,0.10207,0.17882,0.24193,0.24609,0.19841,0.091893,0.011058,-0.00073567,-0.020297,0.027495,0.22223,0.36375,-0.11244,-0.14547,-1.1721,0.14245,0.26879,0.39642,-0.32825,0.26834,-0.38622,0.37119,0.41653,0.12401,-0.37636,-0.028459,0.042417,-0.31714,0.12004,0.39428,0.1203,-0.17814,-0.021185,-0.45378,0.34871,0.032632,0.10823,-0.014183,-0.26859,0.086173,-0.090122,-0.32767,2.6873,-0.13354,-0.62227,0.71977,-0.77716,0.046993,-0.56842,-0.5556,0.054868,-0.21664,-0.32015,0.28917,-0.44535,0.32106,0.16117,-0.01363,0.03133,0.038891,-0.22859,0.053341,0.17629,-0.17696,-0.039426,0.21656,-0.26279,-0.07942,0.019514,0.094407,0.070117,-0.20323,2.4369,-0.57916,-1.1005,-1.1212,-0.75854,-0.38193,0.5674,-0.3546,0.3543,0.6434,0.10269,-0.22755,-0.55823,-0.040667,-0.38152,0.2897,-0.026538,0.11364,-0.035843,0.34173,-0.039425,-0.27623,-0.17907,0.074275,0.13821,0.16399,0.013034,0.12808,-0.038162,0.048799,0.045032,-0.091437,0.38152,0.63172,-0.0060673,0.18,-0.015126,0.93645,-0.51764,-0.045324,-0.18714,0.24616,0.10061,0.15978,0.31964,0.0011869,0.024537,0.06091,-0.27687,0.095243,0.11734,0.22437,0.20945,-0.073941,0.17566,0.11001,-0.16668,0.37954,-0.25348,-0.0027622,2.7304,1.5525,0.76015,0.4316,-0.98468,-0.27564,0.20045,-0.11774,0.085747,0.10438,0.022428,0.62771,-0.13914,0.33176,0.19279,0.17015,0.25953,-0.21283,0.31565,-0.2043,0.15166,-0.032663,0.22612,0.17029,-0.073393,-0.062501,-0.10872,0.12353,-0.032056,-0.1218,-0.065068,-0.029134,-0.57565,0.053806,-0.43872,-0.024302,-0.090632,-0.29563,-0.4691,0.46252,-0.10375,0.31415,0.45517,-0.2089,0.13125,0.042351,0.0064921,-0.057714,-0.008142,-0.18001,0.268,-0.43412,0.017687,-0.051804,0.049215,0.25079,-0.0079203,-0.076944,0.25747,0.080857
0.324,0.32149,0.1855,0.14183,0.16322,0.22948,0.28326,0.18584,0.074927,0.020132,0.03257,0.070358,0.068522,0.061812,0.045318,0.010189,-0.03837,-0.078671,-0.078569,-0.023174,0.039876,0.033322,0.021479,-0.014939,-0.12966,-0.18243,-0.16194,-0.15132,-0.17101,-0.14,0.029189,0.11427,0.11351,0.076773,0.16943,0.25978,0.24546,0.17357,0.079823,0.0056102,-0.033278,-0.052001,-0.072126,-0.099894,-0.078174,-0.080845,-0.091091,-0.03797,-0.0089571,-0.037307,-0.10039,-0.00010825,0.17623,0.23089,0.21121,0.14591,0.027185,-0.080741,-0.099746,-0.076596,-0.054486,-0.035145,-0.019593,-0.078265,-0.15043,-0.14304,-0.13804,-0.11613,-0.050555,-0.0025871,0.034791,0.032529,-0.062503,-0.13898,-0.14049,-0.078819,0.047901,0.18727,0.25268,0.24691,0.20649,0.1912,0.19351,0.18913,0.15583,0.099514,0.043088,0.043304,0.083933,0.11834,0.13228,0.040113,-0.026461,-0.010625,-0.077065,-0.1383,-0.075607,0.029702,0.08012,0.078433,-0.6195,-0.41772,-0.17531,-0.27472,-0.27743,-0.17615,-0.28323,-0.31281,-0.18494,-0.013508,0.035658,0.051703,0.059381,0.058987,0.03873,-0.002249,-0.052388,-0.088052,-0.080092,-0.029275,0.028218,0.19389,0.30641,0.23324,0.094975,0.016306,0.018525,0.035275,0.072493,0.095272,0.066078,0.23634,0.24166,-0.052304,-0.30012,-0.35045,-0.34236,-0.26572,-0.1527,-0.044626,0.0056348,-0.012769,-0.06405,-0.10042,-0.074265,0.059784,0.21623,0.30014,0.32299,0.27171,0.13266,-0.057958,-0.25345,-0.30682,-0.25147,-0.14396,-0.019628,0.028479,0.0023641,0.003665,0.045039,0.099605,0.12823,0.14237,0.095447,-0.050935,-0.17537,-0.11065,-0.045338,-0.040536,-0.0042001,0.0099073,-0.10835,-0.20308,-0.18145,-0.15429,-0.11845,-0.097927,-0.10424,-0.11123,-0.12484,-0.075023,-0.037038,-0.095123,-0.10506,-0.069571,0.063461,0.23581,0.3232,0.33475,0.28596,0.3147,0.33894,0.23896,0.12877,0.071662,0.1234,0.20546,0.26169,0.31026,-0.53778,-1.2328,-0.16547,-0.22974,0.19508,-0.19012,0.40874,-0.31643,-0.49238,0.44959,0.62632,-0.23912,-0.11576,0.24651,0.42649,0.027569,-0.23069,0.48641,0.015901,0.0010732,-0.33841,-0.31909,0.076229,0.0014909,0.014997,-0.085869,-0.06001,0.032349,-0.030109,-0.041338,2.5018,-0.10731,0.94512,0.50132,-1.2701,-0.54884,0.68476,0.53073,0.55007,0.30558,0.18101,0.020862,-0.45427,-0.2831,0.24693,-0.36623,0.25729,0.31346,-0.22281,-0.48508,0.076371,0.015888,-0.31628,0.34207,-0.058601,0.27343,-0.31508,0.22414,0.056343,-0.011973,2.2331,0.20832,-0.81824,0.065685,-0.48409,-0.12645,-0.35778,-0.59098,0.31553,-0.11125,-0.17892,-0.35896,-0.0052764,-0.3703,-0.40598,-0.099724,0.088128,-0.011548,-0.017749,0.29238,-0.13742,0.27906,0.17904,0.28155,0.41708,0.19695,0.079676,0.16265,-0.38988,0.14304,-0.15015,0.075687,-0.86325,-0.091108,0.031494,0.1588,0.1745,0.34809,0.31523,-0.47942,-0.00040966,-0.041626,-0.32491,-0.22786,0.10123,-0.13681,0.15097,0.27721,-0.21879,-0.22177,-0.057407,-0.15755,0.067086,0.12176,0.48075,-0.20871,-0.1766,-0.050736,0.14986,-0.21604,2.4058,1.5696,-0.71936,-0.16755,-1.0441,-0.22194,-0.7987,0.063106,0.22902,-0.41723,0.24412,0.28813,-0.19537,-0.065443,0.38228,0.33546,0.33912,0.11496,-0.13653,0.27666,-0.092214,0.015447,0.1526,-0.068502,0.12953,0.3633,-0.25891,-0.14055,-0.014726,-0.17409,-0.16234,0.083665,0.6926,0.018323,0.2422,-0.1839,0.043989,0.095083,0.037482,-0.23858,-0.099891,-0.11456,0.12463,0.10651,-0.18374,0.13563,0.15017,-0.23288,0.04985,-0.44366,0.066057,-0.015862,0.16223,-0.21377,-0.0046099,0.016426,0.07088,0.034261,-0.08999,-0.082627
-0.12827,-0.10265,0.12879,0.055305,-0.0077319,0.018959,0.10468,0.1209,0.087974,0.081571,0.076711,0.085438,0.12396,0.1495,0.13272,0.039474,-0.067408,-0.112,-0.099832,-0.066438,-0.037941,-0.042429,-0.11119,-0.16015,-0.1162,-0.049062,-0.026122,0.0076556,0.023606,0.013204,0.13077,0.23896,0.2847,0.23019,0.25931,0.29248,0.24717,0.1487,0.076673,0.038609,0.00034412,-0.03153,0.074785,0.1655,0.14046,0.14079,0.076922,0.024884,0.06659,0.025316,-0.072772,-0.085405,0.027147,0.11241,0.11398,0.060993,-0.045547,-0.13151,-0.15356,-0.1327,-0.10476,-0.088505,-0.064355,-0.012747,0.017485,0.011742,0.020235,0.048402,0.083508,-0.20921,-0.43756,-0.30262,-0.088797,0.010608,0.074386,0.10421,0.073044,0.065655,0.086002,0.070374,0.014827,0.033113,0.11081,0.15651,0.16042,0.12922,0.11117,0.11005,0.069073,0.058515,0.11104,0.17197,0.21444,0.085996,-0.066304,-0.12388,-0.16786,-0.16444,-0.010577,0.1137,0.81037,0.14017,-0.29628,-0.28623,-0.19113,-0.12414,-0.22668,-0.30546,-0.25317,-0.10702,0.033212,0.15618,0.24903,0.27335,0.21572,0.14428,0.089577,0.055134,0.071108,0.16558,0.25309,0.24367,0.17216,0.094514,-0.022904,-0.1231,-0.13132,-0.12645,-0.11711,-0.094452,-0.10205,0.18189,0.27496,-0.011307,-0.31299,-0.36897,-0.27556,-0.16943,-0.14847,-0.18624,-0.21348,-0.19211,-0.0054812,0.26735,0.4096,0.40732,0.42698,0.49055,0.53633,0.45196,0.19714,-0.18274,-0.48315,-0.57222,-0.52722,-0.42845,-0.32666,-0.24165,-0.14662,-0.11362,-0.079888,0.0050314,0.08567,0.18667,0.2594,0.21064,0.12348,0.10984,0.096564,-0.17618,-0.221,-0.20331,-0.22184,-0.21371,-0.18732,-0.15431,-0.12677,-0.10754,-0.10544,-0.053543,0.0042654,0.030043,0.013461,-0.066272,-0.10393,-0.053205,0.016966,0.01558,0.078703,0.1747,0.24182,0.26548,0.22842,0.29289,0.30898,0.2122,0.127,0.10146,0.246,0.38558,-0.78185,-0.23536,-0.49465,0.32341,0.14477,-0.10236,0.17093,-0.15906,-0.056844,0.35186,0.81505,-0.4854,-0.36059,-0.29421,0.1465,-0.45223,0.20882,0.25705,0.25316,-0.16566,-0.31795,-0.33523,-0.048949,0.21465,-0.079927,0.081375,0.12869,-0.06166,0.091672,-0.3564,2.629,-0.79063,-0.16321,1.0895,-0.91901,0.029978,0.056987,0.32548,-0.19786,0.45345,-0.33904,-0.02891,-0.20697,-0.2284,0.26529,-0.06342,0.07524,0.23485,-0.24035,0.18751,-0.1827,-0.039168,-0.037019,-0.1742,0.15668,0.10174,-0.13909,0.36215,0.021531,-0.10583,2.5302,-0.54374,-1.1576,-0.55478,0.21276,0.29201,-0.59847,-0.57253,0.32871,-0.2728,0.38875,-0.17068,-0.60921,0.074752,-0.048962,0.0040584,0.034808,-0.17192,-0.22604,-0.13289,-0.23588,0.33374,-0.1178,-0.079414,0.016826,0.094984,-0.25455,-0.13885,-0.14275,-0.08069,0.10206,-0.62558,-0.020778,0.20987,0.092993,0.62151,0.20423,0.051727,0.42736,0.15414,-0.0013602,-0.017425,-0.06943,0.23712,0.36291,0.43582,-0.16155,0.04932,-0.28999,-0.015802,0.10574,-0.07451,-0.19515,0.016351,-0.047909,0.1465,0.03517,-0.022478,0.0065763,0.1905,2.7098,2.3005,-0.072325,0.40835,-0.23445,-0.069043,-0.93039,0.089841,-0.012872,-0.59162,0.54805,0.68492,-0.16432,0.32655,0.24837,-0.22629,-0.124,-0.25269,-0.019816,-0.28538,0.041583,0.35396,-0.2284,0.053055,-0.25902,-0.0016371,-0.049155,-0.097574,-0.058455,-0.020228,-0.069173,-0.60197,-0.076807,-0.22773,0.11401,-0.46902,-0.11669,-0.11572,0.29755,-0.1947,-0.036299,0.16617,-0.15703,-0.035657,0.23581,0.13124,-0.19022,-0.20616,-0.24635,-0.11459,0.2663,0.26872,-0.18132,0.07512,-0.057744,-0.19896,-0.19507,0.23794,-0.18362,0.13549
-0.017663,-0.008602,0.20665,0.074861,-0.050757,-0.073732,-0.038941,0.096184,0.21146,0.18619,0.14145,0.091621,0.10261,0.15053,0.16587,0.12809,0.012666,-0.096136,-0.13695,-0.083953,0.034535,0.087005,-0.0066186,-0.18888,-0.27648,-0.20075,-0.032239,0.1318,0.1873,0.16319,0.36888,0.45321,0.54522,0.34714,0.12455,0.17739,0.15724,0.082436,0.1245,0.22719,0.22461,0.17625,0.15029,0.15581,0.047229,-0.08456,-0.05564,0.015026,0.06041,0.030081,-0.0056726,-0.075108,-0.079445,0.017635,0.032135,-0.014025,-0.045872,-0.066617,-0.09791,-0.097181,-0.056292,-0.015092,0.0023365,0.011307,0.015877,0.012079,0.01425,0.038027,0.12197,0.077813,-0.2254,-0.40341,-0.43823,-0.38306,-0.28529,-0.19884,-0.11026,-0.0086265,0.048674,0.040919,-0.0068979,-0.034304,0.030892,0.13824,0.17198,0.12679,0.054354,0.0062632,0.016824,0.04808,0.056365,0.070624,-0.022684,-0.10543,-0.099903,-0.13975,-0.1648,-0.15213,-0.056115,0.024376,0.9219,0.13224,-0.30859,-0.28501,-0.19073,-0.11516,-0.17037,-0.1569,-0.1038,-0.14048,-0.1414,-0.025721,0.1506,0.24491,0.24452,0.17162,0.12588,0.10327,0.13913,0.2461,0.33616,0.36121,0.27546,0.10736,0.014574,0.042589,0.082326,0.090845,0.047242,0.0028682,-0.29165,-0.29072,-0.20327,-0.30689,-0.42811,-0.48746,-0.40532,-0.30507,-0.20969,-0.18292,-0.10846,0.1161,0.29566,0.27726,0.16108,0.12158,0.22503,0.34605,0.4078,0.35309,0.14487,-0.22658,-0.57717,-0.74154,-0.76064,-0.70882,-0.61457,-0.49564,-0.34256,-0.16728,0.058817,0.29385,0.4394,0.45297,0.30598,0.059928,-0.07224,-0.0031328,0.15333,0.06399,-0.01467,0.070147,0.10044,0.075901,0.047279,0.0094107,-0.058967,-0.093448,-0.095258,-0.095326,-0.091557,-0.063407,-0.050925,-0.1241,-0.18852,-0.17386,-0.09362,2.3898e-05,0.073994,0.1069,0.094136,0.075341,0.17345,0.19606,0.11706,0.089431,0.074148,0.0635,0.17243,0.28689,-0.6535,0.46803,-0.75284,0.3312,-0.01586,0.10277,-0.056207,0.34298,-0.035389,0.041555,0.79656,-0.26152,-0.54114,0.27564,0.12931,-0.024227,-0.0769,0.22159,0.22292,0.02414,-0.26193,-0.21964,0.33035,-0.19755,0.12638,0.24951,0.15378,0.083839,0.12434,-0.061391,2.7443,-0.739,-0.76713,0.58482,-0.97879,-0.4597,0.56712,0.33266,0.16618,-0.066515,-0.060729,0.30864,-0.3412,0.23185,0.45593,-0.26266,0.37335,0.38986,-0.62233,-0.20133,-0.12473,0.12478,-0.21913,-0.10741,0.011789,-0.11467,0.058658,0.17136,-0.035053,0.20701,2.7707,-1.1362,-1.0622,-0.60201,-0.43701,0.13726,0.24474,-0.27366,0.059364,-0.061851,0.12791,-0.13014,-0.42871,-0.29812,-0.73035,-0.015405,-0.14632,0.26617,-0.06359,0.095872,0.039058,0.092865,-0.22339,-0.28172,0.077121,-0.025425,-0.21657,-0.096507,-0.50577,-0.095057,0.29318,-0.57369,0.61903,0.30535,0.050795,0.30395,0.031259,0.25186,-0.10426,0.09772,-0.18078,0.15938,0.031432,0.14788,0.046851,0.068623,0.33075,0.067954,-0.44732,0.021637,0.098958,0.20472,-0.13175,0.43064,-0.051991,0.14521,-0.21722,0.081966,-0.28652,-0.055491,3.6982,0.93949,1.2992,-0.027744,0.14104,-0.45752,-0.60662,0.21188,0.01795,0.66795,-0.011097,0.64688,0.11227,0.20433,0.26763,0.10457,-0.10183,0.79604,0.019101,-0.22135,0.28917,-0.24809,-0.18507,-0.2659,-0.096123,-0.17332,0.14984,-0.15322,-0.10243,-0.066783,0.24805,-0.6217,-0.69947,-0.027892,-0.16092,-0.31874,-0.048525,-0.6701,-0.2745,-0.026343,0.0030681,0.12194,0.27595,-0.14869,0.075161,-0.082037,0.21612,0.046953,0.087929,-0.10804,0.10049,-0.10642,-0.090434,0.14053,-0.27839,-0.046635,-0.18216,-0.093107,0.094213,0.25231
0.47358,0.51197,0.34935,0.14542,-0.0074064,-0.084146,0.0097259,0.12616,0.10541,0.0036121,-0.0059186,0.077278,0.089073,0.091009,0.080656,0.045851,-0.016258,-0.056507,-0.032256,0.03735,0.088437,0.071676,-0.062557,-0.14113,-0.03947,0.076999,0.061889,-0.050759,-0.11961,-0.090078,0.068626,0.1918,0.22018,0.12705,0.093578,0.13693,0.10035,0.016016,-0.038293,-0.066502,-0.10086,0.043014,0.1628,0.15613,0.13819,0.014037,-0.073964,-0.0098103,0.029749,0.00126,-0.074833,-0.088055,0.012872,0.097236,0.092781,0.02462,-0.056733,-0.090578,-0.096055,-0.097797,-0.092892,-0.064273,-0.019957,0.0034032,-0.0049373,-0.024682,-0.019312,-0.046486,-0.10725,-0.04124,-0.1369,-0.26039,-0.23571,-0.12698,-0.08761,-0.029635,0.051164,0.068717,0.043827,0.034293,0.0566,0.0651,0.10439,0.17538,0.20625,0.19039,0.17854,0.10931,0.060128,0.072673,0.084778,0.013227,-0.015198,0.044048,0.040723,0.042845,0.036204,0.039688,0.18228,0.28422,-0.54635,-0.40644,-0.20228,-0.2103,-0.25361,-0.24227,-0.25465,-0.29907,-0.35444,-0.28269,-0.051672,0.16885,0.19009,0.17499,0.1382,0.079108,0.014205,-0.016437,0.010199,0.070498,0.11574,0.097467,0.11729,0.13534,0.12579,0.12389,0.1246,0.1335,0.16123,0.1528,0.06212,0.036428,-0.1055,-0.30373,-0.42224,-0.43891,-0.32266,-0.21113,-0.12937,-0.082768,-0.037199,-0.070278,-0.016254,0.15345,0.20797,0.18643,0.24818,0.35039,0.39628,0.35348,0.194,-0.10885,-0.41668,-0.53518,-0.48548,-0.34956,-0.19658,-0.12937,-0.1357,-0.13846,-0.099614,-0.0042074,0.12749,0.25953,0.33646,0.29177,0.17981,0.011712,-0.071347,0.013975,-0.10764,-0.16928,-0.15805,-0.17866,-0.16695,-0.13725,-0.10783,-0.084833,-0.073439,-0.074684,-0.046231,-0.035745,0.0065962,0.055024,-0.0037274,-0.0084643,-0.012032,0.047474,0.12029,0.13131,0.1242,0.26251,0.37348,0.31891,0.26517,0.26088,0.24276,0.24042,0.34935,0.46189,-0.47255,-0.44197,-0.47318,-0.11752,-0.19427,0.049585,0.16526,-0.28813,-0.58425,0.46398,0.56724,0.090623,-0.045087,0.044491,0.073639,0.046345,0.39342,0.33616,0.011654,-0.073537,-0.050346,-0.045684,-0.09474,0.06063,0.17815,-0.083193,0.23107,-0.16976,0.16462,0.059868,2.3388,0.72008,-0.31699,1.757,-0.36384,-0.34468,0.6348,-0.037453,0.14492,-0.29543,-0.32129,-0.034773,-0.02936,-0.21383,-0.16989,-0.082327,0.24457,0.053838,-0.26562,-0.16115,-0.346,-0.014138,-0.11743,-0.15714,0.20052,0.18331,0.040706,-0.086303,-0.028064,-0.095416,2.5303,-0.73068,-0.46651,-0.22442,-0.2534,1.1581,-0.45885,-0.55572,0.46691,0.18223,0.021932,0.26975,-0.024889,0.15245,0.095788,0.13075,-0.056076,-0.38814,-0.037683,0.24995,-0.33395,0.16918,0.24544,0.073888,0.32813,0.11562,0.25371,-0.14202,-0.016372,0.28602,-0.062139,-0.38354,-0.12861,0.21469,-0.010159,0.32961,0.66891,0.6161,-0.025756,0.12696,0.25091,0.10657,-0.10089,0.16862,0.23235,0.17969,-0.18746,0.11627,-0.056261,-0.13753,0.095785,0.1248,-0.0225,0.042164,0.35384,0.27906,0.14892,0.13906,0.11736,0.013151,2.6017,1.7222,0.0088969,0.37438,-0.66078,-0.13443,-0.41673,0.46201,0.043328,-0.53575,-0.15211,0.10691,0.21345,0.20656,-0.19529,0.079373,0.062414,0.096187,-0.095256,-0.19886,-0.2068,0.12669,0.22206,-0.13504,-0.011909,0.28946,-0.28431,0.1364,-0.1102,0.0076637,-0.044288,-0.25348,-0.075119,-0.12057,0.12689,-0.22759,-0.017286,0.13212,-0.15887,0.3208,-0.34537,0.21635,-0.096396,0.11629,-0.070089,0.10636,-0.20329,-0.0036267,-0.33688,-0.13886,0.0031182,-0.038159,-0.018763,-0.11881,-0.054766,-0.11649,-0.22236,0.12026,-0.20495,-0.22225
0.3604,0.26565,0.23487,-0.012377,-0.20453,-0.19055,-0.12021,-0.086501,-0.067397,0.054522,0.18456,0.16586,0.11155,0.097888,0.12188,0.09536,0.024948,-0.0444,-0.085971,-0.060777,0.012171,0.042407,0.006234,-0.053716,-0.1291,-0.21847,-0.22092,-0.088575,0.030858,0.02171,0.18692,0.22579,0.29234,0.25883,0.17185,0.13478,0.060116,-0.00093726,0.01487,0.028235,-0.0073296,-0.041251,-0.063152,-0.025638,-0.0045558,-0.029207,0.03722,0.11994,0.14816,0.1543,0.11191,0.018841,0.02386,0.10641,0.10321,0.049727,-0.011743,-0.052541,-0.076149,-0.081085,-0.069217,-0.044948,-0.020918,-0.0085843,-0.002577,0.010048,0.028782,-0.0052298,-0.0087722,0.092877,-0.048183,-0.28676,-0.35225,-0.30547,-0.20232,-0.1112,-0.080847,-0.041184,0.0012493,-0.017244,-0.046241,-0.032313,-0.014285,0.042407,0.12223,0.14175,0.11605,0.075336,0.039054,0.043066,0.076097,0.10438,0.13859,0.087041,0.027204,0.026177,-0.024961,-0.051366,0.066263,0.15613,0.97223,0.10974,-0.24149,-0.16241,-0.017368,-0.017342,-0.068224,-0.12122,-0.18764,-0.15002,-0.058194,-0.089668,0.0066363,0.14959,0.18639,0.13465,0.056473,-0.003252,0.025216,0.17353,0.29869,0.31358,0.26359,0.17519,0.087526,0.027036,0.019414,0.056692,0.098344,0.09652,-0.15436,-0.29833,-0.2852,-0.29565,-0.20223,-0.12925,-0.030836,0.025767,-0.052638,-0.2011,-0.25268,-0.22792,-0.15965,-0.10269,-0.0526,0.041201,0.12939,0.17289,0.20099,0.22082,0.14256,-0.15361,-0.4639,-0.56377,-0.50416,-0.39931,-0.31093,-0.26042,-0.20795,-0.1333,-0.034509,0.044445,0.083055,0.087468,0.015294,-0.14939,-0.25546,-0.19251,-0.019175,0.11702,0.052921,0.045862,0.076383,0.066318,0.054911,0.070006,0.058206,0.038499,0.041194,0.049506,0.051044,0.013939,-0.042299,-0.078503,-0.12843,-0.19032,-0.19761,-0.16592,-0.11597,-0.031595,0.053684,0.083882,0.082214,0.16646,0.20999,0.16297,0.16341,0.193,0.30403,0.41978,-0.36533,-0.7146,-1.1132,0.10065,0.11435,0.071142,-0.030802,-0.28033,-0.036813,-0.036957,0.68208,0.092705,-0.27713,0.1722,0.59574,-0.40429,-0.28809,0.11906,0.34218,-0.3033,-0.13967,-0.39675,0.030195,-0.35045,0.12258,0.16774,0.098249,-0.041728,-0.017985,-0.094911,2.2505,1.0415,-0.3844,1.3785,-0.22837,-0.062958,0.23201,-0.055996,-0.55155,-0.2611,-0.28344,0.76922,-0.04355,-0.034932,-0.14377,-0.23682,0.37352,0.41734,0.11263,0.02019,-0.31703,-0.011331,-0.28979,0.24321,-0.018168,-0.23464,0.17437,0.032261,0.29337,-0.21776,2.4413,-0.32721,-0.30368,-0.62496,-0.83797,0.31394,-0.13128,-0.17495,-0.2724,0.29833,-0.17595,-0.084092,-0.44819,-0.34949,-0.29092,-0.42341,-0.2394,0.17069,0.38293,0.28626,-0.25283,-0.070036,-0.20514,0.16039,0.18796,0.06328,-0.035528,0.16684,-0.082709,-0.044052,-0.0016327,0.24104,-4.6795e-06,0.44301,0.1626,0.50381,0.55615,0.5257,-0.25315,0.036693,-0.18064,-0.11778,-0.15908,-0.05025,-0.30376,-0.11891,-0.29035,0.21963,-0.30086,-0.3101,0.069346,-0.36458,0.11067,0.038837,0.028443,-0.057052,-0.33532,0.17105,-0.19344,0.022771,2.8343,0.70003,0.31403,0.37838,-0.35641,0.45869,0.27726,0.5213,-0.23876,0.28495,0.22183,0.25137,-0.34944,0.19376,0.12323,-0.042773,-0.031316,-0.22306,-0.29626,-0.19436,0.00044688,-0.013007,0.07228,-0.29518,0.26348,-0.12952,-0.15556,0.18348,-0.14668,0.11959,0.015517,0.27004,-0.25089,0.059374,-0.23493,-0.31105,0.040759,-0.28445,-0.47506,0.16997,0.10042,0.059053,-0.32174,0.22818,0.072256,0.0018675,0.27407,-0.11808,0.18661,-0.20922,0.12231,0.15187,-0.13784,-0.043099,0.17381,-0.043016,0.17009,-0.037339,0.10522,0.086561
0.47569,0.56392,0.44363,0.13261,-0.11349,-0.033865,0.17421,0.18246,0.06729,0.049799,0.077784,0.074714,0.096194,0.10619,0.084368,-0.0017659,-0.11626,-0.17829,-0.15387,-0.068526,0.00054089,-0.02407,-0.10574,-0.079197,0.044094,0.071776,0.017469,-0.02267,0.029035,0.088875,0.087774,0.16532,0.078666,-0.056106,-0.0027261,0.045194,0.041382,0.056264,0.062968,0.026148,-0.0018993,-0.023378,0.015644,0.048642,-0.039647,-0.12079,-0.078005,0.010913,0.067484,0.03132,-0.022334,-0.03923,0.020978,0.10921,0.11403,0.06082,-0.0098927,-0.056179,-0.084268,-0.089241,-0.070102,-0.032418,0.0066435,0.02335,0.016913,0.0068442,0.0093269,-0.044022,-0.13666,-0.13704,-0.36108,-0.51036,-0.42851,-0.22016,-0.069802,0.051465,0.16662,0.2024,0.13428,0.068963,0.058891,0.091931,0.13597,0.15181,0.16572,0.17475,0.16079,0.15961,0.091586,0.059144,0.12061,0.18417,0.22612,0.137,0.036978,0.038753,0.037821,0.0025069,0.02302,0.058699,-0.60929,-0.44932,-0.22305,-0.17244,-0.15513,-0.158,-0.26216,-0.34922,-0.32666,-0.19694,0.0035473,0.11703,0.20354,0.2258,0.17251,0.11416,0.055337,0.0047213,0.034411,0.11238,0.17493,0.2158,0.18573,0.13357,0.13507,0.11869,0.12153,0.14166,0.15701,0.13407,0.11211,-0.67559,-0.65195,-0.10949,-0.24896,-0.22976,-0.19625,-0.12711,-0.091847,-0.10681,-0.12655,-0.12962,-0.09758,-0.05307,-0.036705,0.022132,0.18317,0.36136,0.4618,0.39891,0.16299,-0.15639,-0.4063,-0.51591,-0.49775,-0.40755,-0.31542,-0.30237,-0.29396,-0.21866,-0.088781,0.051158,0.17562,0.28056,0.31355,0.229,0.12218,0.018684,-0.042281,0.016276,-0.08061,-0.10901,-0.11546,-0.17164,-0.17538,-0.15911,-0.14603,-0.1382,-0.13121,0.0023238,0.13508,0.085638,0.0074646,0.0035722,0.023667,-0.018523,-0.022071,-0.044706,0.011198,0.15116,0.26297,0.29885,0.25933,0.35581,0.41604,0.36327,0.30042,0.23486,0.28041,0.35999,-0.52623,-0.32821,-0.91349,-0.056856,0.095241,0.17465,-0.072291,-0.26956,-0.78629,0.67334,0.58584,0.040996,0.052955,0.50088,0.14654,-0.22889,0.55,-0.22286,-0.049208,0.25063,-0.16601,-0.4594,0.1214,0.050789,0.14984,-0.22845,0.15784,-0.1075,0.2725,0.020582,2.3877,-0.62373,-0.29876,0.37298,-1.1703,-0.049705,-0.4846,-0.16627,0.59917,0.22496,0.13937,-0.099558,-0.49051,-0.13207,-0.2946,-0.093817,0.38702,0.0013389,-0.086145,0.13028,-0.029861,0.1135,-0.22467,-0.3094,-0.042187,0.25443,-0.25708,0.10571,0.37415,0.017654,2.5223,-0.9501,-0.24599,-0.5898,-0.24256,1.2387,-0.17495,-0.91111,0.26199,0.39723,-0.55635,0.026913,0.073588,0.29033,0.053893,-0.066558,-0.40498,0.11638,0.21398,0.3067,-0.48818,0.21675,-0.14188,0.047054,0.24438,0.29822,0.25512,-0.033375,-0.15598,-0.1898,0.018623,-0.051642,0.32195,0.40421,0.03203,0.27226,0.52521,0.86537,0.036506,-0.0942,0.6303,0.34675,0.1263,-0.085489,-0.17233,0.15781,-0.25226,-0.14138,-0.327,0.27648,0.046752,-0.15438,-0.38705,-0.0022255,0.25833,0.13411,0.13572,-0.05914,0.001947,-0.12829,3.2997,0.3272,0.91372,0.21661,0.066632,-0.78724,0.19552,0.85578,0.25625,0.0064501,0.040868,-0.0083217,0.27271,-0.34566,-0.15841,-0.40727,-0.0050292,-0.045413,0.077236,-0.06339,0.032465,-0.14906,-0.069203,-0.066308,0.17606,-0.013279,-0.023624,-0.16608,-0.0527,-0.056583,0.026821,-0.049892,-0.41022,-0.048176,-0.32112,-0.049678,-0.02008,0.45531,-0.15437,0.25103,-0.3276,0.2131,0.2034,0.48293,-0.39167,-0.017099,-0.22339,-0.070827,-0.1728,0.31768,-0.10077,0.040146,-0.41506,-0.015832,0.138,-0.00088476,0.087387,-0.089684,-0.15495,-0.0089105
-0.016971,0.085836,0.26815,0.24292,0.041074,-0.045166,0.033765,0.024525,0.011732,0.0609,0.082974,0.084578,0.10149,0.11896,0.11633,0.023601,-0.104,-0.16613,-0.17336,-0.088213,0.025352,0.064546,0.018342,-0.097404,-0.17293,-0.129,0.018452,0.15739,0.15642,0.10666,0.086692,0.09676,0.053995,-0.016669,0.050084,0.11755,0.10788,0.092023,0.06172,0.00093908,-0.040747,-0.039973,-0.030366,-0.040731,-0.066006,-0.090633,-0.08277,-0.036485,0.0060277,0.03368,0.0083422,-0.010506,-0.022121,-0.0048359,0.058967,0.056244,0.0092887,-0.035797,-0.015043,-0.014847,-0.041989,-0.031357,-0.040608,-0.057554,-0.048274,-0.0084367,0.013418,0.022043,0.043022,0.096657,0.12556,-0.11062,-0.42714,-0.49449,-0.27964,0.017953,0.17422,0.16146,0.10227,0.047009,0.039021,0.057718,0.09199,0.12646,0.13784,0.1276,0.12095,0.12701,0.1254,0.10247,0.098099,0.11538,0.12827,0.088874,0.084556,0.14885,0.14573,0.11062,0.13918,0.16479,0.40802,-0.013859,-0.2218,-0.22655,-0.14041,-0.080272,-0.16396,-0.19066,-0.12158,-0.027518,0.05705,0.12811,0.16586,0.16211,0.11346,0.067505,0.026039,-0.013181,0.055914,0.19763,0.29198,0.30837,0.24882,0.13096,0.04789,0.042578,0.057399,0.058559,0.021619,0.0046391,0.018733,0.041581,0.084655,-0.02609,-0.27464,-0.3339,-0.32699,-0.25364,-0.17519,-0.10651,-0.030559,0.035784,0.086361,0.133,0.18886,0.25619,0.28233,0.11363,-0.0031292,0.042044,0.034013,-0.052164,-0.13296,-0.25335,-0.36768,-0.40858,-0.37103,-0.28276,-0.1561,-0.007214,0.10299,0.12876,0.07568,0.008262,-0.0099834,0.039278,0.020509,-0.062647,-0.07672,-0.05447,-0.040993,-0.11449,-0.1138,-0.089185,-0.14765,-0.14814,-0.11271,-0.10074,-0.093664,-0.082481,-0.042708,-0.034361,-0.03552,-0.025654,-0.068373,-0.092107,-0.064277,-0.02604,-0.030355,0.053516,0.13013,0.11327,0.061534,0.14947,0.23895,0.23266,0.24924,0.26012,0.31962,0.40377,-0.77072,-0.8474,-0.1812,-0.41968,-0.38538,-0.097717,0.67287,-0.2878,-0.543,0.20233,0.68873,0.2617,-0.46072,0.35596,0.43846,-0.070094,0.1374,0.13566,-0.14944,-0.047554,0.075244,-0.47273,0.025995,0.058217,-0.0086166,-0.11715,0.11859,0.053977,0.1473,-0.077635,2.5774,-0.22051,0.58603,0.22445,-1.3441,-0.37462,0.51575,0.44708,0.41414,0.10862,0.23234,0.17512,-0.14936,0.12465,0.2158,-0.21517,0.4259,-0.11209,-0.22787,-0.031271,0.13246,0.21478,-0.18058,-0.23571,0.021603,0.20965,-0.19996,-0.044553,0.03576,-0.15834,2.5632,0.0081188,-0.52274,-0.16399,-0.65281,0.54697,-0.41236,-0.18465,-0.034788,-0.16849,0.016741,-0.16126,0.14052,-0.011044,-0.54542,0.46107,-0.13757,0.24643,0.090164,0.034475,-0.43543,0.053037,0.079374,0.096845,0.50262,0.096423,-0.2016,-0.061653,-0.2172,0.086612,0.32325,0.1616,-0.58747,0.16687,-0.12912,0.55462,0.59698,0.29968,0.10201,0.32585,-0.13929,0.22754,-0.051062,0.134,-0.28649,0.14051,0.12828,-0.16134,-0.00039109,-0.048239,-0.27634,-0.077388,-0.020615,0.12789,0.19212,0.17385,0.15622,-0.050345,0.043908,-0.11028,3.3948,0.24264,0.043149,-0.13457,0.21607,-0.27446,-0.27858,0.61958,-0.13672,0.3112,0.11365,0.48295,-0.059053,-0.1317,0.18931,-0.36537,0.27216,0.23937,0.28072,0.10415,-0.15942,-0.10661,-0.01481,0.059609,-0.072163,0.16335,0.00061252,-0.25702,-0.17772,0.12736,0.24935,0.31604,0.2587,0.057295,0.28327,-0.33135,0.027161,-0.01536,0.14457,0.1705,-0.4225,0.16603,-0.1475,0.32093,-0.27417,0.11512,-0.14968,-0.14309,0.31837,0.065596,-0.027662,0.040102,0.20176,-0.12183,-0.14116,-0.24953,0.11322,0.071505,-0.41664,0.095671
-0.42693,-0.35131,-0.055719,0.02207,0.015335,-0.021058,0.05663,0.18503,0.19204,0.14759,0.094045,0.072559,0.081764,0.092762,0.10441,0.10872,0.087864,0.049039,0.039254,0.074663,0.10934,0.099438,-0.0027841,-0.07842,-0.037001,0.014987,0.028723,0.059436,0.18555,0.31215,0.29376,0.22128,0.060404,0.033838,-0.067253,-0.0070357,-0.014565,-0.082549,-0.080721,-0.078621,-0.12953,-0.16835,-0.19395,-0.16157,-0.1418,-0.16012,-0.12477,0.083494,0.26289,0.24281,0.15674,0.048564,0.042382,0.11956,0.12215,0.077072,0.0092317,-0.059272,-0.1016,-0.10472,-0.093639,-0.11549,-0.13481,-0.11763,-0.11432,-0.1092,-0.091699,-0.1005,-0.10511,-0.21515,-0.14535,-0.011363,-0.018872,-0.026994,0.062732,0.20982,0.33225,0.31867,0.19531,0.070077,0.069401,0.16707,0.24271,0.26675,0.21605,0.17387,0.16175,0.15005,0.15521,0.12175,0.11667,0.15836,0.17933,0.04183,-0.050902,-0.0047003,-0.030836,-0.084637,-0.00095364,0.085467,0.71389,-0.03507,-0.35469,-0.19223,-0.19744,-0.19753,-0.12206,-0.056683,-0.11375,-0.099213,-0.02764,0.070322,0.12396,0.13696,0.14143,0.12681,0.10916,0.086748,0.080922,0.11121,0.14264,0.1301,0.19977,0.24055,0.19612,0.24232,0.29349,0.28857,0.20127,0.10061,0.15722,0.029508,-0.29496,-0.29041,-0.23096,-0.393,-0.37993,-0.30139,-0.24337,-0.19457,-0.1938,-0.21111,-0.17627,-0.12514,-0.058156,0.054908,0.19876,0.29826,0.37443,0.35464,0.1573,-0.15687,-0.4008,-0.47662,-0.44651,-0.37847,-0.26472,-0.17687,-0.14121,-0.090359,-0.023405,0.08573,0.19338,0.23762,0.21639,0.095722,-0.040203,-0.086913,-0.03734,-0.22495,-0.30654,-0.26344,-0.24705,-0.28631,-0.31043,-0.20134,-0.1012,-0.10365,-0.10742,-0.093611,0.0046622,0.057671,-0.042443,-0.12075,-0.065005,0.020316,0.018846,0.0446,0.026077,0.087121,0.18431,0.2038,0.16051,0.25846,0.34518,0.32809,0.25601,0.18257,0.27585,0.39481,-0.5301,-0.81861,-0.38224,-0.18594,0.39694,0.099195,-0.079739,0.29704,-1.0778,0.89293,1.1122,-0.10911,-0.1004,-0.1706,0.10478,-0.075324,0.23483,0.18826,0.3814,0.17344,0.043234,-0.36305,0.13341,0.28313,0.25332,-0.27064,0.018265,0.25123,0.10038,-0.18684,2.3209,-0.065506,0.51559,0.65122,-1.1732,-0.7443,0.83231,-0.19986,1.1381,0.37909,0.35995,-0.29554,-0.67919,-0.14966,0.036351,0.0005614,0.27244,0.33154,-0.05097,0.12456,0.1205,-0.21796,-0.093191,0.22526,0.2453,0.29116,-0.14424,0.24055,-0.012439,-0.36557,2.2403,-0.069878,-1.0006,-0.1322,-0.37996,0.030944,0.16033,-1.3006,0.61376,0.22264,0.046979,-0.76091,-0.1954,0.086968,0.30023,-0.19178,0.022909,0.16414,0.19341,0.12479,-0.090785,0.054149,-0.32048,0.16461,0.345,0.18275,0.088384,0.060766,0.054817,-0.26768,0.016696,-0.066831,-0.49893,-0.04726,-0.10354,-0.006928,-0.15359,1.1163,0.37398,-0.39792,0.30488,0.38256,0.046689,-0.19665,0.50885,0.12842,-0.35747,-0.045599,-0.19843,0.21239,0.13607,-0.31253,-0.36419,-0.065115,0.26872,-0.0038967,0.0077044,0.066155,-0.18361,-0.0044389,3.2422,0.11702,0.21014,-0.10694,0.28173,-1.3144,-0.047663,0.71029,0.19114,-0.35748,-0.039059,0.14122,-0.065005,0.13064,-0.10853,-0.006545,0.090536,-0.34262,-0.047857,0.13064,-0.037947,-0.22289,-0.11962,0.18973,-0.078675,0.024592,0.10706,-0.014444,-0.21034,-0.071197,-0.094853,-0.030057,0.38524,-0.071973,0.11051,0.35607,-0.054849,0.36267,-0.24494,-0.22092,-0.25326,0.267,0.72717,0.22015,0.10733,0.30341,-0.31781,-0.20015,-0.22778,-0.027483,0.086177,0.020288,-0.28058,0.092364,0.26709,0.05277,-0.096592,-0.31814,0.077659,0.19729
0.20259,0.24034,0.50819,0.19235,-0.10172,-0.091669,0.009834,0.020501,-0.059621,-0.072093,0.0080973,0.050774,0.052483,0.051203,0.036628,-0.00039099,-0.039245,-0.059605,-0.045836,0.018865,0.082212,0.075878,-0.024828,-0.060435,0.037393,0.1008,0.059041,0.022397,0.030853,0.047005,0.18735,0.16411,0.20772,0.13675,-0.026292,0.033831,0.026083,-0.042064,0.015109,0.063016,0.011807,-0.020018,-0.040445,-0.010484,-0.010968,-0.095647,-0.10647,-0.034547,-0.00038463,-0.041341,-0.11521,-0.087406,0.037427,0.12019,0.1192,0.064797,-0.0082545,-0.070897,-0.10368,-0.098436,-0.080845,-0.065622,-0.061505,-0.070879,-0.087672,-0.075039,-0.070741,-0.092988,-0.038879,0.068026,-0.076327,-0.17423,-0.042301,0.06238,0.064144,0.070211,0.11637,0.13857,0.11832,0.091488,0.035371,0.012833,0.049911,0.080134,0.083207,0.076375,0.086152,0.098561,0.06573,0.042103,0.061466,0.083938,0.090917,0.0093657,-0.0025597,0.10082,0.11494,0.092281,0.18843,0.26915,1.0277,0.26967,-0.23123,-0.23961,-0.15566,-0.11188,-0.14276,-0.19081,-0.11551,0.0012192,0.059405,0.063603,0.074178,0.089173,0.07467,0.028369,-0.0024145,-0.0084795,0.009627,0.065284,0.11994,0.11035,0.069816,0.21678,0.34907,0.33257,0.30168,0.29141,0.30977,0.21396,-0.052071,-0.16327,-0.1481,-0.15724,-0.3055,-0.478,-0.48393,-0.41417,-0.30493,-0.2143,-0.16626,-0.11455,-0.062929,-0.056769,-0.082582,-0.021668,0.13521,0.26626,0.2988,0.20911,0.010244,-0.22816,-0.41803,-0.48873,-0.45036,-0.35688,-0.22275,-0.13365,-0.08488,-0.010299,0.06345,0.10673,0.099622,0.048869,-0.063706,-0.22891,-0.40009,-0.4328,-0.25148,-0.060976,-0.10927,-0.17411,-0.19405,-0.19461,-0.17417,-0.1442,-0.11628,-0.098674,-0.09565,-0.096015,-0.041259,0.057515,0.072231,0.01779,2.2719e-05,0.047585,0.097724,0.084121,0.11537,0.15224,0.16178,0.15119,0.09448,0.11223,0.18776,0.22588,0.26297,0.28277,0.37118,0.4789,-0.27458,-0.97777,0.049781,-0.14546,0.51805,0.1875,-0.49114,-0.030519,-0.69326,0.15673,0.60993,0.083595,-0.029444,0.27432,0.30904,0.084419,0.080493,0.072043,0.26098,0.011452,-0.091772,-0.17307,0.097136,-0.14825,0.12464,-0.11206,0.3494,0.036796,0.050187,-0.027108,2.5545,-0.36998,0.68486,1.2806,-1.5796,0.089586,-0.57338,-0.41649,0.30939,-0.26534,0.025298,0.2567,-0.50291,0.035868,-0.052433,0.19893,-0.088814,0.26158,-0.01405,-0.28397,-0.0029258,0.15657,-0.21784,-0.28098,-0.10165,0.22723,-0.12567,-0.11561,0.35995,-0.13132,2.3948,-0.013959,-0.77642,0.40526,-0.85641,0.43303,-0.11488,-0.60787,0.53192,0.63868,-0.0064356,0.1422,0.069917,-0.020106,-0.042833,-0.2307,-0.21524,0.15036,0.23151,0.14604,-0.0031522,0.39944,-0.041419,0.15702,0.20728,0.19214,0.23262,0.00077259,-0.14569,0.0062902,-0.0089219,-0.1779,-0.89662,-0.20163,-0.16929,-0.026977,0.74079,1.1037,-0.30862,0.0035056,0.21805,0.016019,-0.26146,-0.05673,0.016122,-0.18501,-0.10826,0.057182,-0.10594,-0.086743,0.018614,-0.10421,-0.24894,0.089528,0.089093,0.3077,-0.020946,0.072822,-0.19142,-0.12138,2.5264,1.9227,-0.71667,-0.28933,-1.1668,-0.61656,-0.19976,0.32882,-0.39287,-0.56704,-0.11121,0.18987,0.35159,-0.049993,0.44538,-0.16149,0.07138,-0.068914,0.034488,0.016102,-0.023561,-0.040914,0.086102,-0.21787,0.21463,-0.019267,-0.069991,-0.027399,-0.30691,0.13699,0.15716,0.017595,0.7152,0.14788,0.2147,0.34484,0.24269,0.14103,-0.77021,0.22347,-0.33508,-0.034977,0.095164,0.064628,0.11353,0.11324,0.1303,-0.088038,0.073438,-0.15337,-0.030071,0.15616,-0.065777,0.002396,0.049529,0.092764,0.075373,-0.23049,-0.0092973,0.13504
0.36495,0.4653,0.34522,0.074769,-0.029437,0.07173,0.060591,0.076686,0.13863,0.099554,0.070369,0.058408,0.059127,0.069601,0.077652,0.070477,0.045883,0.025517,-0.00036547,-0.0038277,-0.015468,-0.056682,-0.082782,-0.048709,0.031116,0.04084,0.0048715,-0.0066645,0.031804,0.18819,0.29691,-0.15641,-0.37631,0.070883,0.058244,0.089993,0.056896,-0.019776,-0.02932,-0.0014786,-0.009222,-0.018459,-0.033933,-0.051769,-0.08835,-0.12861,-0.12139,-0.08263,-0.061707,-0.036054,-0.021416,-0.030198,0.040559,0.12764,0.13307,0.085256,0.0023819,-0.063306,-0.087962,-0.088398,-0.099867,-0.11071,-0.094465,-0.10563,-0.12226,-0.10808,-0.092209,-0.059176,-0.050391,0.017801,-0.26328,-0.48433,-0.35105,-0.12189,0.027442,0.16823,0.32228,0.43602,0.39558,0.23725,0.1456,0.16169,0.18841,0.1855,0.1537,0.11574,0.10323,0.1029,0.06804,0.070484,0.11942,0.16365,0.19459,0.099061,0.031052,0.063054,0.084395,0.1121,0.21284,0.29508,-0.45262,-0.37868,-0.21925,-0.29042,-0.34628,-0.33643,-0.38156,-0.23145,-0.013397,0.0094707,0.028697,0.047181,0.10388,0.15496,0.15238,0.12472,0.095276,0.080316,0.12289,0.18143,0.24348,0.26819,0.22548,0.18802,0.1614,0.15934,0.16216,0.15661,0.16362,0.14312,0.11437,-0.61355,-0.6608,-0.057987,-0.15667,-0.23977,-0.19254,-0.11777,-0.022504,0.017149,-0.0081846,-0.036593,-0.053175,-0.065193,-0.059098,-0.0028382,0.087125,0.16024,0.17486,0.1054,-0.024975,-0.24798,-0.48371,-0.57307,-0.53773,-0.45866,-0.36032,-0.2452,-0.117,-0.0037682,0.059361,0.099418,0.13289,0.13171,0.068162,-0.080902,-0.18227,-0.079589,0.12446,0.27685,0.082581,-0.050791,-0.14183,-0.19895,-0.18894,-0.1519,-0.11814,-0.10688,-0.11915,-0.12475,-0.088206,-0.024848,-0.027625,-0.084306,-0.10101,-0.052229,0.010264,0.023023,0.13376,0.26119,0.30463,0.29425,0.23802,0.3324,0.41461,0.3816,0.33464,0.30327,0.39108,0.49666,-0.18289,-0.49342,-0.74418,0.10713,0.53746,0.23823,-0.92649,-0.55346,-0.66186,0.69052,0.7375,-0.10208,-0.0042261,0.60427,0.27196,0.028713,0.22443,-0.48843,0.29286,-0.084315,0.26055,-0.51823,0.2209,0.050365,0.27843,0.018755,0.11245,0.17038,0.17034,-0.057977,2.5125,-0.03611,0.16997,1.2584,-1.0687,0.095688,-0.68215,-0.31643,0.73346,0.33299,0.24101,0.1776,-0.419,-0.010243,-0.34095,-0.068011,0.66954,0.18274,-0.092025,0.027414,0.012321,0.070246,-0.14313,-0.21742,-0.062776,0.33696,-0.076583,0.14597,0.19033,-0.029387,2.4208,-0.43936,-0.32896,0.065008,-0.88242,1.2267,-0.33485,-0.95914,0.79814,0.31184,-0.38418,-0.18675,-0.17892,0.342,-0.31851,0.24754,-0.72189,-0.44818,0.48017,-0.0043229,-0.17459,-0.17162,0.02166,0.10497,0.084352,-0.11722,-0.017692,-0.12268,-0.18645,-0.25536,-0.067418,-0.029383,-0.2389,0.16909,0.016953,0.35852,0.80951,1.313,0.14599,-0.31086,0.64752,0.20602,-0.17192,0.14142,-0.42979,0.1693,-0.13347,-0.26124,-0.14796,0.24434,-0.24405,-0.63149,-0.0136,0.20173,0.20118,0.10779,-0.2584,-0.21714,-0.039067,-0.17796,3.1551,0.19378,0.40933,-0.04268,-0.093891,-0.70837,0.77869,1.299,0.11383,-0.18482,0.058744,-0.27013,-0.018881,0.086338,0.21187,-0.4904,0.28436,-0.17927,0.064395,-0.043454,0.13109,-0.42275,-0.047131,0.085239,-0.00082197,-0.073997,0.4099,-0.19694,-0.30687,-0.10416,-0.092346,0.0090336,0.12664,-0.079186,0.047832,0.10202,0.022035,0.94671,-0.17885,0.26137,-0.50423,0.17011,0.12505,0.29072,-0.38981,-0.16346,0.23827,0.09876,0.087627,0.46429,-0.069258,-0.046874,-0.33418,0.030708,0.46537,-0.23107,0.019322,-0.26349,-0.18732,-0.097171
0.56042,0.75156,0.51967,0.12369,-0.18657,-0.24725,-0.076213,-0.027332,-0.13421,-0.1698,-0.068573,0.047361,0.041609,0.043227,0.042605,0.024365,-0.014765,-0.055209,-0.068211,-0.03775,0.010338,0.02105,0.032122,0.040756,0.020015,0.101,0.19054,0.18054,0.14348,0.14438,0.10524,-0.43568,-0.54794,0.029785,0.083892,0.12737,0.10035,0.094009,0.084098,0.041362,0.015671,-0.00073244,0.042133,0.032203,-0.064026,-0.11963,-0.10972,-0.045813,-0.014593,-0.034351,-0.038761,-0.085678,-0.072509,0.017541,0.024486,-0.024723,-0.046747,-0.049778,-0.072421,-0.074515,-0.061382,-0.03843,-0.014485,-0.0067985,-0.027378,-0.089786,-0.10783,-0.084491,0.0007385,0.14276,0.13554,-0.0064997,-0.11363,-0.12871,-0.052271,0.055401,0.13042,0.25185,0.44414,0.48068,0.27516,0.074891,0.051993,0.11916,0.15247,0.14802,0.14858,0.074936,0.025361,0.062556,0.093405,0.10042,-0.0324,-0.14845,-0.1466,-0.12216,-0.012316,0.16861,0.35578,0.42732,-0.24097,-0.29016,-0.20249,-0.061362,0.053369,0.06872,0.0086651,-0.089473,-0.10555,-0.13303,-0.10939,-0.034605,0.0011782,0.055482,0.082162,0.079013,0.05631,0.026832,0.020748,0.048133,0.092755,0.23829,0.33902,0.28219,0.20515,0.22751,0.25883,0.21033,0.17518,0.20605,0.2905,-0.66467,-0.66797,-0.069189,-0.2759,-0.2823,-0.23838,-0.1417,-0.065872,-0.050051,-0.05471,-0.048341,0.0050327,0.045702,0.0019851,-0.01634,0.063982,0.1844,0.24075,0.14229,-0.0017394,-0.20265,-0.46237,-0.59675,-0.57213,-0.48494,-0.3564,-0.24211,-0.15246,-0.066315,0.01461,0.10638,0.18784,0.21586,0.26087,0.22954,-0.010486,-0.23861,-0.19304,-0.057447,-0.088006,-0.20566,-0.24555,-0.22623,-0.20504,-0.17224,-0.14616,-0.13368,-0.12699,-0.13074,-0.15481,-0.12094,0.0056317,0.06952,0.016562,0.0064039,-0.012306,0.041374,0.16735,0.267,0.29479,0.24003,0.18138,0.099563,0.018385,0.0068781,0.16936,0.33714,0.46088,0.55928,0.093169,-0.70212,-0.27098,-0.046344,0.3813,0.54028,-0.76365,0.13588,-0.77891,0.088665,0.23348,-0.032204,0.10372,0.65256,0.24694,-0.20771,0.47961,0.0054777,-0.46042,-0.23108,0.030431,-0.34478,0.47624,-0.14138,-0.10005,0.57265,-0.24057,0.084725,0.29963,-0.047368,0.72334,-1.8359,0.94592,-0.92592,-1.9824,0.2021,-0.65741,-1.2356,0.19542,-0.26473,0.51683,0.51763,-0.40458,0.20195,0.39465,-0.22505,0.15897,-0.62235,0.14192,-0.080338,0.0064656,-0.27126,-0.41379,-0.021312,0.31451,-0.034883,0.35199,0.15446,-0.12248,0.10634,2.467,-0.21887,-0.20095,-0.011405,-0.92628,1.4523,0.39031,0.1584,0.82614,0.51413,-0.20237,0.61052,0.31203,0.67868,-0.047238,-0.052233,-0.1278,0.64791,0.26953,0.73672,-0.29176,0.019937,-0.26937,0.38886,0.38378,-0.20189,-0.35511,-0.16816,-0.14431,0.057431,-0.060524,-0.039969,-0.50637,0.34923,-0.45768,-0.20364,0.61578,1.3191,-0.30542,0.31997,0.33122,-0.25784,-0.13499,0.50357,-0.81256,0.494,0.018523,-0.0050602,0.13451,0.18145,-0.47532,-0.12323,0.31948,0.065803,0.29,-0.1212,-0.14124,0.079156,-0.16109,-0.088846,2.3865,1.3832,-0.16602,-0.079301,-1.2356,-0.50991,1.1779,0.17229,-0.241,0.18024,-0.047176,-0.29708,-0.43848,-0.34939,-0.20763,0.19164,0.71569,0.090737,0.098677,-0.43706,-0.13531,-0.17097,0.27363,-0.0066744,0.10175,-0.27777,0.31022,0.26156,0.13545,0.44968,-0.1461,0.19735,0.15769,0.32658,-0.21753,0.86243,0.0019075,0.54843,-0.49374,0.69691,-0.18062,0.0040501,-0.012828,-0.061738,-0.52008,-0.13318,-0.32871,0.36222,0.64689,0.3308,-0.045553,-0.18768,0.057604,-0.13513,0.32235,0.14747,-0.054012,-0.36336,-0.021274,0.014743
-0.10566,-0.090903,0.15068,0.15632,0.16204,0.0654,0.058429,0.13798,0.14623,0.1188,0.091526,0.088209,0.11261,0.13486,0.13336,0.087789,-0.082076,-0.22999,-0.21925,-0.13863,-0.083902,-0.070107,-0.085254,-0.066795,0.011027,0.044471,0.061416,0.069099,0.067186,0.079001,0.052413,0.10086,0.19267,0.18225,0.22359,0.23816,0.17116,0.059613,-0.0037351,-0.011641,-0.015214,-0.018422,-0.028718,-0.050642,-0.054818,-0.061875,-0.060682,-0.019887,0.0098061,-0.0148,-0.056898,-0.054804,0.023328,0.10941,0.11687,0.06877,-0.0055533,-0.01033,-0.023475,-0.057529,-0.034116,-0.0080979,0.012499,0.017335,-0.036731,-0.081427,-0.061031,-0.06295,-0.059881,-0.020291,-0.38873,-0.6785,-0.52849,-0.099884,0.18623,0.30739,0.32169,0.22497,0.095322,0.015759,-0.0023706,0.038798,0.11959,0.17802,0.17643,0.13602,0.12503,0.13899,0.087741,0.056862,0.088962,0.12143,0.13683,0.060569,0.0053972,0.031951,0.0053398,-0.04832,0.006957,0.069186,0.8264,0.2264,-0.20529,-0.2476,-0.29533,-0.28915,-0.13807,0.034383,-0.0012919,0.0067691,0.034939,0.10074,0.17301,0.20126,0.17863,0.10199,0.078289,0.076819,0.091177,0.16887,0.22368,0.16791,0.068296,0.029814,0.086406,0.12428,0.10338,0.099643,-0.010826,-0.18022,-0.17915,0.12231,0.15534,-0.083362,-0.27832,-0.29067,-0.17564,-0.036112,0.048509,0.062799,0.046931,0.020403,-0.0069116,-0.030318,-0.059508,-0.032935,0.057489,0.14272,0.17186,0.099643,-0.042912,-0.21683,-0.38584,-0.4812,-0.4716,-0.39815,-0.26338,-0.12386,-0.039662,0.01352,0.10149,0.19251,0.24222,0.21365,0.11789,-0.038492,-0.13091,-0.11206,-0.026949,0.051511,-0.15827,-0.18246,-0.22008,-0.26025,-0.14795,-0.10037,-0.08667,-0.090446,-0.03064,0.037876,0.033295,0.050265,0.02582,-0.06715,-0.099534,-0.052023,-0.024771,-0.082975,-0.025977,0.11249,0.19208,0.19605,0.13712,0.15258,0.18538,0.16397,0.17468,0.17922,0.25672,0.36241,-0.59448,-0.89079,-0.55856,0.012311,0.22497,-0.18343,0.057526,-0.30358,0.086461,0.3023,1.0831,-0.30246,-0.39184,0.55185,0.44367,0.058997,0.25053,-0.36795,0.083847,-0.13647,0.19682,-0.50693,-0.20711,-0.1544,-0.084598,-0.11904,0.020426,-0.0089575,0.071633,-0.1925,2.4966,-0.39978,0.27865,0.93534,-1.1847,0.17707,-0.16924,0.25668,-0.21556,0.50736,0.057032,0.17198,-0.54368,-0.01221,-0.17843,0.046454,0.83987,0.55396,-0.49883,0.17305,0.068533,0.32186,-0.1568,0.075715,-0.33069,0.16542,-0.16718,-0.06411,0.28718,0.011083,2.413,-0.039119,-0.68866,-0.23937,-0.089427,0.154,-0.5765,-0.57408,0.2878,-0.045651,-0.16275,-0.45984,-0.31315,0.35519,-0.30421,-0.22996,-0.59728,0.13311,0.026931,-0.34081,-0.20602,0.12855,-0.036929,0.019798,-0.37032,0.066106,0.11334,0.19088,-0.091271,0.043973,0.044058,0.052982,-0.48245,0.011834,0.042523,0.48359,0.43305,0.069513,0.30159,-0.054842,0.26817,0.1478,-0.017085,0.021873,-0.2888,0.28752,-0.075557,-0.21649,-0.47259,0.23842,-0.33152,-0.31742,-0.128,-0.043479,-0.044957,0.20229,-0.15097,-0.32111,-0.13714,-0.014258,3.4489,-0.038904,0.33154,-0.32061,0.41205,-0.30164,-0.42186,0.83801,0.32366,0.45931,-0.096064,-0.27732,-0.1288,0.20861,0.50679,-0.68583,0.010094,0.044046,0.17686,0.062945,0.0012402,0.0019761,0.0033168,-0.03403,0.093327,-0.11626,-0.22538,-0.128,-0.15914,0.12068,0.022579,-0.0046664,0.20149,-0.086447,0.37049,-0.48221,0.097423,0.061205,0.39902,-0.045737,-0.24452,0.0015083,0.12832,0.19085,-0.37351,-0.20689,0.43552,-0.16751,-0.24798,0.2863,0.13627,-0.14978,-0.16064,0.10468,0.18765,-0.022377,0.10628,0.26831,-0.22368,0.23381
0.18015,0.26289,0.13309,-0.12086,-0.27445,-0.2249,-0.093629,0.030222,0.096366,0.038601,-0.018687,0.023688,0.076925,0.093976,0.080479,0.027261,-0.039642,-0.10428,-0.13004,-0.097576,-0.016097,0.059146,0.046882,-0.052095,-0.18153,-0.21774,-0.13021,-0.0029204,0.070818,0.0089119,0.17059,0.25799,0.27029,0.2632,0.22127,0.26658,0.24981,0.18765,0.11207,0.092055,0.091951,0.072927,0.056257,0.0355,-0.042453,-0.12118,-0.11414,-0.081852,-0.059555,-0.065034,-0.046166,-0.047589,0.0089394,0.10057,0.10798,0.055932,-0.016394,-0.063331,-0.084932,-0.085845,-0.066464,-0.027994,0.0056763,0.015798,0.015519,0.022658,0.041545,0.065209,0.07338,-0.025576,-0.16067,-0.20251,-0.16189,-0.066138,-0.013873,-0.0085045,0.0080758,0.061436,0.10955,0.094529,0.027608,-0.0039376,0.073041,0.18461,0.2291,0.21877,0.20292,0.11108,0.041724,0.056905,0.080381,0.1089,0.010136,-0.099068,-0.11467,-0.17028,-0.20293,-0.10454,0.10118,0.20462,0.046875,-0.08924,-0.044173,0.036141,0.099632,0.087396,-0.028776,-0.20255,-0.3444,-0.354,-0.21421,-0.038962,0.080118,0.14396,0.12735,0.049623,-0.020905,-0.0062573,0.038054,0.13309,0.26371,0.31044,0.27491,0.16614,0.051494,0.016456,0.039783,0.062881,0.086553,0.12209,0.021837,-0.32464,-0.50712,-0.50078,-0.34519,-0.33517,-0.28654,-0.22675,-0.15712,-0.065699,-0.0039991,-0.031134,-0.070516,-0.060607,-0.0071271,0.077769,0.16422,0.22049,0.23937,0.22662,0.1912,-0.048177,-0.37563,-0.53162,-0.52299,-0.43123,-0.31034,-0.22838,-0.17313,-0.10122,0.0079895,0.15495,0.27647,0.3099,0.23886,0.076432,-0.023895,-0.0092837,0.0062405,-0.042942,-0.042139,-0.0093149,0.0058528,-0.034223,-0.062156,-0.034879,-0.052869,-0.08138,-0.085201,-0.085264,-0.078952,-0.053147,0.028358,0.051324,-0.019107,-0.03255,-0.036271,0.021717,0.10696,0.1517,0.17403,0.16842,0.20655,0.16049,0.052027,0.0068265,-0.016276,0.044362,0.22857,0.35703,-0.13057,-0.46108,-1.1586,0.12069,0.29714,0.32163,-0.1123,0.64611,-0.41141,0.20784,0.47286,-0.30242,-0.26931,0.2201,0.45708,-0.069048,-0.13913,0.40072,0.24359,-0.41746,-0.29364,-0.255,0.26896,-0.17467,-0.022099,0.12599,0.054792,0.06056,0.23091,-0.070817,2.6915,-0.09468,-0.34383,0.32275,-1.1338,-0.11047,-0.007043,-0.70713,0.069947,0.00057175,-0.14283,0.43876,0.028228,0.090303,0.024734,-0.27813,0.097744,0.44489,-0.14296,-0.24694,-0.049188,0.030499,-0.19157,0.13115,-0.11783,-0.10072,-0.074584,0.22084,0.078558,0.0038162,2.5079,-0.49447,-0.35275,-0.70951,-0.4913,0.55779,0.54907,-0.11437,0.51905,0.12375,-0.054665,0.11738,-0.49206,-0.30777,-0.56271,-0.065236,0.014511,-0.0086186,0.059269,0.13574,-0.34904,-0.076016,-0.046364,0.41018,0.0085188,0.21148,-0.36504,0.095652,-0.26464,-0.026987,0.040886,0.49557,0.22819,0.7599,-0.15805,0.051372,-0.30167,0.57787,0.097721,0.18133,0.16931,-0.12254,-0.093411,0.38267,0.046772,0.26688,0.26716,0.2694,-0.22623,0.073426,-0.079108,-0.26559,0.14259,0.28411,0.067852,-0.15951,-0.34465,-0.097011,-0.096056,-0.0071239,3.5139,0.070802,1.0346,-0.11648,-0.52578,-0.94603,-0.20631,-0.14897,0.12723,0.61589,0.10558,0.36162,0.037877,0.25358,0.35857,0.088545,-0.026481,0.38911,-0.12395,-0.10017,-0.059713,-0.17194,0.12077,0.076741,0.1027,-0.31572,0.08332,-0.082617,-0.25806,-0.022288,0.087499,0.34859,-0.43674,0.14292,-0.46933,0.39441,-0.12279,-0.12195,0.213,0.43687,0.046192,0.029184,0.0065015,-0.098628,-0.076046,0.021619,0.29192,-0.061248,0.038838,-0.32225,0.14219,0.15387,0.045824,-0.062164,-0.097046,0.078817,-0.0066412,0.035047,0.11767,-0.086664
0.73886,0.66898,0.31409,0.027251,-0.066918,-0.033931,0.12742,0.23631,0.21934,0.16967,0.12164,-0.00052803,-0.052023,-0.013756,-0.026838,-0.084737,-0.085278,-0.028067,0.019835,0.102,0.14639,0.099682,-0.092055,-0.2576,-0.2227,-0.052003,0.026664,0.001036,0.023395,0.083196,0.21803,0.16549,0.26294,0.24333,0.13033,0.12803,0.086717,0.012412,-0.039721,-0.048566,-0.038977,-0.028785,-0.033251,-0.051412,-0.044508,-0.070849,-0.084283,-0.02663,-0.0041269,-0.047838,-0.11982,-0.1218,-0.038365,0.033899,0.03253,-0.018511,0.055803,0.15381,0.16389,0.053976,-0.061923,-0.034385,-0.013914,-0.013007,-0.051198,-0.09153,-0.083361,-0.045186,-0.03256,-0.01661,0.03639,-0.16358,-0.32186,-0.31887,-0.29717,-0.21797,-0.0053534,0.21085,0.29501,0.21538,0.08484,0.060816,0.11949,0.1528,0.15224,0.13735,0.1429,0.16863,0.17316,0.18402,0.18733,0.044396,-0.069548,-0.074562,-0.10703,-0.10881,-0.15795,-0.21567,-0.095684,0.0069812,-0.68113,-0.47317,-0.21316,-0.12673,-0.10641,-0.1351,-0.13064,-0.091136,-0.13061,-0.12944,-0.093518,0.10322,0.29826,0.3559,0.29905,0.2,0.067613,-0.0034607,0.038978,0.1034,0.14127,0.10235,0.060533,0.0027031,-0.02016,0.038653,0.058063,0.0082778,-0.03416,-0.058392,-0.36389,-0.42023,-0.30715,-0.22009,-0.11398,-0.11803,-0.063329,0.014117,0.087259,0.1211,0.098928,0.047019,0.0051873,-0.0083129,-0.014637,0.051861,0.18817,0.28768,0.30517,0.23348,0.092595,-0.078337,-0.25793,-0.35232,-0.33504,-0.25613,-0.092349,0.024657,0.055156,0.11723,0.20271,0.28412,0.29865,0.24584,0.22306,0.17121,0.03353,-0.049149,-0.079737,-0.025177,0.048737,-0.073452,-0.16319,-0.15527,-0.1445,-0.12505,-0.12025,-0.11934,-0.11976,-0.11415,-0.10984,-0.10374,-0.067609,-0.057157,-0.092937,-0.1164,-0.050335,0.040371,0.085213,0.13557,0.10708,0.17968,0.22373,0.14293,0.10368,0.11929,0.078709,0.044505,0.17128,0.30354,-0.42503,-0.66913,-1.2734,-0.076029,0.19886,0.15166,-0.044851,-0.13317,-0.27347,0.34278,0.83627,0.12493,-0.35753,0.68737,0.29491,-0.046072,-0.30448,0.15229,0.041095,-0.3476,-0.2407,-0.47455,0.016881,-0.32594,0.32148,0.14812,-0.0089649,-0.078871,0.067943,0.033836,2.5185,0.93319,-0.41421,1.0766,-0.36224,-0.2154,0.39622,-0.19458,-0.18154,-0.11446,0.26547,0.47759,-0.24543,0.23158,-0.19868,-0.34128,0.60646,0.12023,-0.27406,-0.52303,0.029098,-0.038092,-0.51477,0.1035,0.069458,0.046026,-0.054364,-0.068108,0.26464,-0.31741,2.3667,-0.14635,-0.73734,-0.86586,-0.74089,-0.38701,0.18919,-0.37125,-0.078158,0.37437,-0.25861,-0.31981,-0.1301,-0.036194,-0.83213,0.31016,-0.11144,0.043383,0.20367,0.28713,-0.1873,0.011447,-0.023532,0.37922,-0.043409,0.33559,-0.24949,0.1841,-0.22895,-0.0087605,0.085596,0.30439,0.026484,0.57019,0.14821,0.50476,0.22806,0.63255,-0.026379,-0.10183,0.03907,0.1325,0.11976,0.054921,-0.46671,-0.25704,0.064128,0.24281,-0.09333,0.1476,-0.25514,-0.21436,-0.055219,0.037934,0.46972,-0.013286,-0.13547,-0.022921,-0.23657,-0.14231,3.2412,0.21618,0.65125,0.078466,-0.69119,-0.42138,-0.38481,0.37252,0.29947,0.34282,0.019008,0.58167,-0.14022,-0.36674,0.15378,0.22479,0.27377,0.42344,-0.082382,-0.087042,0.17021,-0.33807,0.1377,-0.010045,0.24329,-0.37803,-0.11662,-0.20121,-0.33294,0.099579,0.074834,0.3433,-0.27542,0.027942,-0.23433,-0.18827,-0.10754,-0.23832,-0.38551,0.010313,0.11463,0.19013,0.42373,0.19115,-0.31603,-0.19684,0.37547,-0.027023,0.24698,-0.11473,-0.15614,-0.10628,0.038157,-0.12287,0.24228,0.20682,0.12234,0.10717,0.19625,0.066296
0.55588,0.50594,0.25388,0.060928,-0.019385,-0.00056257,0.12191,0.19981,0.19494,0.16448,0.11785,0.10292,0.12896,0.15205,0.14748,0.0076271,-0.17429,-0.25339,-0.23943,-0.16089,-0.062724,-0.018533,-0.077966,-0.17988,-0.23203,-0.17582,-0.019885,0.14,0.14518,0.052975,0.075588,0.20105,0.31528,0.42962,0.24922,-0.0203,-0.01352,-0.037707,-0.024407,-0.0055236,-0.018608,-0.029934,-0.038061,-0.048026,-0.03648,-0.047615,-0.10219,-0.13145,-0.10752,-0.082282,-0.07096,-0.081774,-0.037894,0.029603,0.020659,-0.032704,-0.06721,-0.068357,-0.071168,-0.064712,-0.045961,-0.024735,-0.014983,-0.012091,-0.0091464,-0.0043206,0.003965,-0.019713,-0.0065511,0.10519,-0.031231,-0.27657,-0.35204,-0.20755,0.0056517,0.14654,0.16537,0.15096,0.15037,0.11858,0.10859,0.14613,0.17978,0.182,0.13573,0.10214,0.10052,0.063522,0.049292,0.072085,0.081981,0.085078,-0.033859,-0.13709,-0.12507,-0.12188,-0.11121,-0.074091,-0.014481,0.01016,-0.71985,-0.48015,-0.19078,-0.11196,-0.10285,-0.13288,-0.090105,0.0058156,-0.029055,-0.040567,0.0082368,0.10125,0.17801,0.21688,0.18861,0.16525,0.10994,0.037874,0.057353,0.13371,0.16411,0.1338,0.071479,0.020068,0.0047723,0.0097703,0.040673,0.052354,0.019538,0.012347,-0.01165,-0.31442,-0.4371,-0.247,0.003659,0.018659,-0.010798,0.0063457,0.016486,0.014172,0.020167,0.040039,0.067688,0.087454,0.076937,0.061853,0.02305,-0.0014502,0.020219,0.028152,0.01964,-0.08743,-0.27528,-0.36453,-0.33065,-0.24724,-0.17824,-0.16146,-0.13083,-0.051719,0.055595,0.14997,0.20566,0.21856,0.16978,0.052555,0.0014964,0.016333,0.066159,0.13824,-0.055742,-0.14331,-0.12285,-0.15351,-0.15602,-0.12442,-0.10067,-0.090731,-0.090961,-0.088739,0.0088666,0.079168,0.001081,-0.054786,0.0032097,0.096316,0.11491,0.19028,0.24774,0.23903,0.19906,0.13555,0.1399,0.10399,0.033773,0.056339,0.074646,0.071347,0.11743,0.16349,-0.042124,-0.64601,-1.4652,0.15115,0.45416,0.20766,-0.42087,-0.022028,-0.10824,0.18709,0.97924,-0.40786,-0.1753,0.69877,0.11616,-0.0040682,-0.014219,-0.017405,0.23455,-0.26122,-0.18321,-0.43681,-0.0090294,-0.0049054,-0.1653,0.15971,-0.10432,-0.0095042,0.26911,-0.19298,2.4981,0.13576,0.040839,-0.024786,-1.1063,-0.27222,0.1431,0.11336,0.4261,0.083967,0.33747,0.39832,-0.46717,0.17378,-0.28464,-0.34279,0.57485,0.33639,-0.55257,-0.15999,0.12954,0.2056,-0.1628,0.15239,0.0069254,0.10935,-0.084735,0.14149,0.13182,-0.037229,2.3048,-0.066158,-0.39798,-0.81838,-0.82418,-0.18718,0.078857,-0.49306,0.20933,0.27874,-0.4178,-0.39416,-0.41407,-0.0018179,-0.71066,-0.16644,-0.21052,0.49958,0.3604,-0.10799,-0.37799,-0.039808,-0.067755,0.22505,0.016025,0.026943,-0.22903,-0.082598,-0.20371,-0.22416,-0.092272,0.62488,-0.00059866,0.56212,0.081995,0.35415,0.30295,0.60381,-0.011623,-0.20545,0.04791,0.12416,0.12129,0.13099,-0.36931,-0.17297,0.35181,-0.17093,-0.41502,0.12324,-0.3786,-0.23676,-0.057442,-0.0099198,0.030157,0.041229,-0.19905,-0.068123,-0.041125,0.10668,3.2871,-0.31189,0.77672,0.018014,-0.49776,-0.23709,0.067153,0.60701,0.26183,0.62504,-0.3785,-0.17856,-0.45439,-0.10041,0.38783,-0.20026,0.17778,0.26815,-0.085174,-0.032656,-0.057012,-0.26456,0.22269,0.034078,-0.10807,-0.30648,-0.0038355,-0.14184,-0.024869,0.24826,-0.086226,0.68666,-0.28751,0.20057,-0.35771,-0.25035,0.007392,-0.12778,-0.33402,0.030659,-0.0010931,-0.0066902,0.54021,0.099992,-0.33819,-0.17677,0.33663,-0.0096939,0.089169,0.2317,-0.19794,-0.008606,0.14438,0.0060557,0.15137,-0.11248,0.01868,-0.028595,0.058592,0.25204
0.39252,0.51834,0.42727,0.16639,-0.061421,-0.099989,-0.014057,0.025337,0.088574,0.13603,0.10436,0.094322,0.099626,-0.031564,-0.17599,-0.22124,-0.19787,-0.1143,-0.075317,-0.058586,-0.099185,-0.14032,-0.16911,-0.18704,-0.12299,-0.0082568,0.06942,0.088435,0.11977,0.13784,0.095035,0.12279,0.20435,0.17715,0.18361,0.18751,0.15172,0.084007,0.079779,0.10612,0.12725,0.15145,0.14363,0.033102,-0.08879,-0.099754,-0.062498,-0.0060503,0.0043798,-0.045468,-0.10931,-0.1071,-0.0020106,0.078107,0.07627,0.027987,-0.026754,-0.061084,-0.076717,-0.078728,-0.071109,-0.016804,0.08908,0.15683,0.17982,0.1999,0.21262,0.19321,0.11024,0.00649,-0.017928,-0.30028,-0.50143,-0.52928,-0.48786,-0.37654,-0.1835,0.02096,0.13945,0.13587,0.060156,0.019494,0.056705,0.1111,0.13337,0.12572,0.12779,0.15519,0.16303,0.17345,0.17748,0.049585,-0.034177,-0.010414,-0.033556,-0.092665,-0.12226,-0.10426,0.0091541,0.10528,-0.48205,-0.36065,-0.15845,-0.092011,-0.044966,-0.036808,-0.11961,-0.19339,-0.15222,-0.050555,0.0058906,0.087997,0.14454,0.21174,0.20645,0.13985,0.1329,0.1807,0.215,0.23074,0.19753,0.025812,-0.15315,-0.19617,-0.18279,-0.14371,-0.12378,-0.12972,-0.16659,-0.23154,-0.23311,0.048941,0.10146,-0.068786,-0.18403,-0.17073,-0.11685,-0.050411,0.10223,0.21489,0.15314,0.046423,-0.039531,-0.059102,0.020785,0.16227,0.30323,0.37698,0.34593,0.26362,0.17372,-0.038557,-0.29474,-0.40078,-0.38387,-0.31895,-0.24618,-0.18051,-0.12792,-0.086706,-0.047582,-0.017842,-0.001222,0.029407,0.057763,0.033962,0.047496,0.097431,0.10597,0.085962,0.10402,-0.010429,-0.073035,-0.054803,-0.057997,-0.058713,-0.064854,-0.077884,-0.092765,-0.094067,-0.087147,-0.060307,-0.0079197,-0.010668,-0.061049,-0.081359,0.0050053,0.099536,0.10876,0.12653,0.086404,0.19755,0.2877,0.20802,0.091098,0.070377,0.072627,0.060838,0.16879,0.28299,-0.6839,-0.74231,-1.086,0.10516,-0.38032,-0.033626,0.6616,-0.37954,0.2521,0.005325,0.74199,-0.033535,-0.50101,0.47948,0.34919,-0.46209,-0.1691,0.13146,-0.089092,-0.23046,-0.61432,-0.44982,0.026397,-0.050103,0.18901,0.283,0.087237,0.053928,0.084607,-0.078993,2.7667,-0.029012,-0.25929,0.62419,-0.9454,0.34008,-0.54036,0.52069,-0.95335,-0.040663,-0.027225,0.53626,-0.13453,0.10067,0.13971,-0.61385,-0.08777,-0.028085,0.085159,-0.43338,-0.033453,-0.086424,-0.4443,-0.21783,-0.23362,0.087434,-0.03042,0.039721,0.14099,0.056496,2.5525,-0.56893,-0.019569,-0.84587,0.21305,0.59211,-1.0488,-0.13825,-0.094429,-0.039032,-0.14802,0.64335,0.33124,0.15199,-0.21345,0.046879,-0.098368,-0.070586,-0.0035868,0.23016,-0.25682,0.30827,-0.21661,0.3722,-0.13932,0.14394,-0.024282,-0.0052043,-0.077856,-0.18553,0.070192,0.29321,0.16779,0.31445,0.17627,0.84288,0.36358,-0.20883,-0.096178,-0.050882,-0.3403,0.16773,0.071589,-0.044768,-0.6048,0.008355,0.067291,0.36641,-0.10808,-0.031801,0.248,-0.16386,-0.11642,-0.047808,0.29676,0.11455,0.040829,0.12169,-0.24305,-0.0099662,3.3735,0.49489,0.47421,0.23108,-0.27018,0.27712,-0.99856,0.2146,0.2366,0.54242,0.50792,0.80809,0.014126,-0.4459,-0.028669,0.083704,0.17819,0.47156,-0.19366,-0.1189,0.026883,0.049195,-0.16139,0.15806,0.21949,-0.17039,0.16674,-0.29452,-0.12993,0.070658,0.10217,0.33561,-0.45809,0.0050904,-0.043728,-0.78939,-0.034209,-0.65694,-0.039152,-0.25049,0.14954,0.12969,-0.31192,0.13771,-0.53335,-0.23432,-0.16233,0.11625,0.23676,-0.15768,-0.04053,0.19147,-0.12922,-0.23275,0.19786,0.059666,-0.0062749,0.050518,0.031563,0.086463
-0.0032351,0.0063234,0.18687,0.18673,0.13746,0.09106,0.08404,0.10211,0.040711,-0.0046084,0.029466,0.061986,0.076111,0.098597,0.10721,0.076839,-0.022069,-0.11549,-0.12246,-0.069196,-0.021055,-0.020545,-0.057257,-0.079318,-0.033192,0.010375,-0.0077827,-0.039024,-0.070088,-0.15472,-0.11539,0.020242,0.15091,0.11627,0.10166,0.10912,0.09251,0.080133,0.05272,0.019176,-0.012084,0.021121,0.0604,0.098587,0.10559,0.011045,-0.049854,-0.010992,0.016232,-0.035109,-0.10214,-0.095699,-0.0014286,0.059647,0.05039,-0.034945,-0.13533,-0.17429,-0.14909,-0.11731,-0.11337,-0.10532,-0.09994,-0.094833,-0.085731,-0.027278,0.022218,0.019599,0.068103,0.15126,0.17623,-0.12105,-0.57007,-0.45349,0.093457,0.32904,0.28546,0.21842,0.20983,0.22327,0.21785,0.2062,0.17047,0.16813,0.21114,0.22986,0.20844,0.1915,0.10883,0.069539,0.11726,0.16688,0.19587,0.035627,-0.13297,-0.1616,-0.13108,-0.05303,0.13994,0.27748,0.72594,0.11007,-0.25507,-0.25489,-0.22028,-0.1793,-0.18695,-0.2707,-0.26713,-0.15243,-0.01293,0.049782,0.1028,0.16274,0.17164,0.11687,0.074791,0.052302,0.051747,0.10226,0.14703,0.14301,0.099553,0.038935,0.063103,0.096926,0.078923,0.072275,0.090849,0.019678,-0.070336,0.20031,0.20051,-0.03127,-0.18542,-0.22264,-0.12906,-0.07606,-0.084039,-0.07606,-0.053765,-0.011966,0.084354,0.20701,0.16167,-0.045893,-0.11426,-0.029512,0.08149,0.15253,0.10605,-0.11424,-0.32465,-0.36874,-0.32148,-0.27797,-0.20545,-0.084982,-0.042679,-0.056156,-0.042523,-0.0070704,0.084933,0.16136,0.10596,-0.091487,-0.28113,-0.27785,-0.12439,-0.020913,-0.016949,-0.1496,-0.12005,-0.19137,-0.25627,-0.14878,-0.14125,-0.036441,0.083113,0.075967,0.06178,0.017253,-0.042018,-0.028791,-0.012649,-0.070903,-0.06517,-0.054751,0.051199,0.19627,0.26146,0.26741,0.21405,0.2546,0.25746,0.18265,0.16494,0.19137,0.34012,0.47572,-0.39685,-1.1775,-0.28191,-0.046661,-0.01877,-0.061401,0.30713,-0.6231,-0.60307,0.13898,0.86313,-0.49302,-0.058107,0.78281,0.32112,0.17913,0.2492,0.12091,-0.085892,-0.33951,0.30493,-0.26692,-0.17439,0.096241,-0.21488,-0.30351,0.26574,-0.061501,-0.090302,-0.0051557,2.598,0.04089,0.68597,1.0328,-1.1146,-0.21674,0.35594,0.61772,0.46308,0.36231,0.085539,0.37227,-0.30802,-0.25438,-0.28534,-0.18364,0.64671,0.18139,-0.61476,-0.14302,0.083158,0.4118,-0.107,-0.14547,0.057243,0.059792,0.032312,-0.032111,0.079658,-0.080509,2.3566,0.12514,-0.55312,0.028237,-0.17667,0.44997,-0.80509,-0.48384,0.46996,-0.021144,-0.092192,-0.13978,-0.21984,0.29928,-0.39813,-0.063264,-0.46811,0.27974,0.28522,0.011136,-0.32602,0.26139,0.12016,-0.12874,0.14963,0.040181,0.034702,-0.1561,0.12765,0.31418,-0.13248,-0.1215,-0.67286,-0.045627,-0.017435,0.51604,0.74825,0.33523,0.26847,-0.13668,0.13492,-0.16647,-0.16844,0.24514,-0.68805,-0.082995,0.23567,-0.16704,-0.62729,-0.0095365,-0.061559,-0.088098,-0.053977,-0.14787,0.20255,0.3222,0.10032,0.05974,0.11137,0.058176,2.6397,0.98476,-0.50822,-0.10328,-0.32581,0.23827,0.07237,0.89096,0.061934,0.40265,0.19983,-0.34798,-0.66613,0.11889,-0.18674,-0.42064,0.070178,0.19696,-0.2181,0.16987,-0.12746,0.11353,0.19926,-0.20231,-0.1491,0.17051,-0.1159,-0.24313,-0.042893,0.051655,-0.25375,0.058446,0.62001,0.10696,0.32889,-0.42404,0.12658,-0.018592,-0.5435,-0.49663,0.093444,-0.19419,0.080662,-0.084977,-0.27633,-0.27186,0.29096,0.090834,0.0051304,0.42872,-0.13845,-0.064614,-0.0015154,0.27645,0.031873,0.064704,0.0083619,0.11875,-0.076206,0.13867
-0.031496,-0.023208,-0.048972,-0.17515,-0.25476,-0.21192,-0.12418,-0.090934,0.045427,0.17626,0.14073,0.11068,0.097968,0.11902,0.14919,0.15067,0.1171,0.030142,-0.025177,0.0047805,0.031926,-0.0025014,-0.10484,-0.23177,-0.26276,-0.11577,0.029014,0.039248,-0.02052,-0.10218,0.16109,0.258,0.30322,0.30894,0.23541,0.28648,0.26887,0.19224,0.10574,0.036634,-0.010422,-0.028928,-0.036588,-0.057692,-0.036475,-0.027313,-0.032013,0.014892,0.057055,-0.031567,-0.16677,-0.15433,-0.051228,0.027186,0.061876,0.062526,0.023779,-0.024468,-0.056192,-0.012493,0.051871,0.077574,0.053751,0.014665,0.0053885,-0.0096013,-0.014798,0.0030937,-0.05452,-0.1746,-0.12026,-0.36634,-0.58283,-0.49094,-0.25786,-0.066526,0.052467,0.068625,0.030513,-0.012356,-0.035153,-0.0032039,0.11574,0.22015,0.23252,0.1919,0.15802,0.16889,0.17784,0.19646,0.20688,0.069019,-0.049666,-0.035944,-0.018779,-0.011587,-0.0093144,0.005167,0.096439,0.16186,0.47205,0.062392,-0.067119,0.01429,0.048868,0.034905,-0.10582,-0.23782,-0.19397,-0.089873,-0.073688,-0.025912,0.077125,0.16774,0.18583,0.15683,0.11194,0.18338,0.27158,0.29895,0.32211,0.28595,0.18911,0.056369,-0.0048079,0.047904,0.082781,0.035994,0.012308,0.10119,-0.010453,-0.38776,-0.46389,-0.35938,-0.28673,-0.3752,-0.3506,-0.26771,-0.15255,-0.028749,0.074011,0.12519,0.10867,0.028897,-0.12905,-0.18807,-0.10664,-0.0070627,0.043483,0.093843,0.082694,-0.14982,-0.33737,-0.33798,-0.337,-0.39996,-0.42615,-0.39392,-0.29405,-0.10921,0.089922,0.19485,0.21091,0.22738,0.25507,0.22381,0.17906,0.15911,0.013311,-0.038433,0.042895,0.020388,0.015075,-0.044355,-0.12929,-0.1318,-0.059287,0.0093705,0.022772,0.036762,0.038723,-0.010706,-0.061317,-0.10247,-0.15335,-0.15552,-0.042169,0.081398,0.13301,0.19518,0.17763,0.23615,0.25235,0.15818,0.084925,0.04775,0.047545,0.070466,0.17175,0.27616,-0.37829,-0.44901,-1.5335,0.3367,0.081348,0.18895,-0.30728,0.4,-0.029544,0.41777,1.0642,-0.40252,-0.07525,0.55099,0.22167,0.059829,0.12483,0.078366,-0.15884,-0.41757,0.074549,0.083738,0.055578,-0.42444,0.014456,-0.026752,0.18913,-0.11969,0.43757,0.082847,2.6413,0.29994,-0.57178,0.32871,-0.95197,0.30098,-0.33978,-0.50604,-0.36252,0.15954,0.13258,0.049082,-0.023866,0.17383,0.047087,-0.27405,0.40354,0.33521,-0.64484,-0.26427,-0.014953,0.34546,-0.31773,0.038653,-0.32868,0.057508,0.11402,0.05377,0.32871,0.037967,2.4607,-0.55231,-0.17466,-0.88972,-0.66398,-0.26772,0.014312,-0.77196,0.57779,0.090781,-0.1639,0.26013,-0.20469,0.34136,-0.49924,-0.23097,-0.03659,0.12782,-0.01291,-0.13025,-0.40769,0.055514,0.05185,-0.01333,-0.34989,0.39036,-0.23476,0.028182,-0.075241,-0.069249,0.0080699,0.68856,0.4273,0.56436,-5.0466e-05,0.26945,-0.03563,0.43088,0.23328,-0.17522,0.14488,0.064273,-0.028771,0.48613,-0.40539,0.062679,0.31069,-0.016794,-0.15315,-0.22377,-0.16033,-0.093605,0.38078,-0.088679,0.16995,0.016132,-0.35318,-0.26611,-0.19468,-0.18055,3.2759,0.086947,0.98867,0.36399,-0.15507,-0.26105,0.060377,0.28253,0.14916,0.036199,-0.27734,-0.44845,-0.41228,0.56446,-0.18019,-0.20539,-0.0020957,0.45761,-0.11088,0.14573,-0.040456,0.045165,-0.1224,-0.035084,0.4221,-0.19007,-0.0070598,-0.32603,-0.18943,0.27771,0.18982,0.60306,-0.69046,0.083801,-0.3466,-0.023641,-0.18112,0.072941,0.495,0.31493,-0.093242,0.27997,-0.027643,0.041064,-0.44603,-0.1554,0.38125,0.16183,-0.023362,-0.10575,0.25267,0.035804,0.14761,-0.033479,-0.29464,0.064948,0.044508,0.33979,-0.11635,-0.015831
0.6563,0.61887,0.29727,-0.031477,-0.1683,-0.11349,0.012813,0.080222,0.057246,0.042528,0.055747,0.055014,0.055005,0.048824,0.036008,-0.021942,-0.10796,-0.15556,-0.15133,-0.12872,-0.087139,-0.020466,0.049524,0.093212,0.022843,-0.095663,-0.17233,-0.22501,-0.18813,-0.07964,0.035455,0.073543,0.16005,0.083193,0.062375,0.094717,0.069234,0.0050395,0.014041,0.032514,-0.0038943,-0.020647,-0.025734,-0.033337,-0.018983,0.040443,0.10456,0.14505,0.16795,0.16172,0.064054,-0.04363,-0.015446,0.048261,0.051049,0.015197,-0.049182,-0.096701,-0.10904,-0.10294,-0.085563,-0.067819,-0.056525,-0.064076,-0.1236,-0.16622,-0.14366,-0.12749,-0.027867,-0.12354,-0.50672,-0.38306,0.064781,0.25617,0.29045,0.34731,0.47209,0.59926,0.58281,0.36835,0.10798,-0.02222,0.027873,0.12243,0.15414,0.13753,0.096999,0.051175,0.042344,0.066034,0.093741,0.11626,0.028955,-0.06968,-0.085204,-0.072625,-0.088371,0.011938,0.21582,0.26254,-0.63313,-0.45061,-0.20154,-0.060804,0.014719,-0.011947,-0.12336,-0.2264,-0.16308,0.014069,0.07528,0.050445,0.040617,0.049258,0.048691,0.057239,0.043223,0.015691,0.02927,0.1188,0.21944,0.25882,0.27063,0.23214,0.21969,0.21755,0.14822,0.10648,0.12924,0.002607,-0.20963,0.16647,0.22589,-0.0067992,-0.21567,-0.28539,-0.23827,-0.17633,-0.10054,-0.026776,0.042939,0.089955,0.10741,0.11841,0.12206,0.12602,0.17858,0.22154,0.22697,0.22999,0.15431,-0.083248,-0.31274,-0.38255,-0.36119,-0.31123,-0.2475,-0.17955,-0.10113,-0.025279,0.045727,0.11121,0.13467,0.073146,-0.05619,-0.24201,-0.34952,-0.25272,0.018957,-0.040894,-0.10782,-0.15831,-0.24676,-0.23527,-0.2025,-0.13411,-0.065102,-0.047254,-0.067335,-0.094603,-0.040944,0.0083902,-0.020856,-0.074782,-0.139,-0.15995,-0.13321,-0.016244,0.12688,0.20337,0.23102,0.2051,0.20799,0.14319,0.035519,0.012831,0.083208,0.21157,0.36161,0.4593,-0.34329,-1.1111,0.14071,0.11007,0.46243,0.13251,-0.34521,-0.12112,-0.30199,0.17744,0.5308,-0.6524,-0.051556,0.52016,0.55089,-0.20601,0.11883,-0.15853,0.31318,-0.39227,0.28173,-0.31193,-0.044494,-0.06863,-0.16703,0.065193,0.47465,-0.24872,0.16256,0.00046302,1.455,-1.7432,1.2924,-0.029804,-1.9282,0.25546,-0.32264,-0.4257,-0.089975,0.014846,0.0013358,0.34892,-0.058076,-0.1056,-0.39981,-0.39556,0.42025,0.37345,-0.32829,-0.30482,-0.36554,0.26323,-0.21617,-0.15016,-0.0482,-0.08381,-0.33119,0.32853,0.16285,-0.083898,2.3755,0.23464,-1.3309,0.39619,-0.81117,-0.2528,0.14602,-0.45277,0.23708,0.4276,-0.21,-0.032597,-0.65097,0.0018489,-0.21532,-0.56406,-0.54728,-0.01168,0.42396,-0.2764,-0.32802,0.24867,-0.073359,0.062163,-0.14843,0.25028,-0.03453,-0.14785,0.21335,-0.073929,-0.049611,-0.14023,-0.94087,-0.22085,-0.12708,-0.086464,0.29019,0.5407,-0.048114,-0.059246,0.38782,-0.28812,-0.33828,0.3554,-0.56245,-0.090212,-0.076629,-0.0045721,-0.70785,-0.12732,0.11748,-0.57019,0.13441,-0.098053,0.066518,0.26311,-0.062641,-0.15277,-0.030512,0.14606,2.5595,2.0882,-0.82255,-0.43734,-0.97935,-0.56654,-0.5052,0.13825,-0.13554,-0.16451,0.21583,-0.15614,-0.032042,0.16567,0.59034,-0.53785,-0.16162,0.23568,-0.098486,-0.53912,0.01692,-0.052977,0.10247,-0.26846,-0.016771,-0.2257,0.0083381,0.10409,-0.06895,-0.14222,-0.011218,-0.0032946,0.75337,0.20151,0.30595,0.38004,0.11508,-0.074089,-0.31996,0.052673,0.19493,-0.23406,-0.084898,-0.029184,-0.045391,-0.32207,0.45638,0.044672,-0.073137,0.14109,-0.14028,0.30506,-0.31413,0.46678,0.11678,0.064988,0.20144,0.11905,-0.067822,-0.16044
0.27943,0.27695,0.060208,-0.16275,-0.06864,0.28675,0.37448,0.27654,0.16232,0.10716,0.079242,0.070434,0.063325,0.061226,0.064144,0.04577,-0.0019837,-0.050154,-0.091532,-0.079763,-0.060838,-0.073068,-0.067034,-0.039638,-0.01871,-0.047372,-0.08405,-0.063779,-0.00063318,0.018256,0.0063422,0.087359,0.057228,-0.023866,0.04084,0.10846,0.10326,0.075616,0.029155,-0.037,-0.03866,-0.028787,-0.053763,-0.079192,-0.11934,-0.10676,-0.0061571,0.099149,0.16591,0.16996,0.11471,-0.011337,-0.060602,0.0087058,0.024857,0.0026304,-0.052955,-0.098101,-0.11057,-0.104,-0.091209,-0.079735,-0.06191,-0.049292,-0.077454,-0.11377,-0.11206,-0.095048,-0.047608,0.058018,-0.15051,-0.50207,-0.58797,-0.36697,-0.10614,0.086682,0.23541,0.33153,0.35668,0.33045,0.30036,0.32659,0.30733,0.25013,0.22114,0.2021,0.16492,0.16009,0.11523,0.11883,0.18473,0.23486,0.25622,0.1647,0.076417,0.078962,0.06863,-0.0026353,-0.012696,0.022631,-0.35838,-0.28729,-0.13069,-0.19761,-0.30801,-0.37672,-0.50501,-0.35718,-0.014501,0.051078,0.088501,0.090224,0.092446,0.11142,0.11354,0.081911,0.035335,0.00037688,0.031948,0.1024,0.18975,0.2375,0.21761,0.17966,0.135,0.10654,0.093667,0.096325,0.12226,0.12921,0.15905,0.21588,0.14822,-0.02741,-0.26122,-0.31087,-0.30121,-0.26427,-0.21845,-0.14424,-0.10427,-0.093629,-0.083787,-0.075874,-0.05365,-0.015922,0.025291,0.11233,0.21136,0.24351,0.22218,0.05512,-0.16694,-0.28848,-0.30485,-0.27534,-0.21524,-0.1446,-0.06925,-0.0050198,0.027561,0.064292,0.11505,0.1288,0.12943,0.051218,-0.022613,-0.052631,-0.017211,0.071113,-0.086343,-0.087142,-0.030552,-0.13152,-0.18538,-0.16467,-0.13238,-0.12256,-0.12187,-0.12305,-0.14961,-0.21859,-0.30032,-0.19488,-0.014873,-0.024598,0.035854,0.078056,0.20812,0.35144,0.38918,0.36365,0.28379,0.36365,0.42415,0.37232,0.30849,0.22627,0.26094,0.34633,-0.54851,-1.1693,-0.25785,-0.060634,0.14616,-0.064127,0.078621,-0.38525,-0.23714,0.82031,1.3692,-0.44659,-0.23886,0.43163,0.29156,-0.057494,0.24706,-0.097673,-0.008879,0.049012,-0.20595,-0.46621,-0.30514,0.097221,0.29295,-0.17296,-0.018387,-0.043284,0.14352,0.098879,2.4357,-0.17417,0.42248,1.3345,-1.1173,0.21372,-0.23997,-0.10534,-0.099637,0.79565,0.22087,-0.19742,-0.14194,-0.24514,-0.46832,-0.26949,0.24627,0.10634,-0.40925,0.0046415,-0.0014052,0.28624,-0.21578,-0.19557,-0.055492,0.48743,-0.43101,0.059016,0.13952,-0.085623,2.4021,-0.064659,-0.62667,0.046356,0.18602,0.86159,-0.53565,-1.0266,0.16326,-0.033817,-0.41653,-0.26347,0.0066834,0.39057,-0.33389,0.07802,-0.28364,0.076705,0.29108,0.018442,-0.58495,0.14141,0.17975,0.28192,0.22382,0.17518,0.20613,-0.21235,-0.36718,-0.11238,0.0014862,0.025441,-0.65255,-0.084225,0.021441,0.30773,0.27544,0.31912,0.94142,-0.3043,0.43179,0.22546,-0.0096895,-0.068949,-0.10953,0.19282,0.041769,-0.29589,-0.34028,0.078063,-0.067481,-0.32995,-0.14634,-0.10092,0.61027,-0.052702,0.098494,-0.34937,0.22264,-0.22601,3.3119,0.34003,-0.038176,-0.096015,1.5315,-0.35139,0.27991,0.93615,0.018595,-0.29066,0.32525,-0.021272,-0.52633,-0.096571,0.040102,-0.4245,0.15828,0.070215,0.010701,-0.17184,0.13323,-0.24161,0.10383,0.1105,0.059126,0.13404,-0.087148,-0.50616,-0.11953,-0.13778,-0.048561,-0.10093,0.46882,-0.18537,0.31128,-0.15438,-0.014454,0.49114,0.54664,-0.33693,-0.068946,0.14875,0.27497,0.32599,-0.27821,-0.011241,-0.0048601,-0.030718,-0.28994,0.32098,-0.092676,0.17236,0.074047,-0.33625,0.34051,-0.047321,0.31,0.12844,-0.53127,-0.09826
0.41927,0.41151,0.19402,-0.0025728,-0.096028,-0.091593,-0.017318,0.017976,0.013688,0.03432,0.051543,0.051223,0.065863,0.077742,0.064132,-0.0041921,-0.11199,-0.1763,-0.15317,-0.068798,0.0065995,-0.035123,-0.095776,-0.08846,-0.036449,0.07086,0.11775,0.13146,0.18072,0.30385,0.48315,0.0059991,-0.47529,-0.089817,0.005615,0.11665,0.12511,0.081537,0.0089393,0.015578,0.034553,0.0051642,-0.0089115,-0.01932,-0.045631,-0.075912,-0.067403,-0.020959,0.012485,-0.018335,-0.095503,-0.091809,0.018051,0.10077,0.10368,0.055448,-0.023789,-0.079775,-0.095556,-0.090951,-0.11895,-0.14411,-0.12067,-0.10961,-0.11042,-0.081905,-0.056378,-0.045515,-0.064044,-0.18016,-0.1806,-0.12324,-0.055727,-0.0044919,0.0091277,0.023369,0.12833,0.21761,0.16708,0.096374,0.072001,0.076415,0.08278,0.13971,0.21449,0.22937,0.20315,0.18191,0.086727,0.025543,0.048787,0.080092,0.11008,0.053289,0.023017,0.11115,0.17666,0.21228,0.25105,0.25139,-0.66325,-0.46445,-0.20488,-0.089663,-0.031004,-0.039423,-0.12082,-0.19235,-0.14501,-0.03148,0.021797,0.062547,0.13031,0.17344,0.14705,0.041515,-0.082152,-0.13372,-0.093623,-0.0057632,0.068214,0.17653,0.23789,0.19135,0.15265,0.23613,0.30901,0.30166,0.3033,0.26171,0.14929,-0.80242,-0.81212,0.065865,-0.20556,-0.27882,-0.33025,-0.32464,-0.269,-0.17309,-0.073811,0.00033721,0.055597,0.10537,0.15161,0.1786,0.20813,0.26442,0.29548,0.23622,0.044136,-0.21959,-0.41332,-0.47504,-0.44004,-0.35908,-0.25399,-0.1623,-0.08237,-0.011552,0.070133,0.17285,0.25953,0.29262,0.23269,0.072962,-0.071604,-0.043793,-0.019958,-0.058813,-0.014438,-0.0012576,-0.13888,-0.24177,-0.21466,-0.18458,-0.14566,-0.11979,-0.11552,-0.11112,-0.12306,-0.12169,-0.13541,-0.099668,-0.045684,-0.10741,-0.10746,-0.10166,-0.010314,0.10626,0.14568,0.14671,0.11685,0.16708,0.22167,0.23756,0.30088,0.34291,0.38992,0.45076,0.048901,-0.3573,-0.71253,-0.049439,0.77588,0.48105,-0.95209,0.45471,-0.64837,0.4403,0.67183,0.17834,0.031804,-0.008953,-0.13166,-0.13191,0.19099,-0.16785,0.27142,0.40919,0.13373,-0.56499,0.38798,0.45646,0.36482,0.019047,-0.1817,0.32261,0.16349,0.08102,2.4788,0.070754,0.23725,0.14347,-1.491,-0.79453,0.43708,-0.60506,1.4486,-0.38065,0.24537,0.1729,-0.44225,-0.10094,0.062693,-0.014857,0.40482,-0.18792,0.17868,0.2477,0.15095,-0.072473,-0.0068155,0.002303,0.16456,0.64621,-0.30084,0.19244,0.086543,-0.056579,2.441,-0.27565,-0.77837,-0.077375,-1.8156,-0.28574,0.6784,-0.3,0.98573,0.28879,0.034016,-0.39146,0.1842,0.15917,-0.044071,0.6276,-0.41745,-0.48612,0.4976,0.16716,-0.0025477,-0.4485,0.027174,0.050874,0.34536,0.08601,-0.30359,-0.35673,-0.071171,-0.24354,0.013745,0.32962,-0.19437,0.27876,-0.33723,-0.39451,0.28036,1.3409,-0.69215,-0.30898,0.10039,0.36243,0.10017,-0.18399,0.21106,0.13389,-0.05116,-0.47387,-0.33816,0.22814,0.20647,-0.29812,-0.12341,0.022791,0.50715,0.068776,0.14199,0.46754,-0.069589,0.046496,3.2203,-0.081767,0.62811,-0.33254,-0.4882,-1.187,1.1488,0.6695,-0.086706,0.17449,-0.41224,0.077842,0.47754,-0.089409,0.061689,0.064169,0.66034,-0.48815,0.059877,0.01521,-0.015115,-0.41608,-0.26013,0.0921,0.20056,0.29067,0.31841,-0.21797,-0.11274,-0.22456,0.043222,0.31306,-0.017773,0.37056,-0.20818,0.60705,0.073332,0.28944,-0.44329,0.74859,-0.61115,0.14524,0.50401,0.11818,-0.074774,0.26062,-0.32602,0.030746,0.21081,0.22163,-0.054427,-0.19305,-0.33888,-0.092874,0.16171,0.18637,0.28297,-0.3124,-0.17403,-0.022805
0.35203,0.45832,0.26606,-0.079847,-0.26575,-0.1488,0.063151,0.12428,0.037395,-0.0090251,-0.0081974,-0.030225,0.0091878,0.061799,0.048774,-0.00097814,-0.073178,-0.11594,-0.077571,0.0099683,0.075734,0.10214,0.10224,0.12979,0.1397,0.060626,-0.077275,-0.10465,-0.073441,0.038327,0.23132,0.22647,0.016231,-0.073017,-0.093717,-0.031244,-0.019358,-0.038646,-0.064202,-0.099666,-0.065723,-0.027858,-0.043934,-0.058343,-0.089177,-0.02342,0.076327,0.11122,0.11163,0.073814,0.014814,-0.052754,-0.010842,0.064691,0.070364,0.026435,-0.076869,-0.16048,-0.17575,-0.18451,-0.1805,-0.1537,-0.13045,-0.12024,-0.12662,-0.13194,-0.1343,-0.15523,-0.09073,-0.05629,-0.11069,-0.1432,-0.1098,0.028093,0.20265,0.3126,0.39749,0.43956,0.38407,0.22207,0.092672,0.055024,0.084882,0.12639,0.16178,0.18103,0.17056,0.15741,0.16173,0.1371,0.13976,0.18039,0.20816,0.090479,-0.043808,-0.041536,0.00059211,0.026123,0.15451,0.26543,-0.23962,-0.27253,-0.16589,-0.10571,-0.079349,-0.085638,-0.1913,-0.29622,-0.26643,-0.16187,-0.075231,-0.027514,0.040791,0.099407,0.087948,0.020507,-0.051639,-0.078663,-0.042213,0.02856,0.087013,0.098095,0.067711,0.25499,0.37405,0.31074,0.27051,0.27128,0.30194,0.23905,0.084776,0.016785,-0.31602,-0.39293,-0.2023,-0.21801,-0.13205,-0.13827,-0.14801,-0.12371,-0.095472,-0.069215,-0.025603,0.01205,0.050254,0.058007,0.092799,0.143,0.12652,0.074054,0.06959,-0.048064,-0.29391,-0.40987,-0.40178,-0.33139,-0.23021,-0.13033,-0.026405,0.043258,0.12173,0.21138,0.24765,0.22996,0.1042,-0.1306,-0.31436,-0.31198,-0.10343,-0.18065,-0.29019,-0.25898,-0.23516,-0.26899,-0.28459,-0.17665,-0.081264,-0.084272,-0.10421,-0.10665,0.014714,0.12152,0.050592,-0.030047,-0.024432,0.010494,0.012748,0.058891,0.066341,0.14873,0.24039,0.23695,0.18503,0.28918,0.33922,0.28875,0.26098,0.23362,0.34464,0.47011,-0.26017,-1.0283,-0.14899,-0.018845,0.72222,0.29428,-0.59722,0.14583,-1.0224,0.33551,0.52015,-0.43697,-0.028735,0.50712,0.24693,-0.11501,0.38138,0.11945,0.23927,-0.081042,0.28605,-0.54747,0.16931,0.061574,0.22876,-0.22184,0.12007,0.0060546,0.14822,0.12313,2.323,0.73918,0.48087,1.9604,-0.64187,-0.1251,-0.025109,-1.1161,0.089809,-0.10324,-0.16718,0.59275,-0.3686,-0.030116,-0.41908,-0.173,0.50668,0.17044,-0.34901,0.18745,-0.12872,0.097257,-0.08691,-0.16477,0.09818,0.30662,0.07255,0.075091,0.11616,-0.33073,2.3956,0.069415,-0.64622,0.29963,-0.54259,1.0653,0.25054,-0.51356,0.60856,0.4474,-0.27516,-0.21522,-0.22629,0.0047791,-0.25284,0.031226,-0.42028,0.20496,0.58625,0.2439,-0.38731,0.12105,0.1327,0.26865,0.10294,0.064237,0.10481,-0.14177,0.14449,-0.058259,-0.028749,0.15473,-0.84393,0.11326,-0.25752,-0.28258,0.31705,1.1329,0.10432,0.070826,0.57186,-0.073083,-0.14009,0.15551,-0.061097,0.11658,-0.22732,-0.23423,-0.65271,0.22665,-0.098155,-0.48455,-0.17411,0.058636,0.46043,0.11838,-0.17259,-0.093108,0.019306,0.052223,2.5494,1.5775,-0.54979,-0.36741,-1.2187,-0.95232,0.078432,0.28911,0.081684,-0.28225,0.13932,0.086015,0.02374,0.022706,0.43235,-0.43054,0.27354,-0.37559,0.020419,-0.20394,0.23915,-0.028505,0.18554,-0.021956,-0.22509,0.1525,-0.023612,-0.0095568,-0.24199,-0.22409,0.050806,0.11981,0.6672,0.071612,0.12847,0.72481,0.046548,0.44312,-0.16336,0.5301,-0.18702,0.16002,0.18446,0.28343,0.057134,-0.087334,0.36934,-0.12989,0.036803,0.41726,-0.018591,0.025081,-0.24195,-0.14712,0.22511,0.16606,0.028211,0.058651,-0.14347,-0.097224
0.1779,0.14867,0.27123,0.20697,-0.058443,-0.20581,-0.076984,0.057064,0.061371,-0.016901,-0.047915,-0.020248,0.023824,0.068505,0.053923,0.01125,-0.051196,-0.089738,-0.10288,-0.070997,-0.0036437,0.033632,0.031933,0.079265,0.214,0.26773,0.21358,0.21815,0.20898,0.10246,0.058223,0.049768,0.091363,0.088451,0.10005,0.081254,0.081973,0.042193,-0.019247,-0.029142,-0.029271,-0.06181,-0.080543,-0.032691,-0.01672,-0.064716,-0.060368,-0.022997,0.020212,0.028089,-0.013228,-0.057963,-0.027886,0.038776,0.051559,0.024301,-0.02537,-0.056064,-0.066245,-0.069073,-0.064849,-0.056133,-0.044003,-0.10997,-0.19167,-0.18542,-0.17424,-0.1406,-0.090623,-0.057233,-0.029513,-0.12578,-0.17643,-0.13355,-0.065666,-0.0016236,0.1188,0.30048,0.37088,0.24648,0.11125,0.090645,0.1328,0.14798,0.14787,0.13519,0.12434,0.12567,0.12227,0.10707,0.13145,0.18224,0.20844,0.14307,0.10376,0.12208,0.010872,-0.082955,0.040703,0.15244,0.69654,0.2322,-0.061329,-0.099522,-0.091172,-0.086618,-0.13752,-0.2264,-0.28751,-0.2393,-0.077183,0.093984,0.12346,0.11399,0.086342,0.02582,-0.033246,-0.054836,0.0056201,0.09383,0.15411,0.17962,0.15513,0.27447,0.36683,0.31815,0.28566,0.27209,0.27704,0.11008,-0.20665,-0.017342,-0.011729,-0.21679,-0.26465,-0.26069,-0.28777,-0.28062,-0.24822,-0.19536,-0.1391,-0.074605,-0.022592,-0.02803,-0.060521,-0.031308,0.055059,0.13398,0.19584,0.20271,0.1191,-0.060431,-0.23813,-0.32499,-0.33034,-0.2955,-0.20813,-0.1252,-0.084014,-0.056376,-0.023103,0.017394,0.039266,0.019501,-0.074072,-0.24137,-0.3312,-0.19131,-0.029908,0.034247,0.072137,-0.075814,-0.19376,-0.18073,-0.16038,-0.13185,-0.13644,-0.15443,-0.16064,-0.1622,-0.1615,-0.20367,-0.14318,-0.033722,-0.069545,-0.088638,-0.04911,-0.0022928,-0.012441,0.077489,0.19393,0.21691,0.17072,0.20966,0.26009,0.22855,0.18725,0.16546,0.27959,0.4112,-0.4897,-1.3083,-0.053185,-0.11571,0.36356,-0.060567,0.19751,-0.046033,-0.60921,0.41841,0.6162,0.053171,0.018865,0.48459,0.45887,0.056079,0.27123,-0.03769,0.30449,0.060672,0.024442,-0.43236,-0.0075132,-0.14469,0.074222,0.37236,0.10748,-0.22919,0.23326,0.33949,2.0313,1.192,0.56435,1.7873,-0.62761,-0.24191,0.5914,-0.77518,-0.41109,-0.26516,-0.12736,0.34417,-0.26005,-0.33258,-0.45793,-0.1796,0.54924,0.3569,0.074073,-0.087167,-0.40589,0.16665,-0.19513,0.0047397,0.35383,0.017452,0.21436,0.019417,-0.061797,-0.14323,2.4077,0.11163,-0.22064,0.35771,-0.28326,0.84958,0.13063,-0.63356,0.2931,0.041951,-0.29584,-0.016874,0.24609,-0.20754,-0.053651,-0.17167,-0.36206,0.089021,0.21761,0.1449,-0.26079,0.22127,0.10218,0.17833,0.027104,0.25896,-0.11592,-0.28951,0.044655,-0.1323,-0.025669,0.30253,-0.90803,-0.19072,-0.11593,-0.10148,0.47641,0.6566,0.045298,0.1087,0.50417,0.028394,-0.10466,-0.011781,-0.24239,0.080278,-0.12788,-0.1824,-0.10783,0.10924,0.0062158,-0.20985,0.11466,0.13549,0.052394,0.10051,0.051212,0.085319,-0.06057,0.10515,3.1598,0.13858,-0.35441,-0.6077,-0.14456,-0.6333,-0.049336,0.53816,0.14987,-0.061172,-0.13901,-0.026848,0.22517,-0.18225,0.2161,-0.156,0.0057417,0.17242,-0.12268,-0.094523,-0.12458,-0.19302,0.22222,-0.33712,0.16094,-0.17467,-0.015033,0.023108,-0.35262,-0.14701,0.072169,0.35775,0.76815,0.10947,0.18871,0.47495,0.20952,-0.24105,-0.58469,-0.076401,0.024598,-0.076566,0.14414,0.23175,-0.075519,-0.039716,0.15069,0.055965,-0.23846,0.17892,-0.13382,0.17267,-0.13537,-0.025528,0.12166,-0.036577,0.031868,-0.23637,0.096324,-0.24379
-0.49243,-0.37973,-0.32696,-0.40618,-0.37411,-0.25729,-0.093275,0.03616,0.093856,0.10982,0.11206,0.077048,0.035739,-0.0044894,-0.061145,-0.12564,-0.073177,0.04986,0.036746,0.063447,0.091305,0.083907,0.0082606,-0.091104,-0.17928,-0.26581,-0.43084,-0.55429,-0.61095,-0.65993,-0.81823,-0.59688,-0.28349,0.093073,-0.14046,-0.094216,-0.097309,-0.14686,-0.2162,-0.028022,0.093634,0.051818,0.026826,0.018894,0.022227,0.085396,0.16756,0.25617,0.36212,0.45221,0.4802,0.40459,0.39816,0.3422,0.12622,-0.1309,-0.24952,0.11014,0.18086,0.10474,0.40708,0.67056,0.72356,0.89758,1.1598,0.63769,0.069986,-0.1781,-0.21116,-0.38683,-0.69129,-0.91449,-0.96963,-0.78578,-0.5751,-0.55051,-0.47007,-0.37283,-0.34015,-0.34512,-0.34599,-0.3287,-0.25836,-0.65495,-0.91812,-0.87005,-0.77854,-0.65832,-0.65006,-0.56821,-0.45268,-0.42914,-0.38858,-0.3471,-0.36244,-0.43076,-0.48178,-0.52033,-0.49351,-0.46118,0.059234,0.26319,0.46232,0.47611,0.40476,0.31803,0.1695,0.0065176,-0.10615,-0.19746,-0.29247,-0.30807,-0.3118,-0.32285,-0.25972,-0.28335,-0.31494,-0.27557,-0.28386,-0.26052,-0.23544,-0.2453,-0.25843,-0.30715,-0.38798,-0.44105,-0.66275,-0.85379,-0.9825,-1.1414,-0.94052,-1.8734,-1.8217,-0.64721,-0.65007,-0.78559,-0.80301,-0.75731,-0.67438,-0.81233,-0.88031,-0.80413,-0.7358,-0.66633,-0.57626,-0.47097,-0.3605,-0.30535,-0.25509,-0.0992,0.14784,0.33216,0.57952,0.80353,0.85283,0.91137,0.98235,0.40045,-0.86351,-1.0353,-1.045,-1.027,-0.92902,-0.65429,0.6353,2.1642,2.7045,2.1362,1.2687,1.4585,1.3549,0.98719,0.54961,0.30348,0.25262,0.26752,0.27052,0.26955,0.30874,0.34801,0.38199,0.43658,0.40161,0.48771,0.51482,0.35516,-0.10837,-0.52175,-0.6048,-0.42083,-0.078496,0.12114,0.22133,0.12915,-0.082432,-0.25153,-0.35832,-0.39103,-0.33011,-0.26705,0.27798,0.25405,-1.973,-0.19161,0.52563,-1.4042,1.8512,-0.85129,2.8059,6.1797,-2.463,-2.6497,-0.6666,-0.74964,-1.0939,1.0134,-0.020882,0.71777,0.41256,0.017915,-0.033339,-0.68679,1.468,-0.57327,0.67694,0.3609,0.19448,0.24131,-0.054713,0.1348,1.5489,1.7921,-2.3172,-4.5199,1.576,0.72024,-0.32618,0.37137,-1.3582,0.05685,-3.4428,-4.4542,-0.73997,-1.441,0.29543,-0.11593,-0.0033009,0.3888,-0.069836,-0.43082,0.013375,0.40043,-0.71703,0.075492,0.070375,0.29765,-0.017767,0.45307,0.70806,-0.50479,-1.5001,-2.944,1.7891,1.3138,5.7214,-1.6693,-1.2784,-0.90573,3.8709,2.0997,-1.1967,0.56306,-0.57804,-1.2064,-0.37067,0.018527,-0.28341,0.56143,0.071876,0.1205,-0.36454,-0.38373,-0.45833,0.121,0.38632,-0.095776,-0.23764,0.3652,-0.31757,0.49876,-0.28532,0.69498,2.1505,-0.41958,1.0093,1.2503,0.48135,-3.946,0.10253,-3.7263,5.1341,2.5093,-0.96351,1.1641,1.3032,0.37587,-0.51052,-0.21461,-0.49151,-0.93033,0.41717,0.0057113,0.27391,0.82343,0.90163,-0.42468,-0.45019,0.71222,-0.8208,0.2272,1.4659,-0.95953,1.3217,-0.183,1.882,1.9603,1.1031,-0.29679,7.1293,-2.2536,0.4868,1.2847,0.85911,1.7109,0.14797,0.59453,1.5327,-0.45562,-0.5273,-0.18907,0.092246,-0.82245,-0.1014,-0.50866,-0.099136,-0.15402,-0.31897,-0.062044,0.10264,0.027647,0.15169,1.4586,-2.6998,0.049824,-2.7748,1.7275,-1.1605,4.9949,-0.28515,-3.0764,0.52259,-2.9196,-0.66328,-0.66447,-0.90305,-0.55946,-0.94859,0.34447,0.33665,-0.59573,-0.42165,0.3359,0.59222,0.21179,0.048833,0.068536,-0.069239,-0.4766,-0.058069,0.19769
0.10576,0.12586,0.11891,-0.041337,-0.1957,-0.19485,-0.071657,0.027119,0.044848,-0.025176,-0.014322,0.076541,0.10483,0.12632,0.12298,0.085525,-0.0046509,-0.045536,0.0088894,0.083855,0.14871,0.15332,0.090751,-0.10288,-0.3395,-0.4719,-0.39239,-0.13003,0.027974,0.06894,0.19397,0.33137,0.46591,0.53138,0.35843,0.15136,0.14398,0.090752,0.030466,-0.0020603,-0.026772,-0.046564,-0.048548,-0.052257,-0.089649,-0.13305,-0.15494,-0.15574,-0.095222,0.014579,0.06866,0.006365,0.020636,0.11587,0.13044,0.087363,0.015273,0.0040602,-0.019368,-0.059115,-0.039308,-0.01543,0.006548,0.016771,-0.031986,-0.077647,-0.062506,-0.080321,-0.088918,-0.031495,-0.071906,-0.15605,-0.24405,-0.30539,-0.2837,-0.17953,-0.083797,-0.063306,-0.065868,-0.094918,-0.15195,-0.15355,-0.036634,0.1087,0.18366,0.19457,0.14822,0.081176,0.049353,0.087388,0.15054,0.20884,0.23044,0.12939,0.038497,0.039822,0.015485,-0.033588,0.043024,0.13124,0.59086,0.041573,-0.11111,-0.032497,0.026588,0.03421,-0.067496,-0.2018,-0.28762,-0.24723,-0.062273,0.137,0.20163,0.22737,0.19777,0.12592,0.092922,0.059737,0.046582,0.10742,0.16125,0.15751,0.090305,0.051826,-0.016611,-0.10609,-0.052109,0.06077,0.11411,0.12916,0.0020247,-0.242,-0.28147,-0.11184,-0.030145,-0.097681,-0.1144,-0.07561,-0.02448,0.027161,0.099273,0.16451,0.18299,0.15275,0.085268,-0.026248,-0.14814,-0.17257,-0.10177,0.014236,0.11309,-0.039901,-0.333,-0.50062,-0.52397,-0.47169,-0.34868,-0.18024,-0.052229,0.00052821,0.06026,0.13917,0.19794,0.1972,0.10781,-0.079346,-0.20752,-0.19897,-0.089979,0.021832,-0.01339,-0.028612,0.020849,0.055858,0.070538,0.081588,0.057282,-0.0066107,-0.036836,-0.020782,-0.0050906,-0.033962,-0.045159,-0.076981,-0.18248,-0.24115,-0.22869,-0.14271,0.031769,0.21379,0.3022,0.31507,0.24943,0.22832,0.21966,0.17447,0.1077,0.040088,0.1281,0.2467,-0.54744,-0.75268,-1.3133,0.023156,-0.30799,-0.092776,0.51283,-0.16607,-0.47357,0.01186,0.70357,0.10308,-0.29637,0.54982,0.34483,0.4311,-0.50475,0.5801,0.24667,-0.55217,0.59698,-0.3221,0.19597,-0.2607,-0.15506,0.10621,-0.16265,-0.1045,0.011718,0.23103,2.5546,1.1078,-0.37195,0.78433,-0.56512,-0.092728,0.50305,0.17084,-0.33569,0.051289,0.1927,0.68405,0.15463,0.47726,-0.25018,-0.16933,0.61045,0.70175,-0.39094,-0.38527,0.22219,-0.095545,-0.21954,0.31044,-0.18874,0.049499,0.081788,-0.29327,-0.049191,-0.16409,2.5714,-0.49383,0.4375,-0.76155,-0.42144,0.17131,-0.47957,-0.72555,0.17873,-0.057805,0.14,0.48141,-0.26909,-0.18683,-0.67011,-0.24679,-0.43985,0.54274,-0.022463,0.037484,0.090934,-0.11008,0.176,0.04033,-0.11577,0.097677,-0.13516,-0.073229,0.028074,-0.19181,0.096737,0.62108,0.1889,0.54949,0.14197,0.54975,0.32897,0.35199,0.0085684,0.14899,-0.31803,0.0094913,0.026569,0.14347,-0.1134,-0.46851,0.19339,0.09814,-0.3862,-0.027351,-0.2762,-0.12222,0.50186,0.26977,0.20314,0.28939,-0.36322,0.15298,-0.10735,-0.03085,3.2378,-0.045588,0.79042,0.14609,-0.18773,0.36362,-0.17391,0.54655,-0.14625,0.17876,-0.36724,-0.38487,-0.55366,0.31108,0.72035,0.11962,0.33374,0.089648,0.064203,0.045367,0.10457,-0.018041,0.32901,-0.0066509,0.54415,-0.13677,0.025678,0.21168,-0.20376,-0.092173,0.065098,0.67885,-0.39622,0.037792,-0.27916,-0.45851,-0.023529,-0.52883,-0.29623,-0.097072,0.13645,0.2639,0.019105,0.060247,0.082324,-0.11043,0.74226,0.061788,0.20067,-0.023923,0.031168,-0.35013,0.17962,-0.091655,0.042749,-0.11276,0.13472,-0.18921,0.14305,-0.24383
0.28137,0.39109,0.33585,0.1939,0.086555,0.082188,0.10429,0.12896,0.12856,0.099996,0.078462,0.066307,0.058595,0.061584,0.077643,0.064185,0.0019233,-0.067227,-0.087899,-0.11125,-0.090926,-0.024768,-0.039579,-0.093814,-0.13109,-0.11894,-0.045337,-0.025809,-0.05865,-0.035112,0.11528,0.11931,0.30199,0.20723,0.047399,0.065153,0.037916,-0.0098357,-0.055764,-0.07527,-0.067949,-0.079996,-0.10341,-0.12411,-0.032375,0.037187,0.028498,0.055704,-0.0035945,-0.096281,-0.14046,-0.16305,-0.13047,-0.10518,-0.070089,-0.059915,-0.089334,-0.10575,-0.095452,-0.098632,-0.10514,-0.089357,-0.078765,-0.096229,-0.11248,-0.094613,-0.048378,-0.03486,-0.030519,0.048505,0.097241,-0.028483,-0.15425,-0.16354,-0.050538,0.13572,0.28014,0.32887,0.32119,0.28945,0.27487,0.27513,0.2396,0.15549,0.071922,0.060955,0.093442,0.10676,0.076215,0.060877,0.09441,0.12987,0.15117,0.041084,-0.04608,-0.029915,-0.027313,-0.026679,0.06783,0.1557,-0.41057,-0.34348,-0.19185,-0.17674,-0.20223,-0.23512,-0.31053,-0.20957,-0.0039874,-0.0036463,-0.0060253,-0.0032971,0.011913,0.060872,0.10146,0.077735,0.017757,-0.037267,-0.05112,0.060958,0.19924,0.24602,0.21568,0.13414,0.083014,0.072175,0.07412,0.081301,0.092597,0.063891,-0.24022,-0.28641,-0.013265,0.057257,-0.057172,-0.14975,-0.090905,-0.017458,0.019654,0.033851,-0.040802,-0.11606,-0.10845,-0.079234,-0.088442,-0.082108,-0.026457,0.033038,0.1331,0.21953,0.17441,0.016012,-0.12107,-0.14905,-0.17151,-0.1745,-0.1023,-0.01912,0.022458,0.026099,0.049672,0.10175,0.11379,0.10864,0.068918,-0.052455,-0.17816,-0.24197,-0.17957,-0.067886,-0.014165,-0.11647,-0.19901,-0.18309,-0.17142,-0.12949,-0.089822,-0.088079,-0.10044,-0.11074,-0.034188,0.023032,-0.033133,-0.043911,-0.0063636,0.059773,0.10307,0.082133,0.10242,0.14611,0.17959,0.18682,0.14464,0.24202,0.3198,0.28357,0.22724,0.18776,0.28263,0.39655,-0.24743,-1.3404,-0.65078,-0.06652,0.62404,0.10627,-0.55571,-0.50703,-0.58144,0.15684,0.91245,-0.46752,-0.0042248,0.49525,0.019557,-0.2171,0.10435,0.083791,-0.17142,-0.048452,-0.24713,-0.33106,0.053417,-0.051581,0.0079006,-0.11552,0.025648,-0.3035,0.23677,-0.26804,2.4804,0.34471,0.59579,0.88163,-1.0904,-0.064044,-0.28163,0.021893,0.3923,0.2977,0.30188,0.28771,-0.45339,0.0078508,-0.29438,-0.25171,0.18889,0.20692,-0.39959,-0.37465,0.043338,0.18754,-0.18878,-0.18726,-0.030379,0.073345,-0.16482,0.069218,0.1839,-0.20928,2.2687,0.36975,-0.26487,-0.24174,-0.22944,1.1883,-0.42407,-0.44615,0.31028,0.4206,-0.24752,-0.26479,-0.23417,0.10692,-0.46678,-0.015907,-0.036914,0.46802,0.46181,-0.01687,-0.21868,0.21753,-0.067665,0.39595,0.097829,-0.037007,0.05797,-0.031057,-0.15019,0.28378,-0.082406,0.4074,-0.78891,0.1846,0.088224,0.35973,0.54025,1.0112,0.16345,-0.48271,-0.031193,0.11412,-0.21891,-0.093709,-0.29943,-0.39489,0.26897,0.062971,-0.23766,-0.015687,-0.15041,-0.20418,-0.072882,-0.16067,0.50221,0.0049493,-0.11171,0.036853,0.0034775,-0.072368,2.3466,0.93192,-0.55381,0.030128,-1.4481,-0.18862,-0.15227,0.75602,0.20029,-0.021633,-0.031513,0.030747,-0.49713,-0.051315,0.080595,-0.047205,0.12834,0.10711,-0.17822,0.10509,0.017933,-0.007688,0.27155,-0.10285,-0.1028,0.023867,-0.36382,-0.0059641,-0.25831,-0.0079446,-0.068677,0.51379,0.54468,0.044204,0.048904,-0.1871,0.0020409,0.44923,-0.29947,0.030024,-0.2378,0.024369,0.25576,0.20467,-0.19427,-0.044293,0.45788,-0.0016265,-0.027062,0.015907,-0.18656,-0.04093,0.056543,-0.1928,0.10447,0.41508,-0.060169,0.25807,0.11685,-0.081657
0.26713,0.48826,0.3906,0.0053827,-0.27425,-0.11478,0.13231,0.0086292,-0.054879,0.053944,0.06884,0.059897,0.058955,0.052578,0.037736,-0.011004,-0.079985,-0.089546,-0.039751,0.035832,0.10949,0.13691,0.11717,0.071723,0.057056,0.073834,0.063747,0.019039,-0.006358,-0.028045,-0.0022741,0.14196,0.1027,-0.02716,0.0052926,0.032255,0.010644,0.032201,0.061367,0.036062,0.0083564,-0.010977,-0.024559,-0.00063056,-0.0049997,-0.052158,-0.039042,0.016278,0.042325,0.016906,-0.019973,-0.106,-0.12189,-0.036,-0.029345,-0.074112,-0.096997,-0.10075,-0.11838,-0.1113,-0.085723,-0.057715,-0.037838,-0.034973,-0.095644,-0.15935,-0.17666,-0.21322,-0.15406,-0.063456,-0.15317,-0.19627,-0.04513,0.11199,0.20465,0.36419,0.56979,0.54129,0.32132,0.16708,0.085704,0.065072,0.1003,0.11714,0.10674,0.11301,0.14342,0.15227,0.1581,0.16757,0.047665,-0.029976,-0.034871,-0.07084,-0.064659,-0.072428,-0.11563,-0.033078,0.28311,0.47776,0.0087016,-0.19851,-0.16068,-0.10523,-0.04524,-0.18733,-0.40538,-0.37234,-0.17528,-0.024306,0.027337,0.049548,0.07196,0.082086,0.064595,0.076032,0.0778,0.020974,0.0092226,0.072952,0.13276,0.14397,0.10472,0.1652,0.21337,0.17139,0.22142,0.28456,0.30869,0.25412,0.19688,0.23804,0.13044,-0.053337,-0.22098,-0.20368,-0.15672,-0.079481,-0.046098,-0.04682,-0.017609,0.018613,0.03676,0.0046653,-0.034299,-0.018229,0.068898,0.16752,0.19291,0.13387,0.04218,-0.13566,-0.36168,-0.48615,-0.46899,-0.40224,-0.26637,-0.13008,-0.024211,0.074203,0.15869,0.22188,0.23872,0.18022,0.026663,-0.21724,-0.4058,-0.40615,-0.19274,-0.13547,-0.2085,-0.20919,-0.20877,-0.18924,-0.15263,-0.1975,-0.23216,-0.24776,-0.15666,-0.0075387,-0.00048293,0.033195,0.038963,-0.012615,-0.024378,0.029504,0.070277,0.051439,0.07779,0.082471,0.26796,0.39377,0.30399,0.13444,0.13166,0.16681,0.13078,0.18383,0.37387,0.51501,-0.28444,-1.0531,0.25034,0.20739,0.73496,0.19075,-0.65684,0.0047513,-0.2745,0.18059,0.89199,-0.44678,-0.11921,0.45442,0.32378,-0.15721,0.34187,-0.034604,0.15216,-0.28881,0.32131,-0.41716,0.095589,0.12553,0.20863,0.024181,-0.050513,-0.10854,0.13554,0.090863,1.2367,-1.809,1.5013,-0.24433,-1.7086,0.053109,0.15701,-0.6517,0.42228,0.47042,0.0077795,0.43051,-0.10305,0.13489,-0.39642,0.089262,0.44821,0.29589,-0.21058,0.072404,-0.1063,0.15018,0.0025569,-0.078177,0.11565,-0.084185,-0.034017,0.18558,0.089071,-0.13497,2.3109,0.35843,-0.98867,0.4981,-0.43641,0.93028,-0.045326,-0.3739,0.68491,0.36174,-0.056963,-0.039344,-0.56703,0.08265,-0.051672,-0.16415,-0.44508,0.10109,0.36865,-0.048366,-0.06104,-0.14641,0.012148,0.39178,-0.29022,0.046183,0.073025,-0.17279,-0.043235,0.12815,-0.083595,-0.33849,-1.2514,-0.40968,-0.03757,-0.034823,0.15848,0.85946,-0.050522,-0.45087,0.0045691,-0.08655,-0.32166,0.048218,-0.34255,0.20509,0.10892,-0.3833,-0.55501,0.19028,-0.10402,-0.15348,0.21394,-0.030369,0.06681,0.13434,-0.17744,0.034368,-0.10716,0.062151,2.4895,1.0762,-0.93421,-0.43776,-0.38245,-0.18165,0.85425,0.57763,0.034832,0.2004,0.082417,-0.26046,-0.60891,0.47559,0.15032,-0.33364,0.073349,-0.19202,-0.078699,0.076857,-0.021509,0.0052885,0.18394,-0.28248,-0.11812,-0.1739,0.16713,0.11938,-0.36904,-0.019441,-0.14124,-0.14699,0.90985,-0.091538,0.45846,0.51922,0.078142,0.25692,-0.064674,0.46347,0.066053,0.066114,-0.076223,0.075792,-0.053983,-0.14672,0.43587,0.16898,-0.12828,0.38497,-0.1109,-0.1204,-0.11381,0.011916,0.32287,0.013839,0.24017,0.12887,-0.045804,0.082833
0.60248,0.5146,0.2939,0.12596,-0.036932,-0.072718,0.02158,0.071792,0.0039809,-0.0029863,0.059764,0.070557,0.091136,0.10589,0.098763,0.0024803,-0.13112,-0.18549,-0.16949,-0.10722,-0.032166,-0.0019701,-0.047592,-0.085712,-0.11422,-0.14361,-0.021645,0.13474,0.16607,0.17254,0.31202,0.071232,0.10082,0.19318,0.13792,0.16286,0.14924,0.095152,0.084801,0.090839,0.067317,0.059315,0.061486,0.05338,-0.029083,-0.12299,-0.13297,-0.11805,-0.1084,-0.11658,-0.074958,-0.054818,0.0020537,0.09642,0.11637,0.07668,0.0029026,-0.0088897,0.01171,0.017394,0.00033854,-0.014079,0.010076,0.018545,0.011019,0.0078532,-0.001024,-0.019733,-0.0075818,-0.017485,-0.30118,-0.5072,-0.46341,-0.28018,-0.14766,-0.049924,0.027942,0.063033,0.048234,0.00010447,-0.018492,0.068118,0.18377,0.22971,0.21634,0.19564,0.15573,0.14282,0.16029,0.18094,0.19104,0.053012,-0.046455,-0.012953,-0.015908,-0.068001,-0.13874,-0.17185,-0.29882,-0.41089,-0.47348,-0.17445,0.14381,-0.029692,-0.18982,-0.136,-0.16945,-0.26004,-0.22252,-0.036185,0.14755,0.17883,0.19583,0.19984,0.16407,0.096289,0.016067,-0.020951,0.0078819,0.067946,0.13808,0.15936,0.18086,0.17668,0.11686,0.075279,0.080534,0.088593,0.09557,0.0836,-0.38168,-0.70533,-0.65038,-0.47736,-0.16405,-0.17178,-0.14342,-0.094718,-0.01397,0.062101,0.10571,0.11975,0.090422,0.062932,0.05472,0.067019,0.10674,0.13863,0.14318,0.11355,0.10085,-0.029536,-0.27372,-0.44138,-0.48338,-0.44159,-0.31377,-0.15584,-0.012515,0.12064,0.23307,0.3228,0.38585,0.39559,0.33479,0.1897,0.0099024,-0.084573,-0.031879,-0.0012075,-0.10454,-0.097719,-0.081296,-0.14645,-0.17092,-0.10358,-0.072124,-0.095731,-0.082889,-0.072376,-0.082125,0.0047037,0.08666,0.0032344,-0.01246,-0.014584,0.064489,0.14954,0.15823,0.17582,0.13623,0.21787,0.27838,0.20706,0.11344,0.045884,-0.042416,-0.092939,-0.080249,-0.056033,-0.44918,-0.4376,-1.6313,-0.13371,0.18585,-0.029679,0.16611,0.46974,-0.66096,0.35909,0.53841,-0.069814,-0.24055,0.92934,0.27785,0.25971,0.023944,0.14295,0.11668,-0.14678,0.21722,-0.72461,0.20826,0.043101,0.11591,0.088282,-0.018831,0.075437,-0.013537,0.069597,2.8929,0.21831,-0.54167,-0.30988,-1.3006,-0.45947,0.5212,-0.44121,0.35666,0.15132,0.34734,0.44986,-0.60342,0.066643,-0.10633,-0.39149,0.38482,0.052423,-0.39221,-0.17662,0.18386,-0.074956,-0.24422,-0.034737,-0.12908,0.32314,0.10173,-0.059912,0.17625,-0.058587,2.5647,-0.69884,-0.011039,-0.89332,-0.60006,-0.1602,0.32058,-0.74742,0.38629,0.069169,-0.20223,-0.097528,0.0077629,0.088562,-0.57359,0.095182,-0.65964,0.21267,0.15221,0.17009,-0.17494,0.20754,0.070465,-0.2104,0.040121,0.2477,-0.26288,0.17668,-0.11601,-0.16115,0.12121,0.73619,0.64419,0.63118,-0.0038531,-0.13878,0.033034,0.67472,-0.082046,-0.11419,0.27401,0.16507,0.20015,0.078006,-0.28462,-0.35461,0.052468,-0.057694,-0.42233,0.037699,-0.29583,-0.2292,-0.15204,0.32678,0.37678,0.19693,-0.12887,0.22605,-0.034266,-0.24977,3.2052,0.15765,1.1005,0.19121,-0.54023,-0.50159,0.21583,0.00085746,0.21801,0.38397,-0.17975,-0.075376,-0.48399,-0.10397,0.27823,-0.15509,0.32419,0.12139,0.10649,0.034445,0.18149,-0.25509,0.003029,-0.19393,0.14357,0.046906,0.062945,-0.22478,-0.20713,0.019964,0.17327,0.74846,-0.73276,0.15752,-0.68803,0.25352,0.11691,-0.36876,-0.13183,0.015102,-0.03124,-0.017978,0.57371,0.15193,-0.23272,-0.15885,0.25756,-0.090387,0.23712,0.31861,-0.09922,-0.19716,-0.097014,0.024974,0.04545,0.062292,-0.069593,-0.1523,0.079488,-0.070325
0.23158,0.4495,0.41672,0.028829,-0.18049,-0.13658,-0.047081,-0.019587,0.033408,0.11085,0.093845,0.085339,0.077425,0.064778,0.06191,0.05029,0.0083986,-0.03083,-0.030607,-0.031725,-0.0021146,0.063548,0.090501,0.078995,0.059919,0.047923,0.033451,0.049224,0.14875,0.27298,0.15172,0.012038,0.01798,-0.010975,0.023501,0.066985,0.073692,0.024635,-0.053407,-0.087181,-0.095776,-0.11342,-0.10148,-0.10304,-0.15222,-0.20228,-0.10485,0.04782,0.11468,0.12289,0.087594,-0.011946,-0.046811,0.034427,0.049268,0.013985,-0.047338,-0.090127,-0.10418,-0.10198,-0.094955,-0.086095,-0.064702,-0.045356,-0.079193,-0.12084,-0.12352,-0.16225,-0.13767,-0.26075,-0.38902,-0.25383,0.042193,0.19755,0.35069,0.53629,0.49311,0.31011,0.20601,0.1859,0.15914,0.15229,0.12915,0.11019,0.13133,0.14482,0.14148,0.15097,0.094021,0.060219,0.095096,0.12463,0.13406,-0.048467,-0.19962,-0.1948,-0.17062,-0.063274,0.19335,0.35358,0.47407,-0.057039,-0.14918,-0.17153,-0.19272,-0.2216,-0.27751,-0.29827,-0.15955,0.036834,0.052024,0.063895,0.067645,0.08999,0.10889,0.086011,0.045544,0.017423,0.020685,0.14717,0.28682,0.32227,0.30584,0.23692,0.19275,0.17341,0.14597,0.13934,0.13414,0.10259,0.050097,0.16403,0.241,0.052067,-0.10942,-0.19784,-0.23879,-0.20839,-0.12606,-0.059752,-0.027279,0.0025625,-0.015052,-0.040739,-0.043661,-0.0093087,-0.006457,0.044895,0.13178,0.13631,0.093246,-0.028795,-0.20186,-0.33272,-0.34865,-0.30387,-0.24675,-0.19483,-0.1189,-0.043443,-0.0019568,0.040932,0.10698,0.14559,0.11944,-0.047712,-0.23117,-0.27142,-0.12376,-0.23728,-0.29118,-0.25492,-0.30378,-0.31236,-0.28508,-0.2302,-0.22882,-0.10227,0.083843,0.082813,0.071852,0.029654,-0.020539,0.03005,0.09288,0.057702,0.056992,0.03129,0.083925,0.18702,0.23322,0.21797,0.14721,0.16489,0.18844,0.15525,0.13073,0.1756,0.35278,0.48729,-0.54404,-1.4088,0.28911,0.14995,0.58937,0.17015,-0.4035,-0.19856,-0.29961,0.54228,0.78496,-0.30157,-0.19558,0.61613,0.28419,-0.1831,0.3578,-0.019117,0.091705,-0.49661,0.13765,-0.28442,0.13266,0.049117,0.11945,-0.18599,0.15218,-0.1199,0.18243,-0.16616,1.0343,-1.7822,1.7012,-0.44739,-1.6316,0.019615,0.2252,-0.42417,0.31373,0.53568,0.12472,0.03654,-0.2049,0.35295,-0.13083,-0.054996,0.55387,0.45167,-0.14817,0.17742,-0.11365,0.22376,-0.050355,-0.13187,-0.015494,0.34001,0.030518,0.040259,0.092646,0.0059065,2.3999,0.397,-0.40552,0.46204,-0.094066,1.4312,-0.063762,-0.5571,0.66775,-0.021927,-0.10642,0.046764,-0.38699,0.29646,-0.16747,-0.3275,-0.2631,0.14168,0.27265,-0.21626,-0.32449,-0.30226,-0.047537,0.43852,-0.058143,0.094672,-0.026655,-0.26717,0.090658,-0.199,-0.11831,-0.17929,-1.3416,-0.30059,-0.054127,0.10191,0.16067,0.80421,-0.085665,-0.53437,0.14129,0.19899,-0.11533,0.12716,-0.45487,0.13104,-0.049667,-0.1692,-0.44351,-0.12636,-0.16141,-0.32794,0.22296,-0.20067,0.16707,0.14424,-0.1627,-0.1542,-0.16422,0.051097,2.5229,1.2274,-1.0585,-0.28249,-0.70158,-0.39846,-0.11304,0.44369,0.29503,-0.19189,-0.17294,-0.10695,-0.59995,0.42079,0.11704,-0.57516,-0.010739,-0.00086308,0.0052397,0.070844,-0.10975,-0.12416,0.26795,0.090891,0.091102,-0.10022,0.21569,0.076831,-0.16249,-0.093707,-0.13682,-0.019874,1.0027,-0.04168,0.46552,0.31935,-0.032924,0.18128,-0.14183,0.20619,-0.023927,0.25235,0.023681,0.21719,-0.46162,-0.19431,0.2542,0.12866,-0.1595,0.2056,0.054675,0.11817,-0.0028487,0.062652,0.25251,0.00085718,0.21939,0.039761,-0.11637,0.024085
0.10285,0.27009,0.29731,-0.0069833,-0.24273,-0.12061,0.074828,0.10094,0.028886,0.031716,0.078218,0.072273,0.099441,0.14326,0.1603,0.08403,-0.006352,-0.05187,-0.081447,-0.051611,-0.0027592,-0.093206,-0.31108,-0.46624,-0.36479,-0.019147,0.17715,0.16058,0.14209,0.091498,0.13576,0.21466,0.25239,0.19033,0.21508,0.25107,0.23806,0.18782,0.17101,0.10694,0.01106,-0.017473,-0.029913,-0.038196,-0.066521,-0.061665,0.019742,0.086667,0.12959,0.15224,0.10535,0.017477,0.037354,0.13579,0.15287,0.11014,0.035187,-0.024715,-0.052193,-0.051202,-0.03129,-0.0067005,0.01386,0.020352,0.00036841,-0.03658,-0.041037,0.012481,0.087475,0.058382,-0.029136,-0.065523,-0.12385,-0.18445,-0.19392,-0.15368,-0.14457,-0.12824,-0.082891,-0.062627,-0.044279,0.063016,0.195,0.25024,0.25175,0.20056,0.16573,0.1725,0.16545,0.16974,0.18152,0.046898,-0.043585,0.00095331,-0.02122,-0.069262,-0.14078,-0.2342,-0.19213,-0.12687,0.2704,-0.071065,-0.14703,-0.12613,-0.08996,-0.10218,-0.19645,-0.28209,-0.27129,-0.16612,-0.050542,0.025663,0.15669,0.24991,0.24646,0.26383,0.27846,0.23972,0.22314,0.24841,0.22756,0.15916,0.003723,-0.21682,-0.15948,-0.071412,-0.13012,-0.14269,-0.15294,-0.13818,-0.17004,-0.016877,0.091717,0.0012879,-0.18681,-0.25289,-0.24681,-0.21974,-0.17218,-0.099748,-0.016361,0.08272,0.16388,0.19426,0.16035,0.11366,0.1006,0.1091,0.15502,0.19676,0.091808,-0.1984,-0.47385,-0.61772,-0.63912,-0.58938,-0.4684,-0.31208,-0.15844,-0.021419,0.1019,0.20658,0.26337,0.26878,0.28244,0.26737,0.18771,0.10507,0.027927,-0.054285,-0.067092,-0.035279,-0.010329,0.014705,0.033826,0.017514,-0.028041,-0.039529,-0.036538,-0.042334,-0.06384,-0.044931,-0.054596,-0.15482,-0.21286,-0.22142,-0.1176,-0.0072434,0.023106,0.08923,0.098329,0.24783,0.34737,0.28227,0.21516,0.17472,0.11418,0.053852,0.12309,0.23162,-0.77481,-0.48461,-1.1211,0.26504,-0.42981,-0.16153,0.53418,0.028623,-0.33911,0.048934,1.2758,-0.28153,-0.32547,-0.03979,0.1983,0.22518,0.14605,0.41289,-0.22998,-0.11891,0.2997,-0.0080038,0.24833,-0.28417,0.13318,0.3734,-0.20249,0.0053585,0.11277,0.065807,2.5962,-0.57829,-0.40241,0.30839,-1.1218,0.1568,0.091011,0.34354,-0.22774,0.54613,0.22975,0.22722,0.22373,0.32166,0.41153,0.048476,-0.093394,0.32154,-0.34002,-0.27265,0.19722,-0.1236,-0.1718,0.18791,0.051186,-0.11055,0.18194,-0.049325,0.043101,-0.28462,2.4748,-0.87854,-0.34146,-0.64678,0.43906,-0.0052385,-0.75809,-0.7673,0.20196,0.14957,0.34706,0.37339,-0.13886,-0.017477,-0.12484,0.1355,-0.090044,-0.16522,-0.30635,0.24659,0.1286,-0.19152,0.19021,-0.10452,-0.22627,0.021159,-0.30781,-0.16855,0.14687,-0.028635,-0.076855,0.18354,0.48521,0.16832,0.11531,0.59504,0.26334,0.058446,0.53225,0.35657,-0.26978,-0.03393,0.10259,0.12273,0.10798,0.24694,0.16379,0.031534,-0.045289,0.10756,-0.163,0.28737,0.36673,0.17534,0.056117,0.26112,-0.15255,0.18124,-0.37593,0.063857,3.2778,0.32843,1.0793,-0.029456,0.36267,0.12192,-0.71764,0.48713,-0.16916,0.0065723,-0.39756,-0.79177,-0.064445,0.56052,0.29328,0.46664,0.38775,0.14568,0.22293,-0.068986,-0.069555,0.017358,0.23577,-0.10772,0.20748,-0.13074,0.29712,0.15894,0.11967,0.080848,0.24409,0.08096,-0.51713,-0.212,-0.11545,-0.44176,-0.19469,-0.19466,0.31384,-0.23406,0.012954,0.46994,-0.28182,0.10526,0.22306,0.16083,0.089372,0.049084,0.26069,-0.25644,0.20072,-0.2387,0.31425,-0.056249,-0.33545,0.064024,0.031346,0.036945,0.14223,-0.11559
0.20165,0.26322,0.20654,0.19749,0.18662,0.2209,0.24487,0.15405,0.050827,0.048234,0.065976,0.060149,0.063017,0.065983,0.052935,-0.031503,-0.14705,-0.19441,-0.16836,-0.10727,-0.082478,-0.079367,-0.063632,-0.00057327,0.07284,0.023271,-0.088254,-0.1396,-0.13564,-0.088975,0.20306,0.34041,0.44329,0.27112,0.10348,0.15747,0.14675,0.080011,0.060147,0.046475,-0.0053763,-0.029898,-0.038588,-0.045364,-0.07501,-0.10455,-0.075622,-0.011532,0.022059,-0.016551,-0.045575,-0.053535,-0.0028945,0.08094,0.092452,0.053217,-0.010104,-0.0072711,0.021178,-0.017384,-0.046012,-0.033916,-0.032491,-0.035253,-0.026845,-0.071457,-0.12705,-0.10662,-0.054458,0.060121,-0.076204,-0.3946,-0.53796,-0.38416,-0.16231,-0.0016416,0.10205,0.12294,0.071138,0.0052266,-0.00016797,0.073412,0.15373,0.19855,0.20595,0.17036,0.10599,0.10936,0.16608,0.1858,0.22355,0.2543,0.19538,0.06155,0.014493,0.069359,0.099253,0.095681,0.11278,0.11824,-0.21854,-0.33758,-0.31274,-0.29,-0.21616,-0.17347,-0.2726,-0.296,-0.16114,-0.014424,0.0053923,0.012241,0.059105,0.10324,0.094523,0.055424,-0.0026747,-0.035007,0.0045915,0.06517,0.15705,0.21841,0.20744,0.18086,0.1447,0.10772,0.081468,0.078865,0.11535,0.10771,-0.13704,-0.10105,0.012035,-0.10352,-0.30845,-0.43268,-0.4175,-0.35463,-0.23181,-0.09974,-0.0022832,0.066508,0.10905,0.1287,0.12663,0.16259,0.26318,0.35633,0.38113,0.30458,0.17028,-0.051246,-0.2898,-0.41345,-0.42014,-0.37035,-0.26851,-0.16222,-0.075695,0.015904,0.098361,0.12356,0.093654,0.048397,0.013627,-0.042509,-0.11235,-0.095528,0.023573,0.13055,-0.041085,-0.097042,-0.029113,-0.098399,-0.15206,-0.13728,-0.10931,-0.093126,-0.078427,-0.061947,-0.025494,0.0018201,-0.052276,-0.14467,-0.20273,-0.21982,-0.17702,-0.036093,0.090216,0.13169,0.18765,0.16761,0.20527,0.32907,0.37212,0.35713,0.3164,0.27151,0.31706,0.38041,-0.52372,-0.3871,-0.32567,-0.17886,-0.19854,-0.16632,0.41283,-0.32629,-0.3031,0.46169,0.6746,0.17819,-0.23703,0.31605,0.55002,0.036029,-0.0276,0.13136,0.20068,0.22738,-0.084961,-0.39447,-0.20556,-0.10263,-0.0049334,-0.11236,0.3978,0.075282,0.05061,0.16077,2.5197,-0.23045,-0.085056,1.1426,-1.209,-0.017609,-0.19572,0.22614,-0.18946,0.06002,0.020552,0.0020453,-0.66462,-0.33142,-0.065576,-0.10254,0.27115,0.54105,-0.12051,-0.16512,-0.048491,0.25115,-0.13146,-0.24583,-0.2179,0.36375,-0.3483,-0.25013,0.13418,0.036965,2.5685,-0.63838,-0.48708,-0.089638,-0.38541,0.97329,-0.63157,-0.46898,0.11824,0.024409,-0.15429,-0.094974,0.034983,0.023091,-0.305,-0.24421,-0.25275,0.041236,0.11163,-0.26281,-0.19378,0.40943,0.26696,-0.035549,0.36433,0.07156,0.2273,0.066415,-0.2647,-0.19095,0.093839,-0.1249,-0.10241,0.052603,-0.052387,0.24468,0.75135,0.29532,0.12887,0.094373,0.35155,0.14477,-0.17639,-0.041779,-0.049935,-0.035392,-0.058418,0.082518,-0.23102,-0.11955,-0.047788,-0.28808,-0.19736,0.22081,0.2539,0.0039807,0.039387,-0.16438,0.29476,-0.24756,3.3252,0.48616,0.3434,-0.13753,0.37501,-0.22709,-0.27426,0.72665,0.03819,-0.19866,0.071475,0.11898,0.14997,0.035812,0.53713,-0.31238,-0.064664,0.17856,-0.087119,0.16905,0.027424,-0.022533,-0.16468,-0.3327,0.023412,0.52277,-0.15574,-0.37751,-0.39515,-0.016965,0.12933,-0.14684,-0.019249,0.01878,0.17637,-0.3737,0.25823,0.1377,0.17315,0.096885,-0.43533,-0.13756,0.087196,0.32978,-0.23447,0.13027,0.091542,-0.34738,-0.19235,-0.081546,-0.13128,0.19252,-0.13566,-0.11147,-0.31012,-0.032845,0.044313,0.10353,-0.38015,-0.2122
0.48091,0.42933,0.26734,0.14315,-0.0086209,-0.099466,-0.038593,0.04966,0.047792,-0.036138,-0.06146,-0.064525,-0.070225,-0.044793,-0.082216,-0.14376,-0.13589,-0.076028,-0.0095152,0.065658,0.076565,0.035562,-0.028979,-0.065177,-0.05031,-0.023221,0.010749,0.067129,0.131,0.15623,0.20102,0.2214,0.20361,0.18811,0.23079,0.27246,0.24696,0.16812,0.12934,0.1166,0.081177,0.014195,-0.038954,-0.041448,-0.070062,-0.11668,-0.14236,-0.11137,-0.065714,-0.064799,-0.055056,-0.051143,0.013625,0.097609,0.10782,0.065467,-0.0032896,-0.050957,-0.067081,-0.061786,-0.041438,-0.016722,0.006103,0.011608,-0.018017,-0.062909,-0.062551,-0.0011212,0.072759,-0.084196,-0.2897,-0.29858,-0.27576,-0.22756,-0.12029,-0.013982,0.088315,0.18649,0.24232,0.25747,0.2198,0.14039,0.093085,0.12005,0.12695,0.054191,-0.0044177,0.008003,0.032975,0.046986,0.038949,-0.011253,-0.045848,-0.096906,-0.14091,-0.11074,-0.088995,-0.059786,0.023016,0.06945,-0.2515,-0.017025,0.20046,0.02308,-0.10239,-0.070378,-0.12468,-0.22906,-0.28827,-0.22676,-0.076587,0.11111,0.25894,0.31885,0.24155,0.13813,0.084321,0.087414,0.088571,0.090859,0.10415,0.063668,-0.0088751,-0.078044,-0.05721,-0.021307,0.020778,0.065981,0.073466,0.084688,0.026619,-0.64812,-0.57478,-0.036968,-0.23817,-0.30527,-0.27154,-0.18769,-0.087864,-0.010917,0.05445,0.12762,0.16947,0.16923,0.13749,0.11863,0.11518,0.083388,0.058797,0.037046,0.020674,-0.10235,-0.32945,-0.45425,-0.45421,-0.39244,-0.27482,-0.16282,-0.07919,0.020964,0.14493,0.26147,0.31761,0.34454,0.40242,0.39097,0.29946,0.22588,0.12051,-0.045429,-0.031936,0.030022,0.047858,0.047842,-0.096447,-0.19774,-0.17091,-0.14435,-0.13492,-0.14478,-0.15273,-0.052177,0.049726,-0.015998,-0.044306,0.014354,0.12272,0.20702,0.25059,0.22963,0.14399,0.072872,0.045558,0.035514,0.024182,0.020258,-0.0020225,-0.005617,0.09523,0.18937,-0.30255,-0.24114,-1.3831,0.17439,0.42875,0.39051,-0.51292,0.63885,-0.079043,0.34565,0.55888,-0.26513,-0.24226,0.55359,-0.023758,0.057257,0.24652,-0.085439,-0.14523,-0.27391,-0.37371,-0.31602,0.25988,0.0034192,0.00859,0.37892,-0.03049,-0.10996,0.2645,-0.15968,2.7869,0.15352,-0.40614,0.44574,-1.0087,0.090264,-0.3771,-0.83821,-0.29038,-0.33443,0.068367,0.25261,-0.2836,0.1958,0.12305,-0.40103,0.39722,-0.065109,-0.40237,-0.47211,0.00055975,0.14194,-0.27096,0.05789,-0.11526,0.04924,0.044583,0.018988,-0.035454,-0.082608,2.6519,-0.50917,-0.02855,-0.76165,0.058726,0.85829,0.28201,-0.36228,0.96274,0.24207,-0.10527,0.50334,-0.25724,0.24293,-0.52938,0.48207,-0.41275,-0.37739,-0.37711,-0.12275,-0.41979,-0.040198,-0.079651,0.018672,-0.099175,0.063392,-0.3064,-0.26443,0.08725,-0.083715,0.20967,0.50186,0.36682,0.6169,-0.17333,0.069662,-0.20467,0.74269,-0.41927,-0.059469,0.20987,0.33146,0.061418,0.56111,-0.26612,-0.088004,0.28073,0.12226,-0.20959,0.077118,-0.23208,0.081863,0.011263,0.21738,0.31341,0.2362,-0.13523,0.049716,-0.10882,0.0072755,3.3261,0.17394,0.95015,0.074204,-0.58877,-0.35861,0.33693,0.015547,0.27798,-0.023219,-0.70814,-0.50475,-0.32657,0.25854,0.2682,0.067193,0.50956,0.55357,0.056923,-0.38639,-0.075138,0.034327,-0.12599,0.012362,0.13414,-0.17291,0.15199,-0.0010876,-0.17943,0.089927,0.28274,0.5903,-0.6469,0.25971,-0.44952,0.30638,-0.15353,-0.37709,-0.16241,0.32149,-0.105,0.18424,0.45127,-0.39188,-0.48702,-0.3333,0.15709,0.13037,0.079192,0.032531,0.039819,-0.12978,0.21157,-0.038662,0.028353,0.10982,-0.19202,-0.10547,0.070246,-0.081954
0.089623,0.10108,0.23547,0.038776,-0.21367,-0.18611,-0.06103,-0.019826,-0.017735,-0.038883,0.0025994,0.068017,0.073133,0.10567,0.13899,0.11328,-0.014416,-0.10698,-0.08635,-0.036073,-0.0064507,-0.01999,-0.054644,-0.047103,-0.02506,-0.057799,-0.055724,0.032818,0.064508,0.096136,0.27644,0.11668,0.14757,0.14348,0.087612,0.14014,0.13183,0.070222,0.11068,0.15091,0.10662,0.079375,0.059893,0.041982,0.063314,0.078449,0.053387,-0.0031135,-0.038383,-0.016505,-0.014191,-0.047105,0.00031004,0.073855,0.06525,0.011942,-0.039894,-0.071157,-0.089714,-0.092696,-0.084973,-0.060328,-0.021691,0.0040898,0.0057269,-0.0067574,-0.0088424,-0.0921,-0.13581,-0.066827,-0.10679,-0.13249,-0.15336,-0.18785,-0.21777,-0.26569,-0.25313,-0.15221,-0.053516,0.013026,0.04804,0.073726,0.16526,0.2459,0.24176,0.19028,0.15174,0.16032,0.16383,0.17431,0.18392,0.068322,-0.0017341,0.044372,0.046368,0.033947,-0.082238,-0.19673,-0.0054815,0.19013,0.63369,0.1997,-0.083035,-0.082209,-0.0032271,-0.020742,-0.097307,-0.1385,-0.19665,-0.23387,-0.14813,-0.00046913,0.071964,0.1574,0.1986,0.14948,0.080624,0.059547,0.082882,0.12749,0.15434,0.13796,0.094415,0.053563,0.070962,0.081248,0.064959,0.073324,0.10221,0.21602,-0.092405,-0.60334,-0.3711,-0.097474,-0.25547,-0.37337,-0.36463,-0.31739,-0.2091,-0.10626,-0.053307,-0.020836,-0.0052539,0.019135,0.059928,0.095652,0.084958,0.009621,-0.031592,0.057177,0.14029,-0.067775,-0.34633,-0.44913,-0.40453,-0.3135,-0.23927,-0.19225,-0.14449,-0.10393,-0.059149,0.0054389,0.097646,0.19651,0.25563,0.22211,0.14644,0.040723,0.078567,0.032759,-0.062443,-0.032632,-0.011586,0.011464,0.03977,-0.0058998,-0.042738,-0.022698,-0.036944,-0.063089,-0.040833,-0.039404,-0.073676,-0.099888,-0.14359,-0.14063,-0.034553,0.064564,0.082616,0.12398,0.10907,0.2142,0.29456,0.2272,0.13394,0.079397,0.071957,0.070879,0.23775,0.41821,-0.23332,-0.58208,-1.3907,0.22787,0.36472,0.15837,-0.20522,0.15867,-0.28795,0.29384,0.56511,-0.049823,0.015452,0.29631,0.11947,-0.019919,0.23106,0.45717,0.077412,-0.26821,-0.45332,-0.095499,0.11748,-0.27321,0.16316,0.31948,0.034993,0.019542,0.090774,-0.024388,1.4112,-1.2251,0.20799,-1.2159,-1.5013,0.16833,-0.27549,-0.46738,0.061873,0.085999,0.047099,0.24949,-0.32404,0.10266,0.2243,-0.0021292,-0.35342,0.029109,-0.12378,-0.15092,-0.21564,0.16407,-0.11085,-0.090656,0.052237,-0.096753,0.017427,-0.045342,0.069858,-0.1113,2.399,-0.48736,0.16053,-0.77263,-0.28988,0.44831,0.046272,-0.58366,0.46372,0.090246,-0.054164,0.21546,-0.0088311,-0.2126,-0.23577,0.011432,0.14813,0.058077,-0.19439,0.25551,-0.25894,0.053664,0.21594,-0.031919,0.086953,0.26246,-0.29059,0.053218,-0.083338,0.031496,-0.16325,0.5723,0.098789,0.55375,0.080016,0.13108,0.28581,0.52018,0.010419,0.070793,0.1251,-0.014288,-0.11808,0.15902,-0.1884,0.31244,0.1726,0.13012,0.0029692,-0.35429,-0.19728,0.28822,0.16323,0.38266,0.29295,-0.15705,-0.40378,0.0079301,0.046299,0.1214,3.2789,-0.019596,0.88512,0.13794,-0.35126,-0.23347,0.22657,0.27675,0.11123,0.10615,-0.21392,0.034919,-0.07383,0.10048,0.018639,0.42208,0.2813,0.5043,-0.064077,-0.019858,-0.27612,-0.15218,0.36311,-0.02419,0.19842,0.0086253,0.17556,-0.067996,-0.099057,0.16132,-0.14047,0.55768,-0.43779,0.12296,-0.50014,0.097282,0.082979,-0.263,-0.48362,0.061979,0.048907,0.042703,0.1072,-0.075655,-0.15925,-0.024682,0.015102,0.14536,0.001267,-0.076025,0.032997,-0.030201,0.325,-0.19019,-0.15984,0.016179,-0.17668,-0.11436,0.12119,-0.17997
0.080234,0.22913,0.26251,0.091783,-0.090956,-0.040487,0.15575,0.22419,0.17116,0.049372,0.021326,0.068137,0.071974,0.091983,0.10916,0.095068,0.023349,-0.039059,-0.028084,0.00011501,0.038224,0.063811,0.030978,-0.013755,-0.060474,-0.067513,-0.012853,-0.012341,-0.00754,0.13638,0.26856,0.19869,0.1606,0.15406,0.12391,0.11879,0.070476,0.0084954,0.0054151,0.018981,-8.1675e-05,-0.024666,-0.050833,-0.07911,-0.078708,-0.065396,0.0096597,0.078097,0.058227,0.065138,0.070547,-0.0062132,-0.0050763,0.084191,0.086124,0.024952,-0.10033,-0.19866,-0.21295,-0.21209,-0.20135,-0.12953,-0.053376,-0.027006,-0.012269,0.0019789,-0.048821,-0.10226,-0.035115,0.019391,0.046613,-0.19134,-0.38016,-0.28828,-0.087411,0.0029362,-0.011963,-0.0082713,0.022485,0.01882,0.0058645,0.055209,0.17617,0.27354,0.29198,0.25207,0.21826,0.1159,0.052914,0.079768,0.10665,0.13432,0.089664,0.051776,0.047753,-0.023277,-0.084742,-0.044712,0.13628,0.24717,0.22119,-0.077367,-0.14793,-0.15849,-0.14773,-0.11874,-0.20441,-0.32973,-0.37101,-0.30478,-0.14889,-0.016506,0.046647,0.12536,0.15874,0.1267,0.11139,0.11857,0.13308,0.22294,0.31425,0.32136,0.27202,0.18832,0.12005,0.091301,0.086364,0.092706,0.092881,0.035054,-0.17426,-0.23488,-0.28454,-0.26733,-0.11386,-0.096412,-0.04172,0.010928,-0.001363,-0.058239,-0.097143,-0.12593,-0.13748,-0.12734,-0.11055,-0.029214,0.089074,0.12127,0.078647,0.074046,0.082014,-0.086123,-0.33509,-0.47206,-0.4554,-0.3528,-0.26741,-0.21352,-0.14419,-0.097876,-0.017788,0.028217,0.071923,0.13179,0.12402,0.03349,-0.071257,-0.056241,0.070982,0.1255,0.14384,-0.0079456,-0.11062,-0.13145,-0.14997,-0.1286,-0.096658,-0.069705,-0.063928,-0.063412,-0.071027,-0.079221,-0.02881,-0.0098488,-0.073434,-0.074592,-0.066166,0.030237,0.17099,0.23905,0.25031,0.22294,0.30452,0.32265,0.22014,0.16137,0.11048,0.10306,0.24988,0.37562,-0.2627,-0.75756,-1.0679,0.1932,0.42335,0.13612,-0.34561,-0.23503,-0.1933,0.51456,0.98633,-0.353,-0.22484,0.19304,0.10391,-0.37216,-0.27384,0.30815,0.2826,-0.3595,0.19224,-0.23311,-0.27091,-0.14697,0.26287,0.050132,0.10209,0.032823,0.020361,-0.014281,2.4314,-0.31409,0.158,0.42969,-1.178,0.21177,-0.56038,-0.042444,0.21645,0.37972,0.048984,0.31857,-0.20205,0.29894,-0.33524,-0.1752,0.055973,0.27174,-0.3747,0.02597,-0.10356,-0.13876,-0.26615,-0.053596,-0.060254,0.099939,-0.10815,-0.045293,0.17503,0.026829,2.3732,-0.29699,0.17315,-0.4849,-0.40889,0.99324,-0.22796,-0.75064,0.24693,-0.11239,-0.36002,-0.039013,-0.33484,-0.13263,-0.23343,-0.28265,-0.13088,0.15716,0.35478,0.22646,-0.37149,-0.040863,0.1259,0.29891,0.049928,-0.073127,0.0032014,0.11247,-0.16804,-0.0045327,-0.19055,0.27695,-0.22297,0.46671,0.17639,0.53982,0.41862,0.74625,0.20624,-0.10873,0.26607,0.086241,0.039429,0.075151,-0.071375,-0.040188,-0.1132,0.018709,-0.3947,0.083696,-0.053168,-0.18541,-0.026872,-0.0542,0.2187,0.0496,-0.27794,0.14716,0.06878,-0.060829,3.3108,-0.11611,0.6324,0.017948,0.063533,-0.32597,0.18811,0.94681,0.25436,0.46168,-0.02471,0.079127,-0.20241,0.13669,0.084888,0.00085122,-0.097179,0.12685,-0.13719,-0.29949,0.013308,0.041646,0.28362,0.037827,0.22579,-0.12235,0.13429,-0.14271,-0.19346,0.13019,-0.18848,0.29082,0.02198,0.0049332,-0.23866,-0.20535,-0.041094,-0.096395,-0.6353,-0.21982,0.099619,0.14473,0.29014,0.1674,-0.076511,-0.016106,0.26514,-0.080996,-0.14749,0.056995,0.078813,0.11384,-0.019779,-0.1691,0.13438,0.058308,0.091884,0.063346,0.14792,0.0029233
0.18699,0.16891,0.052678,0.043172,0.085648,0.065292,0.1232,0.21448,0.2015,0.15086,0.10603,0.098952,0.12454,0.13654,0.12018,0.076274,-0.066238,-0.21003,-0.2247,-0.17383,-0.13646,-0.077112,-0.022284,-0.013875,0.017047,0.024153,0.034334,0.08013,0.1604,0.1516,0.088968,0.12218,0.19103,0.15253,0.14258,0.11751,0.062689,-0.0035254,-0.045077,-0.052227,-0.051136,-0.05373,-0.062783,-0.027322,-0.021278,-0.066403,-0.052963,-0.0029932,0.03484,0.021901,-0.030855,-0.029023,0.0074979,0.022683,0.021243,-0.026951,-0.08961,-0.11748,-0.057751,0.0072395,0.020302,-0.012972,-0.046151,-0.042775,-0.041948,-0.024851,-0.0026457,-0.030413,-0.045234,0.032584,-0.16152,-0.33348,-0.25095,-0.061899,0.04073,0.15826,0.28742,0.32807,0.29776,0.2311,0.18246,0.15591,0.13758,0.10913,0.090006,0.095771,0.10578,0.069268,0.051083,0.082826,0.11208,0.12933,0.012573,-0.062854,0.0042536,0.0098908,-0.0036386,-0.033249,-0.26711,-0.43402,-0.6311,-0.38399,-0.12415,-0.17945,-0.2757,-0.29564,-0.18628,-0.044048,-0.069599,-0.030499,0.034089,0.11937,0.18679,0.19027,0.14057,0.060345,0.065045,0.072534,0.064638,0.11103,0.14372,0.12954,0.098415,0.053372,0.095383,0.14048,0.1175,-0.01372,-0.16917,-0.20431,-0.17547,0.099785,0.086925,-0.12262,-0.1907,-0.14258,-0.06391,0.0090656,0.049162,0.043079,0.016151,-0.0052604,-0.011567,-0.026801,-0.042272,-0.006948,0.08887,0.17916,0.22429,0.19349,0.086126,-0.069874,-0.23952,-0.32202,-0.31025,-0.23454,-0.11307,-0.004561,0.035991,0.031208,0.018909,0.044107,0.068123,0.050072,-0.0030988,-0.068955,-0.04917,-0.012011,0.027791,0.10099,-0.069001,-0.14476,-0.15227,-0.17632,-0.16233,-0.12534,-0.092983,-0.090791,-0.10413,-0.10989,-0.0072339,0.090449,0.045163,0.016123,0.054564,0.10257,0.10678,0.1633,0.20803,0.21684,0.21527,0.17676,0.18094,0.17329,0.15471,0.21163,0.2287,0.16963,0.023049,-0.095396,-0.41442,-1.2946,-0.86276,-0.2134,0.11758,-0.19258,0.37257,-0.12828,-0.34967,0.58619,1.0587,-0.58473,-0.078872,0.36565,0.24328,0.1816,-0.03685,-0.080747,0.30273,-0.092782,0.026778,-0.29715,-0.24092,0.20313,-0.075544,0.080247,-0.043615,0.098487,0.2254,-0.14095,2.5988,0.070204,0.58741,0.34718,-1.3215,0.034088,0.17549,0.24392,-0.0076935,0.59791,0.25171,0.06848,-0.70558,-0.24181,-0.33959,-0.094686,0.42897,0.32435,-0.42286,-0.1099,-0.098854,0.045701,0.25874,-0.027647,-0.075875,0.26361,-0.32804,0.40619,0.069909,-0.23629,2.3546,0.036234,-0.18867,-0.15848,-0.26663,-0.11857,-0.66096,-0.83552,0.58718,-0.30352,-0.20781,-0.44593,0.021075,-0.013674,-0.33222,-0.38105,-0.29749,0.15551,0.19992,-0.022339,-0.42587,0.30085,-0.095385,0.25737,0.15992,-0.0092033,0.10553,-0.098409,0.027721,-0.11251,0.081211,0.63103,-0.45004,0.05612,-0.062035,0.3741,0.0096854,0.19794,0.48669,-0.53017,0.17912,0.17501,-0.26536,-0.061702,0.095548,-0.24191,0.28281,0.12262,-0.42605,0.37052,0.01271,-0.4082,-0.13396,-0.18478,0.31435,0.11145,-0.0022266,-0.15494,-0.025286,0.051723,3.2083,-0.2476,0.10167,-0.02081,0.65215,-0.0016775,-0.04155,0.5093,0.14354,-0.15925,0.093751,-0.19455,-0.46512,0.083386,0.23036,-0.32914,0.005196,0.013308,-0.23826,-0.08198,-0.042842,-0.071877,0.11742,0.023669,-0.43997,-0.13086,-0.12535,-0.18212,-0.15428,-0.27202,0.0018527,0.57586,0.32013,0.18184,0.20824,-0.3932,0.14436,0.00062555,0.040929,-0.46679,-0.056441,-0.17249,0.39362,0.018058,-0.33025,0.090243,0.36879,-0.25726,-0.4055,-0.039903,-0.061213,0.024619,-0.16229,-0.007315,0.32184,0.040249,-0.065365,0.051964,-0.10583,0.17162
0.51452,0.6776,0.50541,0.090114,-0.21963,-0.20097,0.032085,0.14202,0.15956,0.16709,0.12927,0.11281,0.098319,0.10423,0.12424,0.10196,0.028892,-0.054174,-0.11533,-0.093145,-0.036246,0.0022865,0.0014805,-0.075477,-0.10547,-0.035901,-0.038361,-0.073497,-0.013442,0.091196,0.069955,0.059151,0.084496,0.043828,0.042457,0.026635,-0.00216,-0.066316,-0.12446,-0.15357,-0.16061,-0.16888,-0.12647,-0.10113,-0.15832,-0.22352,-0.10069,0.10543,0.19139,0.17435,0.10289,0.010616,-0.0056187,0.050816,0.042229,-0.0050754,-0.067592,-0.1077,-0.1099,-0.094524,-0.086786,-0.085029,-0.065031,-0.033883,-0.015345,0.0027572,0.025063,-0.0018289,-0.0046374,0.079955,-0.075168,-0.17205,-0.098871,-0.037727,-0.039524,0.0065799,0.1209,0.25237,0.30145,0.27001,0.18506,0.12108,0.10731,0.12864,0.141,0.15527,0.17293,0.16833,0.16473,0.16846,0.018954,-0.064981,-0.0018518,0.0099066,-0.043998,-0.097181,-0.065487,0.10457,0.37648,0.50245,-0.30274,-0.29991,-0.18284,-0.18364,-0.1645,-0.18025,-0.33032,-0.43676,-0.29433,-0.018346,0.026293,0.051672,0.10661,0.17111,0.18334,0.13538,0.056356,-0.016468,-0.0065418,0.075395,0.19506,0.2766,0.25089,0.15468,0.084492,0.098111,0.10515,0.10721,0.067576,0.011934,0.0092325,0.17263,0.19561,-0.046442,-0.11701,-0.093832,-0.079205,-0.05301,-0.032581,0.0019336,0.010674,0.046727,0.075208,0.053115,-0.001623,-0.019529,0.014895,0.1548,0.29008,0.262,0.1127,-0.11175,-0.27996,-0.34237,-0.30939,-0.23469,-0.11141,-0.0021213,0.029311,0.0046348,-0.026813,-0.027104,0.028734,0.095837,0.075876,-0.051932,-0.13013,-0.07993,0.038116,0.1235,-0.091936,-0.21806,-0.21773,-0.21348,-0.24732,-0.26892,-0.1784,-0.10037,-0.10813,-0.1159,-0.12016,-0.036322,0.039217,-0.02558,-0.070152,-0.035323,0.021143,0.03458,0.078132,0.074265,0.20277,0.32838,0.33439,0.22796,0.16019,0.14437,0.16276,0.25917,0.41177,0.52392,-0.18595,-1.2792,-0.19108,0.039581,0.048858,0.12748,0.099217,-0.58504,-0.26509,0.43401,0.90469,-0.028501,-0.093058,0.19566,0.48902,-0.33654,0.052459,0.17882,0.17973,-0.43572,-0.19655,-0.37363,-0.085905,0.075782,0.30959,0.076792,-0.24253,-0.32631,0.17661,0.072481,0.994,-1.7174,1.2538,-0.57583,-1.4437,0.08298,0.073752,0.039895,0.28319,0.53447,0.097223,0.1993,0.071282,0.33402,-0.37951,-0.097554,0.0015436,0.10022,-0.070737,-0.11657,-0.073213,-0.15994,-0.26759,-0.10538,0.076581,0.1577,-0.16715,0.038082,0.30968,-0.087439,2.1224,0.23663,-1.2907,-0.0029695,-0.99074,-0.3743,-0.34845,-0.68917,-0.12182,0.58185,-0.48203,0.1608,-0.24756,0.018896,-0.33153,-0.045523,0.031252,-0.16493,0.22991,0.45803,-0.38499,-0.21283,0.14949,0.58693,-0.055565,0.23789,-0.020907,-0.23893,0.034274,-0.14348,-0.30738,-0.28931,-1.0467,-0.0059446,0.14861,0.55206,0.61238,0.68285,-0.11594,-0.4562,-0.13348,0.19386,-0.081631,-0.06523,-0.3562,0.059462,-0.084431,0.24064,-0.23621,-0.14567,-0.02722,-0.13777,0.36992,-0.25056,0.27798,0.12827,-0.18092,0.10293,-0.10285,0.061273,2.2897,1.1621,-0.81717,0.13252,-0.6231,0.1476,-0.11687,0.55634,0.11072,-0.20971,0.065494,0.29225,-0.48644,-0.049015,-0.057154,-0.027702,-0.0011665,0.0091883,-0.059493,-0.21044,-0.12625,0.052286,0.40635,0.016873,0.20887,-0.2517,0.10924,-0.064074,-0.25271,0.02094,-0.43742,-0.039114,0.71539,-0.080287,0.21205,-0.24103,-0.052991,0.21035,-0.25581,0.20493,0.17637,0.3069,-0.16557,0.29142,-0.28299,-0.085141,0.076538,0.04637,-0.17373,-0.047111,-0.058453,0.091047,0.10591,-0.24741,0.32665,-0.077364,0.2374,-0.050617,-0.23152,-0.12916
0.12044,0.4123,0.35807,0.01468,-0.23336,-0.20182,0.037671,0.10642,0.092928,0.13325,0.09064,0.067363,0.051198,0.043987,0.062402,0.085071,0.084896,0.067376,-0.027395,-0.060043,0.011373,0.055233,0.057207,-0.041938,-0.14791,0.0079719,0.23905,0.20966,0.16972,0.23232,0.2129,0.23191,0.20415,0.075727,-0.032983,0.026168,0.016568,-0.052431,0.010692,0.062441,0.012435,-0.017321,-0.033119,0.0083047,0.02628,-0.045441,-0.064255,-0.015638,-0.0052804,-0.056672,-0.12278,-0.15678,-0.098339,-0.011115,-0.011192,-0.064751,-0.069298,-0.052338,-0.06861,-0.066544,-0.054641,-0.050129,-0.040617,-0.020144,-0.0049268,0.012373,-0.033962,-0.086445,-0.021696,0.019982,0.015415,-0.19039,-0.30873,-0.21286,-0.094328,-0.025016,0.059808,0.1704,0.20804,0.13953,0.1403,0.21719,0.24801,0.23773,0.23936,0.19864,0.17724,0.1523,0.14673,0.15702,0.18078,0.207,0.11217,0.028727,0.026923,-0.053748,-0.089701,0.015602,0.29484,0.51794,0.22945,-0.26877,-0.33072,-0.21679,-0.099439,-0.15418,-0.37865,-0.50231,-0.32904,-0.076661,-0.051915,-0.04349,-0.041712,-0.0023079,0.060987,0.089513,0.08903,0.075261,0.1455,0.25145,0.30942,0.32992,0.29992,0.26968,0.23296,0.19002,0.14886,0.13855,0.11518,0.099066,0.16614,0.13471,-0.051875,-0.15119,-0.31278,-0.47329,-0.45764,-0.37779,-0.27201,-0.17187,-0.10414,-0.040152,0.012681,0.022251,0.019107,0.09787,0.22942,0.30297,0.28961,0.18768,0.00043634,-0.25966,-0.50162,-0.58637,-0.51669,-0.41054,-0.27767,-0.17044,-0.091713,-0.020378,0.023173,0.026614,0.044251,0.083726,0.06835,-0.02721,-0.12847,-0.094927,0.064369,0.13034,0.14191,-0.024839,-0.15675,-0.17403,-0.1744,-0.14639,-0.14959,-0.16916,-0.17329,-0.17136,-0.19097,-0.2571,-0.16204,0.0025613,-0.044101,-0.032099,-0.022498,0.048041,0.11197,0.10641,0.12996,0.10912,0.26659,0.32561,0.22605,0.15573,0.1258,0.38552,0.72177,0.85363,-0.2878,-0.61277,-0.025219,0.18985,0.21969,0.25034,-0.33047,-0.38688,-0.45306,0.54478,0.94198,0.0072869,-0.25655,0.1502,0.0999,0.043584,0.35182,0.074618,0.15468,-0.18096,-0.36884,-0.1884,0.30573,0.011457,0.34494,0.079889,0.074732,-0.22795,0.20203,-0.012999,0.78711,-2.3973,0.85197,-0.41872,-1.5125,0.19208,-0.28807,-0.37557,0.18567,0.31386,0.19627,0.12562,-0.04098,0.41923,0.10207,-0.095944,-0.081351,0.16831,-0.038903,-0.042712,0.050334,-0.032678,-0.18289,-0.37434,0.12845,0.33879,-0.077657,0.067981,0.19897,-0.0083254,2.4636,-0.52622,-0.49077,0.28017,-0.87686,1.2755,-0.32728,-0.51619,0.51087,-0.31976,-0.01446,0.11609,0.034848,0.12872,-0.2563,-0.067942,0.28442,0.028732,0.553,0.031492,-0.33467,-0.20551,0.21644,0.33266,0.22548,-0.060799,-0.18805,-0.12099,-0.20514,-0.17172,-0.13876,-0.66206,-0.55597,-0.04605,-0.083011,0.31626,0.53182,0.83017,0.084491,-0.36102,0.077278,0.30803,-0.07101,0.082673,0.076883,0.26153,0.22361,-0.05524,0.055506,-0.26487,-0.023018,-0.37964,0.02144,-0.016157,0.42696,0.041888,-0.22333,0.084021,-0.015708,0.063747,2.4626,1.6423,-0.3298,0.057279,-0.42771,-0.22013,0.30385,0.70143,0.086133,-0.079037,-0.17443,0.23341,-0.4702,0.27249,-0.24084,0.11606,0.11169,0.061523,-0.16593,-0.11047,-0.23569,-0.36191,0.29939,-0.11865,0.1746,0.042568,0.17794,-0.18578,-0.04923,0.078596,-0.22873,-0.5689,0.41694,0.03025,0.1892,-0.0016642,-0.096802,0.16936,-0.47234,0.071142,-0.098905,0.31533,0.18457,-0.052114,-0.16791,0.1925,-0.061118,0.38101,-0.088292,0.025573,-0.088239,0.23432,0.091523,-0.21245,0.24173,-0.17762,0.13909,0.016082,-0.028856,-0.30435
0.18338,0.34164,0.36395,0.26769,0.23167,0.23131,0.23509,0.21802,0.19631,0.1522,0.095192,0.076088,0.098842,0.11723,0.10904,-0.037647,-0.23083,-0.31793,-0.30337,-0.21347,-0.099114,-0.021657,-0.046474,-0.10234,-0.10094,-0.029985,0.051137,0.035106,-0.022961,-0.070955,-0.07027,0.070513,0.16903,0.10468,0.16414,0.16474,0.0099263,-0.10875,-0.13186,-0.11033,-0.066461,-0.028412,0.03006,0.053833,-0.047558,-0.13782,-0.095816,-0.0070947,0.051761,0.031278,-0.0025148,-0.026105,0.020561,0.10132,0.1051,0.054544,-0.016465,-0.0053485,0.035673,0.043797,0.018796,-5.8775e-05,0.025119,0.030253,0.012201,-0.0029297,0.070373,0.09945,0.065405,0.081087,-0.01314,-0.37778,-0.62546,-0.63909,-0.28984,0.2447,0.5161,0.4103,0.28881,0.2717,0.20262,0.1735,0.19854,0.18619,0.18302,0.14151,0.11545,0.1269,0.13824,0.14629,0.0064107,-0.058237,-0.0042436,-0.0328,-0.20107,-0.35955,-0.37335,-0.29493,0.0089665,0.24031,-0.27594,-0.30521,-0.22029,-0.25912,-0.33759,-0.38276,-0.2655,-0.046538,-0.063958,-0.049576,0.022943,0.1128,0.17068,0.19648,0.16449,0.13505,0.064837,-0.015918,0.0091672,0.10089,0.14524,0.08071,-0.014327,-0.095033,-0.14143,-0.14079,-0.13036,-0.14367,-0.16969,-0.14982,-0.017542,0.35087,0.44181,0.14726,-0.032812,0.043903,0.11544,0.16173,0.20968,0.22488,0.19683,0.13891,0.066879,-0.012212,-0.076259,-0.034487,0.12552,0.2964,0.39818,0.392,0.28541,0.0096653,-0.28854,-0.42225,-0.41832,-0.34095,-0.20848,-0.089955,0.0040521,0.10355,0.18952,0.26706,0.35187,0.41006,0.40885,0.3129,0.16171,0.042073,0.014713,0.043891,0.023488,-0.16558,-0.25623,-0.22365,-0.32902,-0.327,-0.24097,-0.2089,-0.19039,-0.20193,-0.034213,0.14712,0.073374,0.034728,0.010969,0.064639,0.13228,0.13346,0.13859,0.092402,0.21137,0.35598,0.34905,0.19954,0.046334,-0.056092,-0.093097,-0.03418,0.23416,0.44893,-0.7103,-0.81973,-0.48456,0.28979,-0.2018,-0.27916,0.82481,-0.53827,-0.089023,0.48085,1.0399,-0.50007,-0.14442,0.76469,0.37852,-0.50071,0.18987,-0.13063,-0.27923,-0.48596,0.083223,-0.63907,-0.010178,0.049773,0.1582,-0.24601,-0.32386,0.017813,0.018932,-0.32911,0.99681,-2.0187,0.60627,-0.49622,-1.1157,0.3204,0.18171,0.32601,-0.66228,1.1547,0.22781,0.44361,-0.52612,0.14372,-0.39028,-0.23208,0.50696,-0.464,-0.26951,-0.1484,-0.019706,-0.051987,-0.15569,0.094913,-0.45287,0.17125,-0.066736,0.17846,0.15743,-0.29682,2.5425,0.060793,-1.295,-0.64465,0.27205,-0.58779,-0.50019,-0.10481,-0.16867,-0.19835,-0.80101,-0.49653,-0.18893,1.0696,-0.60389,0.30566,-0.22022,0.26745,0.18305,0.27646,0.16258,-0.086335,-0.21438,0.29135,-0.21648,-0.11092,-0.027995,-0.17166,-0.20796,0.015889,-0.27692,-0.50872,-0.49192,0.19852,0.28871,0.87275,0.11752,-0.33499,0.45414,-0.25777,0.090182,0.041786,0.31186,0.15747,-0.57888,0.29232,0.043212,0.031942,-0.50094,0.59805,-0.63087,-0.1135,-0.038069,-0.31508,0.30455,0.13048,-0.063167,-0.065253,-0.14954,-0.24073,2.6211,1.2469,-0.14974,0.36806,0.17775,0.49205,-0.29751,0.41143,0.3702,0.19817,0.29452,-0.038831,-1.0905,-0.24225,-0.34162,-0.58531,0.4167,0.092744,0.12364,0.022693,0.27059,0.085385,0.024858,-0.0038077,-0.0016029,-0.11899,-0.088035,-0.34649,-0.052835,0.034723,-0.48971,-0.44103,0.25661,-0.1811,0.10912,-0.74344,-0.11505,0.032611,0.61225,-0.31986,0.33913,0.13798,-0.055016,0.28911,-0.76099,-0.29017,0.15824,-0.31087,0.10945,0.31941,0.16681,-0.24923,0.13286,-0.10806,0.38905,0.29189,-0.10285,0.062568,0.016971,0.041484
0.19858,0.10337,0.28314,0.039378,-0.16797,-0.12926,0.056883,0.11959,0.064504,0.045042,0.059049,0.076228,0.10822,0.12599,0.11445,0.046892,-0.041343,-0.097739,-0.084137,-0.018939,0.00036724,-0.071389,-0.15924,-0.20857,-0.20399,-0.10301,0.020406,0.065716,0.06229,0.10134,0.18107,0.12496,0.12968,0.14966,0.2113,0.25788,0.24639,0.18147,0.13464,0.10371,0.076834,0.078426,0.075224,0.05269,-0.004866,-0.10862,-0.16321,-0.14445,-0.14179,-0.1569,-0.15316,-0.097058,-0.0015279,0.053088,0.036826,-0.012962,0.097092,0.21209,0.20431,0.084315,-0.034838,-0.014,0.0062387,0.016732,0.014029,0.00032825,-0.015086,0.029387,0.13261,0.18391,0.12203,-0.12304,-0.37687,-0.45725,-0.36364,-0.22549,-0.08411,0.040215,0.094635,0.078223,0.057563,0.13426,0.2171,0.20665,0.14531,0.10259,0.12314,0.14409,0.15984,0.16548,0.024218,-0.081278,-0.07393,-0.077619,-0.18048,-0.27049,-0.21293,-0.17005,-0.064407,0.042403,1.0839,0.43616,-0.21365,-0.16162,0.017344,-0.0056747,-0.16189,-0.26831,-0.1904,-0.0060776,0.12001,0.18663,0.23453,0.24125,0.19338,0.15653,0.12533,0.14372,0.21255,0.26052,0.28044,0.2194,0.0085065,-0.20303,-0.22513,-0.1756,-0.13221,-0.11218,-0.047677,-0.020613,-0.21397,-0.24067,-0.14707,-0.13894,-0.22823,-0.26536,-0.2562,-0.20304,-0.080996,0.045675,0.092136,0.070218,0.027839,-0.01675,-0.063701,-0.04714,0.033841,0.097288,0.10857,0.069331,-0.0061309,-0.14466,-0.31669,-0.37748,-0.33097,-0.25458,-0.19609,-0.20199,-0.17678,-0.0093646,0.19155,0.34731,0.42155,0.39026,0.2674,0.19269,0.21304,0.21785,0.17634,0.06307,-0.029038,-0.12828,-0.14087,-0.10311,-0.12349,-0.12693,-0.11191,-0.10242,-0.10437,-0.10219,-0.10967,-0.0634,-0.031626,-0.08188,-0.059124,0.074556,0.17954,0.17197,0.16593,0.11029,0.17752,0.23831,0.20754,0.12059,-0.012363,-0.076791,-0.077326,-0.088705,0.037337,0.17856,-0.55489,-0.84012,-1.0274,0.20252,-0.17848,0.14614,0.49499,0.21723,-0.066069,0.19412,0.56288,-0.085857,-0.71719,0.6061,0.85842,-0.10438,0.17977,0.65479,-0.25802,-0.4523,-0.38023,-0.59041,0.35531,-0.090861,0.32104,-0.086456,-0.17198,0.15956,0.1042,-0.13722,1.6345,-1.3935,0.27686,-1.0766,-1.1314,0.15651,0.15489,-0.095694,-0.3265,0.57311,0.076967,0.34792,-0.24619,0.52569,0.3387,-0.31434,-0.0077906,0.023357,-0.39816,-0.4833,0.047168,0.13262,-0.68635,0.15202,-0.22467,0.00029065,0.028022,0.084604,0.14674,-0.13689,2.557,-0.26182,-0.32509,-0.898,0.079954,-0.47122,-0.24738,-0.22638,0.61552,0.15317,0.15699,0.55463,-0.098795,0.80303,-0.77725,0.5462,0.036803,-0.12186,0.011476,0.1444,0.365,0.014925,0.12726,0.068129,0.026235,0.22417,-0.22627,-0.21265,-0.26685,0.1887,0.031095,0.04899,-0.046126,0.50761,0.15771,0.65194,-0.088973,0.38774,-0.22913,-0.39449,-0.55191,0.15429,0.13079,0.34054,-0.56463,-0.30133,0.28874,0.047268,-0.1262,-0.37207,-0.18612,0.39301,0.091281,-0.0078425,0.28812,0.17301,-0.24411,0.36169,-0.43926,-0.18084,2.8191,1.0386,0.15633,0.43813,-1.0178,0.04421,-0.5393,-0.1314,0.22371,0.22597,0.10959,0.62606,-0.7011,-0.035882,-0.18464,0.36394,0.44249,0.63113,0.10552,0.26658,0.045824,-0.036091,-0.054316,-0.36997,0.30101,-0.28656,0.28174,-0.057945,-0.20116,-0.030778,-0.074666,0.20143,-0.31309,0.021526,-0.27925,-0.39023,-0.22908,-0.2027,0.16255,0.12256,0.21206,0.33993,-0.083982,-0.02697,-0.31266,-0.20473,0.16786,0.21886,0.40267,-0.11945,0.20834,-0.25513,0.4029,-0.27544,-0.2019,-0.093888,-0.081249,0.014821,0.09123,0.27227
0.11027,0.39353,0.48623,0.23475,-0.12846,-0.17135,0.0046718,0.10642,0.18491,0.19323,0.12907,0.099623,0.10041,0.13898,0.17275,0.14733,0.058151,-0.070062,-0.13577,-0.080555,-0.004175,0.019947,0.0021828,-0.077699,-0.16653,-0.1268,-0.015624,0.010128,0.019715,0.062837,-0.012421,0.018271,0.067224,0.042751,0.11013,0.16052,0.15159,0.090995,0.08402,0.081473,0.031181,0.0027493,-0.011997,-0.023434,-0.008406,0.050141,0.10946,0.15636,0.19687,0.18201,0.06713,-0.030949,0.036199,0.13216,0.14521,0.10005,0.028942,-0.044843,-0.091587,-0.092145,-0.073995,-0.09435,-0.11941,-0.10931,-0.11223,-0.1089,-0.078981,-0.059016,-0.0036194,-0.24118,-0.49223,-0.3217,0.032564,0.24463,0.19524,0.0020003,-0.05436,0.056492,0.10825,0.075396,0.052046,0.10188,0.18727,0.23861,0.23448,0.22029,0.17021,0.144,0.1569,0.17974,0.19471,0.12017,-0.021917,-0.037988,0.0028441,-0.11458,-0.19333,-0.098662,0.17631,0.36521,0.29377,-0.20042,-0.29867,-0.28714,-0.29103,-0.29108,-0.36448,-0.51305,-0.40031,-0.093315,-0.015054,0.043199,0.13597,0.22908,0.23917,0.17613,0.079845,0.046605,0.13164,0.23975,0.30097,0.30861,0.2708,0.17224,0.073792,0.062914,0.084713,0.091845,-0.061433,-0.25948,-0.10388,0.33269,0.37066,0.058808,-0.27283,-0.39505,-0.39305,-0.35147,-0.27849,-0.20258,-0.12587,-0.040902,0.046193,0.11201,0.12915,0.13741,0.17557,0.2229,0.2666,0.25773,0.16118,-0.08249,-0.39327,-0.55196,-0.56609,-0.50726,-0.39018,-0.26905,-0.14885,-0.0058131,0.13864,0.25314,0.31625,0.32429,0.25893,0.10837,-0.031792,-0.030623,0.10424,-0.10764,-0.18713,-0.22191,-0.23761,-0.17478,-0.14924,-0.13116,-0.10242,-0.10541,-0.11732,-0.11366,-0.12451,-0.01876,0.085141,-0.0045848,-0.036608,-0.057867,0.019498,0.12282,0.16232,0.21002,0.18562,0.23179,0.39385,0.44749,0.38683,0.33615,0.22039,0.16971,0.35845,0.50562,-0.81614,-0.60872,0.091616,0.24051,0.26498,-0.094646,-0.12636,-0.31181,-0.093524,0.48675,0.87815,-0.64909,-0.52744,-0.085604,0.40106,-0.2301,0.60319,0.45805,-0.0066165,-0.2733,-0.15083,-0.30798,0.20579,-0.24531,0.14053,-0.1649,0.25,-0.10995,0.18562,-0.17782,2.6075,-0.87315,0.34673,1.4241,-1.0869,0.046256,-0.059419,0.16936,0.22246,0.72524,-0.33442,-0.1045,0.033008,-0.0063436,0.16964,0.097739,-0.022072,0.50441,-0.22435,0.011369,-0.010698,-0.043809,-0.41273,-0.17268,-0.1001,0.024524,-0.014994,0.023694,0.25143,0.099469,2.4255,-0.36663,-1.2,0.017431,-0.16245,1.0125,-0.39576,-0.53671,0.1563,0.017147,0.23685,-0.15551,-0.76345,0.032518,-0.018763,-0.02704,0.12568,0.11662,0.079993,0.072601,-0.16812,-0.25852,0.34252,0.14408,0.094858,0.26371,-0.46223,-0.12775,-0.24971,-0.14834,-0.071671,-0.94825,-0.53094,-0.065515,0.15425,0.69354,0.48274,0.48296,0.60985,0.053631,0.2419,0.060008,-0.13971,0.36381,0.15397,0.27166,-0.12404,-0.1169,-0.28005,-0.35541,-0.11654,0.053973,0.14792,0.056833,0.032524,0.24253,-0.26668,0.31762,-0.13644,-0.12839,2.6311,1.7644,-0.50837,0.0055458,-0.30511,-0.33455,-0.44683,0.56663,0.22624,-0.11864,0.51213,0.5298,-0.33285,0.6516,-0.017143,-0.015663,0.11077,0.016672,0.3379,0.26047,-0.10077,0.12723,-0.015631,-0.46645,0.06031,-0.099436,0.24154,-0.3656,-0.28799,0.052534,-0.021143,-0.65394,0.32626,-0.35536,0.32676,-0.039355,-0.14258,0.22583,0.0522,-0.17343,-0.014846,0.33363,-0.50446,0.31202,-0.029435,0.14351,0.015513,-0.00033073,-0.17085,0.11945,0.214,-0.096199,0.16327,0.22949,-0.24138,-0.19799,0.10424,0.38926,-0.063938,-0.053511
0.26876,0.31858,0.21048,0.046233,-0.054796,-0.0015837,0.10948,0.16492,0.12005,0.070815,0.074878,0.083174,0.098945,0.088107,0.04933,-0.031585,-0.085372,-0.057737,-0.025247,-0.029575,-0.025993,-0.017514,-0.032814,-0.064192,-0.11565,-0.085715,0.04577,0.14354,0.16695,0.11654,0.27586,0.19226,0.13019,0.22688,0.18376,0.20608,0.15884,0.091635,0.057551,0.031588,-0.00034327,-0.029407,0.096895,0.21477,0.18633,0.021466,-0.13266,-0.076566,-0.01619,-0.017243,-0.076966,-0.14613,-0.10507,-0.009755,0.0072697,-0.033714,-0.056149,-0.067591,-0.095533,-0.096386,-0.063433,-0.026423,-0.0068763,0.0023431,0.0034819,-0.0017355,-0.0050207,-0.0045674,0.023588,-0.083862,-0.18773,-0.11834,-0.079628,-0.10183,-0.21654,-0.31208,-0.27299,-0.17276,-0.11492,-0.11029,-0.10414,-0.053311,0.10623,0.27752,0.3331,0.30572,0.25399,0.18775,0.16681,0.1813,0.20263,0.21529,0.14712,0.0096791,-0.044871,-0.012129,0.0095144,0.00088228,0.06112,0.12369,-0.52835,-0.3921,-0.19591,-0.1644,-0.1785,-0.16532,-0.22659,-0.34621,-0.37443,-0.18842,0.11272,0.22243,0.24379,0.20034,0.11581,0.070957,0.080757,0.11345,0.14483,0.20947,0.27909,0.28058,0.24464,0.17168,0.093591,0.07111,0.079523,0.076655,0.082595,0.087944,-0.086221,-0.44817,-0.57392,-0.42208,-0.24953,-0.28023,-0.19681,-0.10643,-0.096938,-0.13902,-0.15181,-0.10495,0.030901,0.15705,0.17942,0.12497,0.094698,0.18758,0.2826,0.31004,0.21399,-0.080714,-0.42416,-0.59759,-0.63242,-0.59573,-0.51052,-0.38806,-0.22525,-0.048095,0.14478,0.31124,0.40018,0.39215,0.25778,0.015931,-0.14752,-0.11069,0.025423,-0.01034,-0.017031,0.011509,0.018361,-0.084764,-0.15206,-0.093173,-0.052383,-0.035021,-0.04593,-0.05815,-0.072549,-0.13264,-0.096497,-0.039383,-0.13031,-0.14498,-0.11955,0.019158,0.15504,0.17313,0.18948,0.13786,0.17071,0.30341,0.34686,0.32118,0.27994,0.23292,0.29906,0.39201,-0.19454,0.1004,-1.2421,0.26838,0.31398,0.15754,-0.46048,0.0038167,-0.50012,0.082147,0.93819,-0.12584,-0.12815,0.049288,-0.030654,-0.22936,-0.087118,0.31517,0.26683,0.18265,-0.29657,-0.46704,0.35351,-0.38224,0.45437,0.11929,0.025681,0.14413,0.069679,0.00859,2.2999,0.85532,-0.97501,1.3138,-0.39624,-0.47672,0.61889,-0.28546,0.16767,-0.28622,0.21521,0.64606,-0.39004,0.026582,0.2248,-0.054253,0.18508,0.30163,-0.33439,-0.14994,0.12687,-0.22447,-0.42518,-0.063439,0.41574,0.31816,0.26797,-0.14297,0.16906,-0.045568,2.5671,-1.1492,-0.049732,-0.6287,-0.66302,0.94472,-0.12618,-0.7055,0.28308,0.21272,0.21726,0.16012,-0.11689,-0.22195,-0.13434,0.27199,-0.28369,0.18373,0.22699,0.31328,0.27447,0.14651,0.29645,-0.0086882,0.0073776,0.28297,-0.19375,-0.013457,-0.15957,-0.26708,0.042577,0.13593,0.55547,0.45733,0.032168,0.15449,0.49034,0.89949,0.064529,0.17578,-0.042089,0.054838,-0.052652,-0.14215,0.30189,-0.11165,0.082094,-0.1482,-0.29604,0.046124,0.076637,0.035562,-0.11818,0.34942,0.31191,0.10005,-0.29933,0.51611,-0.10988,-0.060025,3.2921,0.43585,1.1763,0.017025,-0.066771,-0.4471,0.27178,0.69343,-0.14557,0.26629,0.046083,0.15493,-0.024241,0.15586,0.41808,0.52168,0.48335,-0.19264,0.022538,-0.084344,0.15447,-0.31612,0.088578,-0.31374,0.15519,0.083507,-0.045546,-0.084347,-0.27286,0.12093,0.043594,0.072583,-0.71767,-0.023673,-0.28205,-0.065982,0.046815,0.29858,0.016453,0.36804,-0.37978,0.13935,0.033876,0.25916,0.3169,0.41689,0.18828,-0.14703,0.23955,0.068306,0.09273,-0.15427,-0.038147,-0.34936,-0.25131,-0.10131,0.0081558,-0.02315,0.087515,-0.044129
-0.19637,-0.18901,-0.017947,0.09159,0.046081,-0.02434,-0.068036,-0.038273,0.037157,0.063766,0.06089,0.073487,0.089779,0.090931,0.029022,-0.028117,-0.074562,-0.14771,-0.15857,-0.10389,-0.034945,-0.019847,-0.0023098,0.12262,0.242,0.21569,0.034256,-0.12099,-0.18559,-0.16946,-0.06588,0.029362,0.087299,0.068014,0.088166,0.096741,0.097603,0.05088,-0.019454,0.03961,0.10548,0.082029,0.063831,0.040993,-0.047671,-0.14006,-0.12663,-0.063303,-0.012415,-0.030789,-0.053194,-0.021604,-0.0041763,-0.006444,-0.004671,-0.036288,-0.078772,-0.098438,-0.09553,-0.078578,-0.048615,-0.015504,0.011916,0.024694,0.01376,0.004909,0.0022187,-0.017111,-0.02057,-0.2328,-0.41001,-0.22166,0.095561,0.27043,0.3214,0.35967,0.4267,0.48727,0.51612,0.47474,0.36996,0.25892,0.16755,0.14516,0.13214,0.072099,0.018613,0.021356,0.040021,0.055635,-0.040473,-0.12508,-0.13737,-0.1869,-0.22869,-0.23563,-0.18251,-0.037715,0.15177,0.23304,0.49016,0.19264,-0.047585,-0.060421,-0.0564,-0.033512,-0.025136,-0.0036257,0.056746,0.12559,0.16609,0.18575,0.19083,0.17437,0.14461,0.05311,-0.063157,-0.12358,-0.12399,-0.067453,0.0039577,0.078699,0.12269,0.20243,0.23344,0.1748,0.20407,0.2596,0.29033,0.24085,0.099985,0.19438,0.17868,-0.099553,-0.24122,-0.26931,-0.30231,-0.28724,-0.2366,-0.15162,-0.087853,-0.063948,-0.041057,-0.031242,-0.029424,0.0074318,0.10575,0.22,0.28799,0.24916,0.11084,-0.061756,-0.19054,-0.24331,-0.23782,-0.18768,-0.09724,0.0014094,0.091281,0.18352,0.27048,0.33069,0.3435,0.30057,0.1773,-0.054472,-0.26096,-0.28578,-0.17056,-0.23827,-0.2325,-0.20807,-0.21981,-0.28385,-0.33566,-0.30048,-0.18016,-0.075663,-0.090157,-0.10958,-0.1408,-0.075989,0.0099465,-0.034751,-0.058573,-0.0040763,0.11469,0.19191,0.21399,0.19465,0.22936,0.2445,0.15238,-0.040807,-0.21793,-0.27104,-0.21761,-0.08128,0.10584,0.22367,-0.41575,-1.3967,0.16449,-0.26384,0.2894,-0.0922,0.68774,0.82261,-0.82956,0.57224,0.61744,-0.43725,0.15385,0.61801,0.67115,0.29799,0.34088,-0.12873,0.14713,-0.22113,0.20646,-0.2871,-0.11702,0.24966,0.0074679,0.18472,0.08235,-0.040032,0.098451,-0.21544,2.465,-0.14128,0.83843,1.0947,-1.564,0.07696,0.16462,-0.94237,-0.39123,0.11819,0.087248,0.1252,-0.72274,-0.22746,-0.31213,0.074299,0.55665,0.27308,-0.56002,-0.17432,-0.04005,0.29552,-0.34591,0.24569,0.20908,-0.13124,-0.23694,0.11068,0.41075,-0.046566,2.3058,0.80896,-0.89641,0.18468,0.37107,0.29228,0.64758,0.21202,1.0837,-0.22511,-0.3975,-0.54082,-0.2921,0.54644,-0.1816,-0.12227,0.0070311,0.086735,0.16756,-0.060888,0.34653,0.54881,-0.06015,0.0795,0.042822,0.14852,-0.39906,-0.29285,0.30246,-0.10319,-0.26911,0.26415,-1.0345,-0.13106,-0.50993,-0.41892,-0.34637,0.42859,0.12333,-0.12241,0.57017,-0.17569,-0.069389,0.42138,-0.35412,0.031041,0.21682,0.036092,-0.10341,0.24111,-0.27468,-0.24072,-0.19799,-0.21365,0.10773,0.32453,-0.077702,0.11633,-0.095943,0.23509,3.3211,-0.26907,-0.3518,-0.85582,0.25576,-1.2769,-0.1774,-0.10563,0.18528,0.049314,-0.1804,-0.36388,0.059151,-0.012877,0.22358,-0.35285,-0.0035892,0.32386,-0.2312,-0.075049,-0.16765,0.018259,0.12434,-0.20623,-0.029298,-0.26097,-0.14412,-0.12517,-0.26092,0.22773,-0.18353,0.26397,0.84743,0.2896,0.37929,0.75067,0.1388,0.018195,0.72705,0.20581,-0.065623,-0.20899,0.34909,-0.037674,-0.51981,0.039657,0.13035,-0.068778,-0.30882,0.24974,0.12709,-0.11805,-0.14219,-0.13346,-0.0083911,-0.039218,-0.40763,0.034745,0.06281,0.34387
0.28206,0.3691,0.24618,0.038066,-0.1087,-0.061809,0.078554,0.15683,0.16014,0.12065,0.08087,0.057031,0.047578,-0.01605,-0.068468,-0.11841,-0.22839,-0.28395,-0.22731,-0.14945,-0.17679,-0.25783,-0.26529,-0.1829,-0.12114,-0.019814,0.036312,-0.041991,-0.0042562,0.14867,0.28374,0.14724,0.37977,0.39899,0.26438,0.3192,0.30658,0.22175,0.10829,0.040517,0.01553,-0.003697,-0.015678,-0.024248,-0.049073,-0.07373,-0.058421,-0.02943,-0.028115,-0.069216,-0.11898,-0.091537,0.028155,0.13669,0.16015,0.11639,0.039811,-0.016074,-0.039152,-0.038366,-0.020025,0.0041993,0.026689,0.1489,0.24256,0.22764,0.23977,0.14602,0.044786,0.15086,-0.042834,-0.36365,-0.48469,-0.49979,-0.45142,-0.35976,-0.25864,-0.14542,-0.068805,-0.070777,-0.080734,-0.023017,0.10493,0.20815,0.23424,0.20207,0.13119,0.11385,0.16531,0.18743,0.21493,0.22753,0.081124,-0.045838,-0.073984,-0.11811,-0.13849,-0.1572,-0.046488,0.06826,-0.26559,-0.25129,-0.13561,-0.077773,-0.036827,-0.011745,-0.0673,-0.11724,-0.10764,-0.11255,-0.080014,-0.01589,0.041088,0.13557,0.19373,0.14584,0.055659,0.021455,0.091361,0.16546,0.13354,0.038298,0.027835,0.07944,0.076331,0.066731,0.061182,0.061258,0.033927,-0.075735,-0.66523,-0.6936,-0.37989,-0.20636,-0.28007,-0.41935,-0.4199,-0.30813,-0.1374,-0.042351,-0.022339,0.034745,0.10562,0.14087,0.14618,0.18475,0.2505,0.27654,0.24868,0.16658,0.040423,-0.12426,-0.36701,-0.56715,-0.62655,-0.57567,-0.43912,-0.29769,-0.18435,-0.064684,0.07456,0.20547,0.27592,0.2913,0.29678,0.26328,0.15463,0.057842,0.072587,0.17725,0.063574,0.063943,0.12218,0.1277,0.11005,0.10546,0.021972,-0.05832,-0.063444,-0.063931,-0.073244,-0.082071,-0.090434,-0.14985,-0.22287,-0.24569,-0.19179,0.0017342,0.1687,0.19736,0.21439,0.15475,0.22818,0.23181,0.10584,0.074139,0.071375,0.031892,0.14723,0.28649,-0.20682,0.087063,-1.3895,0.36465,-0.21378,-0.26266,0.20897,0.40272,-0.054059,0.031876,0.58536,-0.1229,-0.020206,0.68897,0.31343,0.11844,0.19292,0.13668,-0.20263,0.0068487,-0.35985,-0.30317,0.15483,-0.28164,-0.013354,0.15913,0.0093198,-0.057051,0.10048,0.017392,2.6678,-0.0060383,-1.2513,0.16003,-1.3558,-0.081181,0.24771,-0.062407,-0.23435,-0.3161,0.18359,0.34397,-0.30333,-0.11428,0.10375,-0.29203,0.1918,0.10989,-0.38635,-0.39669,-0.047208,0.25865,-0.46509,0.019998,-0.34171,0.26532,-0.058456,-0.36459,0.21083,0.16989,2.5881,-1.2643,-0.14905,-1.0353,-0.0094294,0.38087,-0.14258,-0.032138,0.11329,0.1799,-0.21408,0.31399,0.19144,0.029113,-0.51901,-0.028503,-0.11592,0.15773,-0.18672,0.10833,-0.082994,0.29641,0.18393,-0.059321,-0.21937,0.20987,0.098673,0.30583,-0.2629,-0.02151,-0.017847,0.33807,1.0908,0.36528,0.17931,-0.024311,0.11295,0.31597,-0.30308,-0.26542,-0.21798,0.053276,-0.095865,0.060859,-0.53025,-0.23797,0.22359,0.067001,-0.067146,-0.3205,0.013679,0.19322,-0.11224,0.26647,0.22805,0.029522,-0.18554,0.070931,0.015724,-0.28491,3.2254,0.86173,1.4753,0.24738,-0.42126,-0.011339,-0.45782,-0.075309,-0.036829,0.038628,-0.1915,-0.39423,-0.063568,-0.111,0.17896,0.020733,0.21796,0.45273,0.00028857,0.21981,0.071653,-0.08237,-0.1473,-0.27856,0.27272,0.117,0.1892,-0.29497,-0.19825,0.19859,0.1495,0.30374,-1.3553,0.089442,-0.39263,-0.095373,0.33041,-0.41574,0.12472,0.24343,-0.12913,-0.17761,0.066302,0.0087851,-0.33212,-0.29141,-0.020011,0.098982,0.22093,-0.096211,0.033459,-0.040885,0.016442,-0.15032,-0.27967,-0.049081,-0.10063,0.045291,-0.081611,-0.079505
0.25482,0.052463,0.30214,0.12405,0.059286,0.11312,0.16188,0.10937,0.078873,0.077127,0.051902,0.04426,0.037634,0.021753,0.036059,0.048741,0.0046834,-0.028884,-0.034616,0.0029102,0.075703,0.13819,0.1716,0.1426,0.084095,0.032738,-0.0067824,-0.057124,-0.14391,-0.070352,-0.13042,-0.3291,-0.28522,-0.34414,-0.11731,0.098293,0.14197,0.10619,0.015622,0.0059425,0.018869,-0.0020763,-0.0090406,-0.024018,-0.063949,0.0023605,0.12823,0.20069,0.22802,0.17677,0.064878,-0.077466,-0.084289,0.0071086,0.015105,-0.034372,-0.048113,-0.041109,-0.056897,-0.05138,-0.033828,-0.07075,-0.11116,-0.098483,-0.098518,-0.093151,-0.017417,0.024557,-0.041086,-0.148,-0.15032,-0.061041,-0.0031543,-0.005601,0.0021407,0.13691,0.38311,0.51782,0.39383,0.17787,0.066672,0.074547,0.097735,0.098203,0.085606,0.087683,0.095799,0.048401,0.021584,0.04727,0.067053,0.087837,0.069802,-0.030434,-0.11566,-0.1365,-0.13091,-0.10665,0.12342,0.33459,1.4131,0.46607,-0.3508,-0.31081,-0.22163,-0.17548,-0.26802,-0.29672,-0.16438,0.0090941,0.030582,0.029861,0.021753,0.013955,0.01991,0.012388,-0.023107,-0.039285,-0.015598,0.037485,0.094082,0.12247,0.10619,0.27055,0.37832,0.32213,0.29353,0.29214,0.28281,0.16713,0.077429,0.52924,0.68165,0.29556,-0.11008,-0.29104,-0.3768,-0.3573,-0.24812,-0.095676,0.034418,0.082192,0.069015,0.024258,-0.0080455,0.016369,0.13709,0.27064,0.28923,0.19326,0.074344,-0.15774,-0.46469,-0.60791,-0.58857,-0.50035,-0.3348,-0.18088,-0.094132,-0.029509,0.037066,0.13741,0.23198,0.26362,0.21775,0.072812,-0.029953,-0.045654,-0.077499,-0.10796,-0.089177,-0.20871,-0.31472,-0.29137,-0.29644,-0.29045,-0.27776,-0.29877,-0.32764,-0.18811,0.048472,0.08238,0.020117,-0.02272,0.004229,0.032841,0.011583,0.071683,0.16438,0.20726,0.19947,0.14429,0.10266,0.21683,0.26315,0.20389,0.17306,0.16594,0.3271,0.48737,-0.5271,-1.0014,0.91181,0.1446,0.51747,0.058638,-0.36767,-0.16859,-0.075389,0.61998,0.65047,-0.33807,-0.15228,0.044572,0.16341,-0.25377,0.43342,0.19634,-0.11852,-0.17056,-0.054408,-0.05605,-0.0019888,-0.056936,0.28209,0.042841,-0.20432,0.18782,0.16936,-0.08796,1.0709,-2.2266,1.5006,0.62609,-1.7108,0.20203,-0.081909,-0.32876,-0.055733,0.42584,-0.362,-0.074364,-0.22085,-0.042755,0.020962,0.14934,0.23809,-0.062859,-0.50642,-0.049051,0.12702,-0.071014,-0.41947,-0.069526,0.078439,0.11218,-0.14279,0.26417,-0.064015,-0.099189,2.2517,0.3761,-2.0835,0.58245,-0.21576,0.18061,0.02804,-0.4353,0.2326,0.48373,-0.13799,-0.35981,-0.33749,0.21322,0.097284,0.19114,0.19667,0.0018312,-0.046681,-0.01157,-0.36963,-0.024,-0.17406,0.23995,0.0027089,0.15852,0.15779,-0.048127,0.024247,-0.18409,-0.10079,-1.0201,-1.4329,-0.4765,-0.13695,0.0328,0.3253,0.71631,-0.061255,-0.13164,0.15376,0.11954,-0.1771,0.11365,0.16952,0.43084,-0.29573,-0.012074,-0.23741,-0.14243,-0.15528,-0.12179,-0.047905,-0.23341,0.42855,-0.014575,-0.087892,-0.17685,-0.06581,-0.063704,2.5493,1.6045,-1.1162,-0.42228,0.47655,-0.22309,0.59129,0.54748,0.16718,-0.12921,-0.097499,0.22117,-0.23227,0.30984,-0.47713,0.049572,0.15779,0.14261,0.049355,-0.094077,-0.057432,-0.020948,-0.0013545,0.0715,-0.0028358,-0.13644,0.15768,0.082864,-0.083157,-0.26611,-0.15982,-0.76774,1.3307,-0.080074,0.62673,0.26087,-0.10389,0.073289,-0.4499,0.021579,-0.065456,0.19031,0.20362,-0.084384,-0.057854,-0.055285,-0.38664,-0.11075,-0.037637,-0.032426,0.29388,0.014942,0.020214,0.048637,0.11317,0.01652,0.079715,-0.17552,-0.027912,0.093514
0.37166,0.42778,0.23304,-0.024099,-0.18716,-0.13934,0.12158,0.32867,0.29946,0.20352,0.11007,0.11293,0.14043,0.13503,0.098573,-0.0024469,-0.11262,-0.15894,-0.18462,-0.15532,-0.088721,-0.058363,-0.090984,-0.23951,-0.3131,-0.077199,0.24924,0.4271,0.55967,0.56476,0.38856,-0.40168,-0.64223,0.070251,0.1205,0.16497,0.13354,0.091052,0.042298,-0.013369,-0.038278,-0.026988,-0.019068,-0.029415,-0.057593,-0.087522,-0.075903,-0.02023,0.032068,0.015123,-0.059373,-0.068715,0.034168,0.11729,0.12586,0.083098,0.017622,-0.029461,-0.051767,-0.055479,-0.045535,-0.030223,-0.010952,0.0052447,0.014592,0.027403,0.0022905,-0.021204,0.061103,0.05615,-0.15191,-0.27729,-0.28824,-0.25159,-0.19475,-0.11178,0.040466,0.21027,0.21965,0.054723,-0.078201,-0.050194,0.075168,0.15931,0.17738,0.15924,0.11582,0.11413,0.14889,0.1543,0.17399,0.1916,0.047392,-0.050685,-0.068502,-0.11903,-0.11357,-0.060976,0.16592,0.33474,-0.18023,-0.26406,-0.2042,-0.21543,-0.24035,-0.2762,-0.24619,-0.16189,-0.191,-0.11354,0.11338,0.28904,0.30486,0.2587,0.16983,0.10924,0.068509,0.032993,0.086121,0.17958,0.23895,0.2571,0.20945,0.046764,-0.058416,0.031327,0.073714,0.027717,0.056014,0.1369,0.25571,-0.79267,-0.81524,-0.094969,-0.35962,-0.38509,-0.32489,-0.19007,-0.061052,0.0072378,0.036201,0.0078168,0.028771,0.10318,0.13985,0.16287,0.19827,0.27737,0.36564,0.3713,0.23929,-0.056462,-0.35792,-0.48582,-0.48403,-0.4244,-0.33077,-0.25044,-0.19011,-0.12802,-0.05628,0.0149,0.070406,0.10742,0.10456,0.05499,-0.013132,-0.024176,0.088524,0.018225,-0.057196,-0.0091689,0.0012359,-0.0045465,-0.0018605,-0.029404,-0.10549,-0.14564,-0.14229,-0.11561,-0.089446,-0.086636,-0.091966,-0.13549,-0.19607,-0.22637,-0.21484,-0.099335,0.020652,0.063729,0.12003,0.09997,0.2667,0.35082,0.23969,0.14973,0.15785,0.20323,0.36253,0.50484,-0.0121,-0.059567,-1.0065,0.21229,0.21121,0.31771,-0.24655,-0.021852,-0.36508,0.34897,0.96907,0.2911,-0.042177,0.42806,0.061365,0.052313,0.20973,-0.37113,0.10814,0.26517,-0.23919,-0.63537,0.82013,-0.080367,-0.46834,0.16707,-0.55768,-0.017074,0.086157,0.20818,1.3028,-1.7512,0.018968,-0.52876,-1.3711,0.48738,-1.1555,-0.71966,-0.051504,0.14227,0.14274,0.55784,-0.2118,0.27462,0.37461,-0.072137,0.22258,-0.20855,0.60054,0.27705,0.67438,-0.057263,-0.64795,0.054871,0.082054,0.61749,-0.083018,0.6219,-0.27929,-0.050135,2.4396,-0.8009,-0.70444,-0.66618,-1.3626,-0.75855,0.020308,-0.95088,-0.064758,0.41693,-0.13131,0.32611,0.28077,0.18763,-0.0061798,-0.10268,-0.45062,0.62379,0.37253,0.19822,-0.17617,0.003765,-0.27503,0.46321,0.53258,0.45243,-0.36949,-0.084641,-0.27046,-0.39803,-0.14503,0.1098,0.34186,0.47232,0.048449,0.2498,0.40935,0.86821,-0.088252,-0.032022,0.19135,0.21562,0.29661,-0.08997,-0.36624,0.43333,0.29809,-0.43133,0.3722,0.23507,-0.24286,-0.57958,0.083561,0.36058,-0.0056123,-0.28623,-0.045536,-0.021029,-0.14292,-0.35459,2.708,1.1795,0.53591,0.45513,-0.81742,-0.17748,0.25518,0.47559,-0.11689,-0.045505,-0.13664,0.042352,-0.45773,-0.17484,-0.050639,-0.15223,0.80217,-0.62055,0.0279,0.33697,-0.26404,-0.5975,-0.020725,-0.039577,-0.026617,-0.028886,0.75534,0.15143,-0.39207,0.3557,-0.1509,-0.0066798,-0.4255,-0.066345,-0.35657,-0.11844,0.013016,0.24623,-0.055762,0.36898,-0.20431,0.27461,0.20088,0.39717,-0.24113,0.016799,-0.31477,0.22448,0.5603,0.15087,-0.012443,-0.085238,-0.11991,0.12849,0.47395,-0.5398,0.48594,-0.6828,0.10822,-0.040533
-0.059928,0.090342,0.5334,0.42674,0.31441,0.30308,0.11842,0.065965,0.15761,0.13674,0.10692,0.0692,0.068192,0.095733,0.088411,0.030564,-0.057092,-0.14608,-0.16826,-0.11074,-0.067285,-0.12596,-0.23479,-0.23838,-0.058638,0.1088,0.073577,-0.044585,-0.12041,-0.15428,-0.061728,0.021195,0.046857,-0.012622,-0.0010006,-0.0031163,-0.04536,-0.10107,-0.057622,-0.0013938,-0.025624,-0.049354,0.077925,0.19204,0.1717,0.16002,0.090106,0.034436,0.073497,0.032728,-0.061893,-0.13253,-0.08174,0.011764,0.022524,-0.024604,-0.022556,-0.0080963,-0.036414,-0.042115,-0.028364,-0.0064233,0.11179,0.21169,0.21885,0.23167,0.23963,0.13153,0.017849,0.078751,-0.31294,-0.57951,-0.38265,-0.036967,0.011107,-0.079673,0.015511,0.18097,0.10957,-0.075389,-0.14443,-0.062555,0.073357,0.13211,0.12528,0.089336,0.042608,0.0026118,0.011103,0.059614,0.11255,0.158,0.1815,0.071021,-0.030824,-0.040561,-0.012554,0.016099,0.084395,0.15463,0.88791,0.097503,-0.33433,-0.33189,-0.35424,-0.404,-0.42032,-0.23437,-0.025447,-0.036344,-0.028397,0.043129,0.14591,0.20004,0.17388,0.082488,-0.013336,-0.024095,0.024382,0.07773,0.11756,0.12771,0.081307,0.029231,0.074242,0.10461,-0.0076594,-0.13179,-0.14391,-0.13089,-0.059756,0.34849,0.46868,0.23561,-0.018935,-0.10877,-0.085345,-0.03982,-0.059284,-0.14894,-0.17283,-0.11386,0.065604,0.23917,0.32203,0.3665,0.42137,0.47659,0.50741,0.42481,0.19166,-0.17278,-0.5042,-0.64416,-0.62997,-0.55272,-0.43184,-0.32594,-0.24036,-0.14059,-0.028398,0.075507,0.11433,0.10163,0.076722,0.048695,0.064055,0.070244,0.074065,0.13902,-0.018796,-0.029774,-0.099031,-0.19118,-0.19601,-0.10995,-0.073629,-0.11139,-0.10167,-0.06277,-0.049686,-0.067692,-0.077097,-0.10111,-0.12982,-0.11588,-0.050765,0.084859,0.21482,0.28925,0.32605,0.31222,0.24599,0.30213,0.34931,0.29863,0.26048,0.22884,0.30519,0.41218,-0.60068,-0.25439,-0.10159,0.1674,-0.44053,-0.2115,0.42977,-0.92689,-0.0083875,0.067738,0.81059,-0.4294,-0.18216,0.099509,0.16548,-0.1521,0.80764,-0.070601,-0.093013,0.32538,0.1113,-0.27496,-0.054176,0.049152,0.051764,0.1618,0.25988,0.26789,0.119,0.032897,2.5122,-0.91105,-0.039489,1.4285,-0.94971,0.27716,-0.27326,1.0932,-0.25087,0.61348,-0.35207,0.059463,-0.47188,-0.30882,0.064341,0.3688,0.40519,0.039653,-0.036978,0.24825,0.055653,0.020966,-0.31003,-0.47745,0.12383,0.089385,-0.27294,0.094341,0.40411,0.16494,2.4601,-0.44439,-1.2115,-0.35735,-0.060399,0.58495,-1.2066,0.0093235,-0.046884,0.11512,0.4579,-0.42922,-0.42754,0.6589,0.29117,-0.038387,-0.4346,-0.26925,-0.076857,-0.10616,0.015522,0.2949,0.039435,-0.16541,0.12447,0.039604,-0.46844,0.083543,-0.1624,-0.048881,-0.0026864,-0.98426,-0.17468,-0.17458,0.25979,0.93785,0.96903,-0.12633,0.16078,-0.23788,0.018447,-0.17926,-0.33929,0.09764,-0.20958,0.58684,-0.43099,-0.38451,-0.0719,0.054915,-0.21367,-0.10397,-0.29725,-0.084527,-0.10525,0.306,0.24522,0.23958,-0.087133,0.049291,2.5789,1.9194,-0.29926,0.39915,0.20101,0.75158,-0.27383,0.90382,-0.19437,-0.03709,0.45288,0.098907,0.029028,0.20471,-0.53323,-0.35462,0.23416,-0.31073,0.027505,-0.010221,-0.12277,0.22508,-0.13506,-0.49724,-0.27641,-0.074235,-0.054781,-0.092315,0.12251,0.11675,-0.2446,-0.82026,0.10791,-0.21743,0.42881,-1.1332,0.031035,0.28755,0.35119,-0.23496,-0.27429,-0.014612,-0.55552,0.19723,0.027797,0.11611,-0.47016,-0.20181,-0.12712,0.27452,0.21987,-0.18761,-0.36802,0.17666,0.053565,-0.2758,-0.057359,0.039666,-0.068595,0.17857
0.37176,0.51666,0.27387,-0.12924,-0.21911,0.10751,0.30121,0.27368,0.20609,0.15736,0.11422,0.068699,0.057247,0.086004,0.12445,0.15264,0.14943,0.084433,-0.003113,-0.068902,-0.076625,-0.012287,-0.0021066,-0.12594,-0.31172,-0.33616,-0.069346,0.13093,0.093386,0.027063,0.20114,0.18463,0.3832,0.28633,0.13394,0.18838,0.17501,0.10314,0.075024,0.062836,0.01419,-0.025261,-0.052221,0.0034675,0.001929,-0.065696,-0.053798,-0.012862,0.015826,-0.0047724,-0.014322,-0.073515,-0.082621,0.0071048,0.015331,-0.031364,-0.10074,-0.15699,-0.19467,-0.22257,-0.23333,-0.20888,-0.16417,-0.13101,0.10037,0.25599,0.24744,0.1464,0.0096644,0.080567,-0.078695,-0.24618,-0.22389,-0.15281,-0.10477,-0.090369,-0.10254,-0.096649,-0.1326,-0.13639,-0.058278,-0.0109,0.075319,0.16441,0.1765,0.15552,0.14625,0.15884,0.15353,0.1642,0.18557,0.12896,0.12765,0.20572,0.2015,0.094863,0.0098225,-0.017294,0.17305,0.36408,-0.19475,-0.37975,-0.33981,-0.28855,-0.25706,-0.33206,-0.49477,-0.36829,-0.081279,-0.071429,-0.045458,0.041419,0.13622,0.19175,0.21965,0.20964,0.17805,0.23942,0.29097,0.25178,0.25171,0.29425,0.29399,0.18427,0.024329,-0.014154,0.079678,0.12141,0.14668,0.16099,-0.26865,-0.42909,-0.13088,-0.125,-0.31797,-0.4497,-0.42686,-0.34469,-0.22259,-0.14792,-0.16138,-0.18879,-0.1698,-0.03643,0.13049,0.2157,0.24821,0.28414,0.30341,0.2658,0.13472,-0.16154,-0.46562,-0.59489,-0.57549,-0.50075,-0.41263,-0.33125,-0.26612,-0.23882,-0.18226,-0.12539,-0.056354,0.010827,0.15473,0.28232,0.30025,0.16568,0.043613,0.11113,0.022305,-0.00081185,0.003061,-0.0050355,0.0042896,0.035114,-0.054846,-0.13583,-0.098462,-0.091804,-0.13662,-0.19802,-0.15305,-0.082754,-0.13463,-0.16124,-0.10235,-0.024598,0.01959,0.1138,0.14834,0.35061,0.49213,0.42611,0.3176,0.30443,0.29652,0.24192,0.44412,0.65577,-0.4067,-0.015984,-0.94607,0.19389,-0.34313,0.26731,0.19417,-0.54301,-0.86883,0.40819,0.89106,-0.16161,-0.29249,0.031846,-0.22463,0.22116,0.42604,0.54309,0.16849,0.017562,-0.0032361,0.26172,-0.11448,-0.21822,-0.036413,0.019295,-0.049165,-0.1799,0.10835,0.012117,1.465,-1.8124,-0.30328,-0.14197,-1.2352,0.31271,-0.86793,-0.042984,0.15206,0.50901,-0.054121,-0.14302,0.19352,0.39877,0.2611,0.053279,-0.52939,0.29044,-0.27829,0.027425,0.23162,0.11532,-0.20881,-0.43552,-0.029506,0.03167,-0.084802,0.070233,-0.030868,0.24717,2.4295,-1.1665,-0.12571,-0.56306,-0.58473,1.3065,-0.36496,-0.84679,-0.17537,-0.25884,-0.13067,0.14063,-0.36502,-0.31032,0.15465,0.20907,0.42699,-0.017453,0.081579,0.047044,-0.4429,-0.15235,0.2704,0.17041,0.19523,-0.16297,0.20244,0.19071,-0.29235,0.10586,-0.064264,-0.53399,0.36603,0.44298,0.48361,0.69666,0.40835,0.84214,0.33563,-0.3562,-0.24068,0.06709,-0.12864,-0.26312,0.27247,0.24158,0.21207,-0.13659,0.30297,-0.33505,0.18962,0.10351,0.14674,-0.16067,0.2848,-0.14233,-0.055651,-0.16308,0.26114,-0.015509,2.5763,1.5045,0.57759,0.6479,-0.39616,-0.071687,-0.26125,0.8948,-0.027465,-0.24942,0.10266,0.46251,-0.35849,0.31208,-0.28616,0.38746,-0.13476,0.052658,0.24412,0.24907,-0.16608,0.22637,-0.1279,-0.18521,-0.34456,0.10921,0.35372,-0.22144,-0.50951,0.26378,-0.19944,-0.62562,-0.48734,-0.30585,-0.28748,-0.4635,-0.079644,0.24334,-0.36489,-0.13133,-0.07273,0.33677,0.21971,0.12521,0.31612,0.207,-0.22904,0.26492,-0.072421,-0.016306,0.25398,0.13595,0.35587,-0.23043,-0.081612,-0.0834,0.2216,0.064183,-0.068045,-0.11702
0.34264,0.46281,0.40891,0.21004,-0.022455,-0.018312,0.15861,0.19231,0.094696,0.059273,0.078226,0.063264,0.072941,0.083,0.07571,0.020329,-0.042323,-0.057038,-0.026441,0.046946,0.080702,0.026267,-0.01949,0.088684,0.13506,0.023014,0.02172,0.08181,0.23845,0.37561,0.28364,0.10346,-0.061194,-0.032383,0.07455,0.14388,0.14411,0.079758,0.019815,-0.029648,-0.081026,-0.067948,-0.043126,-0.055492,-0.089728,-0.12968,-0.1265,-0.078786,-0.036512,-0.058053,-0.12085,-0.10256,0.016892,0.097788,0.092089,0.033988,-0.042637,-0.091335,-0.10617,-0.10227,-0.13084,-0.15719,-0.13552,-0.12714,-0.13217,-0.072774,-0.0072699,0.006613,0.036968,0.087717,0.073203,0.024325,0.055736,0.092498,0.093424,0.1194,0.19691,0.26798,0.2186,0.066333,-0.010909,0.0073456,0.017091,0.084733,0.17543,0.18878,0.17059,0.1636,0.11335,0.084565,0.10196,0.11864,0.017704,-0.058657,-0.012181,0.024369,0.066545,0.039932,0.12136,0.25123,-0.46692,-0.38849,-0.22569,-0.31083,-0.4046,-0.2875,-0.26148,-0.36332,-0.35043,-0.21229,-0.039688,0.041006,0.11217,0.14592,0.12459,0.11012,0.10387,0.093933,0.16744,0.26756,0.3088,0.28064,0.22076,0.23178,0.2118,0.14669,0.16045,0.18916,0.11594,0.0034251,-0.032358,0.17048,0.152,-0.076195,-0.33198,-0.42586,-0.39889,-0.34374,-0.2697,-0.18631,-0.087576,0.0089489,0.087755,0.11195,0.092561,0.093557,0.14014,0.21621,0.27043,0.23092,0.071702,-0.19617,-0.45047,-0.53618,-0.47998,-0.3715,-0.27175,-0.20105,-0.12175,-0.037809,0.052338,0.14643,0.21215,0.25377,0.22881,0.16031,0.031391,-0.11684,-0.11991,-0.071315,-0.059397,-0.16961,-0.25983,-0.23747,-0.21133,-0.1681,-0.13011,-0.12085,-0.11953,-0.099,-0.042904,-0.033089,-0.090049,-0.049941,0.0084465,-0.031058,-0.0064518,0.012095,0.090873,0.17063,0.16724,0.13418,0.19064,0.20096,0.15675,0.18991,0.20695,0.37001,0.6327,0.75269,-0.57792,-0.78074,0.24197,-0.11682,0.041201,0.30929,-0.19771,-0.22212,-0.72687,0.39752,0.68428,0.064534,-0.45576,0.055507,0.14918,0.18838,0.34005,0.54294,0.10594,0.038473,0.07009,-0.1766,0.17602,0.011429,-0.080577,-0.079399,-0.20471,0.11453,0.19614,0.20047,2.6343,-0.058652,0.54241,1.4777,-1.1014,-0.39378,0.50859,0.071793,0.85263,0.091393,0.034183,-0.11105,-0.13444,0.18845,0.19147,0.20335,0.043206,0.18889,-0.31148,-0.12121,0.25271,0.057269,0.010463,-0.15102,-0.12067,0.38388,0.18765,-0.02822,-0.19372,-0.068167,2.4959,-0.28531,-0.66552,0.38162,-0.5357,1.2757,-0.46721,-0.75143,0.6693,0.18232,0.27507,0.14392,-0.16158,0.11988,-0.014958,0.17088,0.15889,-0.035266,-0.05356,-0.079262,-0.072921,-0.23976,0.11434,0.18282,0.15159,0.088477,0.1276,0.051565,-0.042916,-0.16267,-0.00033949,-0.54215,-0.75663,-0.17923,-0.17069,0.34946,0.66405,1.0474,0.080634,0.23581,0.01641,0.14474,-0.091481,0.14532,0.42845,0.14084,-0.13009,-0.061828,0.024464,-0.11377,-0.13012,0.00031237,0.11779,0.032399,0.31645,0.17265,-0.12319,-0.11921,-0.063372,-0.14179,2.6094,1.3672,-0.46531,-0.045458,0.00036467,-0.092583,0.54079,0.90609,-0.35266,-0.31432,-0.37995,0.028756,-0.34915,0.62066,-0.18197,0.19789,0.1278,0.11708,0.080385,0.31053,0.028949,-0.019858,0.076158,0.035258,0.14782,0.25104,0.14402,0.23993,-0.04528,-0.058853,-0.083593,-0.36217,0.55134,-0.075797,0.51177,0.073442,-0.045718,0.34442,-0.13609,0.34844,-0.47355,0.39433,0.050064,0.033015,0.087376,0.28933,-0.088883,0.051625,-0.19229,-0.012337,-0.019589,-0.01046,0.1946,-0.15662,-0.15982,-0.12751,0.096519,-0.14185,-0.22846,-0.061782
0.58733,0.57184,0.27731,-0.10623,-0.28448,-0.20367,-0.053449,0.03518,0.041684,0.046235,0.08554,0.13835,0.18304,0.17244,0.11408,-0.0099223,-0.13848,-0.18818,-0.16585,-0.091339,-0.018265,-0.021118,-0.17782,-0.24479,0.0033077,0.19993,0.12879,0.025718,0.0049611,0.0043116,0.12764,0.28414,0.39556,0.25734,0.14747,0.20852,0.20085,0.13126,0.06428,0.0082214,-0.047141,0.070382,0.16845,0.14072,0.12962,0.13605,0.032499,-0.074832,-0.029215,-0.067724,-0.16548,-0.10753,0.074188,0.16918,0.18414,0.14004,0.063992,-0.065439,-0.16922,-0.17328,-0.16011,-0.13898,0.066624,0.21189,0.15649,0.12824,0.18187,0.17231,0.10961,0.02374,-0.18333,-0.27412,-0.27172,-0.22037,-0.097771,0.084338,0.18373,0.09083,-0.025955,-0.048994,-0.014057,-0.0038105,0.039332,0.12614,0.17028,0.16664,0.15961,0.077086,0.029279,0.05637,0.070177,0.072917,-0.088323,-0.23315,-0.22088,-0.1764,-0.16091,-0.13022,0.027449,0.12965,-0.75517,-0.53179,-0.24862,-0.15622,-0.12926,-0.1063,-0.16208,-0.28852,-0.35446,-0.20264,0.16118,0.36176,0.41012,0.35077,0.22871,0.12067,0.043572,0.0069409,0.037739,0.10568,0.16879,0.14306,0.023137,-0.039043,0.051338,0.10234,0.097953,0.043573,0.063236,0.13981,0.047503,-0.033424,-0.047609,-0.25588,-0.50384,-0.61681,-0.56834,-0.46606,-0.37126,-0.28406,-0.1883,-0.010269,0.24526,0.43087,0.47739,0.46096,0.47051,0.53852,0.62085,0.56427,0.31128,-0.16392,-0.61376,-0.80837,-0.81493,-0.7094,-0.51188,-0.32257,-0.19006,-0.087425,0.0062233,0.10304,0.2615,0.48215,0.62588,0.52967,0.31072,0.15295,0.1018,0.044692,-0.0064867,-0.0047752,-0.15762,-0.28411,-0.27678,-0.21806,-0.15379,-0.13012,-0.10704,-0.1066,-0.079243,-0.058242,-0.005197,0.041782,-0.024688,-0.031136,-0.025737,0.08219,0.22341,0.26717,0.24369,0.17512,0.18378,0.1461,0.080511,0.097408,0.12183,0.15726,0.26764,0.36248,-0.58241,0.6298,-0.36252,0.25674,-0.2574,0.059376,0.18228,0.74114,-0.37208,0.27488,0.54984,-0.36508,-0.060998,0.066735,0.084195,0.27945,0.37373,0.27004,-0.046103,-0.13344,0.23504,0.027495,0.10785,-0.18713,-0.0015427,0.094822,0.11746,0.028703,0.23147,0.24813,2.7285,-1.1299,-0.86888,0.6481,-1.2941,-0.32847,0.53055,-0.18843,0.14667,-0.12769,-0.1664,-0.21458,-0.026169,-0.19982,0.25123,0.12927,0.12343,0.13528,-0.58998,-0.10705,-0.17627,0.2618,0.21163,-0.17495,0.049333,-0.26582,-0.063658,0.011057,-0.093112,0.27504,2.8214,-1.4934,-1.396,-0.47973,-0.47995,-0.24888,0.36343,-0.50391,0.43377,0.0033162,0.33181,0.1553,-0.26586,0.0596,-0.011672,-0.16614,0.12408,0.19951,-0.26606,-0.094123,-0.28256,-0.078658,-0.1993,-0.18464,-0.064031,0.18299,-0.3157,0.12581,-0.30081,0.05201,0.21805,-0.77158,0.85117,-0.056177,-0.08852,-0.10901,-0.2866,0.42779,-0.12919,0.0063558,-0.036938,0.08799,-0.17918,0.28424,0.11161,0.38494,0.089529,0.019247,-0.040086,-0.22612,0.18676,0.33314,0.01839,0.087174,0.0081995,0.21124,0.083506,0.021304,-0.092894,0.013421,2.8496,2.4412,0.42238,0.66378,-0.13263,-0.33345,-0.77716,-0.37428,-0.36286,-0.67054,0.13944,0.72983,0.12235,0.058873,-0.70642,-0.27837,-0.53233,-0.035013,-0.096596,0.030857,-0.12114,-0.0096735,-0.27986,-0.33398,-0.27395,-0.60946,0.049285,-0.1509,-0.10783,0.25698,0.25816,-0.95282,-0.92529,-0.029848,-0.052123,0.29131,-0.043687,-0.58522,-0.078153,0.1473,-0.037051,0.052806,0.09712,-0.31788,-0.085011,0.1673,-0.31696,0.20989,-0.24911,-0.12794,0.078703,-0.076358,0.038517,0.2269,-0.28704,0.031647,-0.099179,0.1582,0.02635,-0.12996
0.24179,0.1829,0.29113,0.077455,-0.067131,0.0083313,0.070573,0.13503,0.19599,0.14978,0.10011,0.079053,0.066987,0.064025,0.074121,0.052052,-0.0010794,-0.037262,-0.020443,0.018624,0.036858,0.00027585,-0.12174,-0.18418,-0.050328,0.13205,0.15861,0.080489,0.065306,0.14073,0.2271,0.22808,0.14942,0.098673,0.10327,0.10194,0.076918,0.0097574,-0.063117,-0.042437,-0.0040828,-0.022197,-0.034519,-0.043695,-0.055871,-0.060341,-0.020738,0.04714,0.078635,0.03061,-0.014641,-0.084227,-0.089888,0.004709,0.017479,-0.027917,-0.033976,-0.032236,-0.06119,-0.061393,-0.051738,-0.033803,0.00085647,0.026275,0.028879,0.031261,0.041491,0.065194,0.033231,-0.054088,-0.030594,-0.091388,-0.075655,-0.030448,0.061336,0.2243,0.27354,0.2502,0.26684,0.25789,0.16729,0.12674,0.13764,0.15601,0.13456,0.124,0.13128,0.13709,0.15137,0.00787,-0.091783,-0.074172,-0.084706,-0.13179,-0.16601,-0.17049,-0.18893,-0.13065,0.11341,0.28209,0.9473,0.15135,-0.27011,-0.35497,-0.33396,-0.31672,-0.40502,-0.31469,-0.15173,-0.12066,-0.019106,0.063948,0.064992,0.07413,0.10687,0.075203,0.021354,-0.0013798,0.021636,0.11542,0.18809,0.15323,0.105,0.073023,0.085458,0.1029,0.08778,0.08981,0.10995,0.13082,0.15344,0.31559,0.23127,-0.064998,-0.27933,-0.28157,-0.25111,-0.18056,-0.10822,-0.062749,-0.062973,-0.04742,0.010351,0.10044,0.20152,0.3086,0.4186,0.49237,0.48852,0.37397,0.14654,-0.19455,-0.50868,-0.6573,-0.65594,-0.5897,-0.41616,-0.20936,-0.087224,-0.057866,-0.046492,0.014292,0.13904,0.24423,0.24758,0.14493,0.05271,0.054192,0.027186,-0.0021035,0.042457,-0.13602,-0.2864,-0.27466,-0.24576,-0.19932,-0.17725,-0.16272,-0.15441,-0.15947,-0.16282,-0.051415,0.067551,0.010837,0.050963,0.1007,0.08798,0.10662,0.089498,0.24307,0.37336,0.33763,0.23497,0.21273,0.2124,0.16439,0.10623,0.12481,0.31452,0.46674,-0.401,-0.38695,0.050377,0.019811,-0.1192,-0.014133,0.19556,-0.24744,-0.72796,0.45547,0.62265,-0.34631,0.067804,0.081722,-0.14795,0.24896,0.36003,0.2323,0.20805,-0.4013,0.21552,-0.040409,0.095668,0.20059,0.087514,0.22454,-0.017699,-0.0027127,0.1688,-0.085184,1.1149,-2.3435,0.70908,-0.094065,-1.4208,0.1905,0.15162,-0.17479,0.079431,0.51366,0.083849,0.055003,-0.30293,0.11372,0.054359,0.32108,0.12577,0.027312,-0.23969,-0.14034,-0.22721,-0.10736,-0.047869,-0.043254,0.35794,-0.046782,-0.15799,0.3799,-0.020235,-0.067711,2.3785,-0.43486,-1.2373,-0.011769,0.20628,0.54074,-0.53352,-0.59647,0.74252,0.15539,0.038066,0.049429,-0.31872,0.10856,0.2041,0.11906,-0.072086,-0.22057,-0.21726,0.050313,-0.21861,0.27031,-0.17661,0.37394,-0.015166,-0.074364,-0.021538,-0.17541,-0.1116,-0.25043,-0.1624,-1.0177,-0.51983,-0.20929,-0.036851,0.53361,0.41396,0.5719,0.017733,0.031648,0.17581,-0.0003698,-0.093833,0.47634,0.22972,0.24659,-0.13537,0.017521,0.098462,0.29235,-0.0038504,-0.086268,-0.025957,-0.19568,0.15556,0.1508,-0.14826,0.09735,-0.071066,0.11982,2.5938,1.9108,-0.34172,0.11861,0.014656,-0.098272,-0.20285,0.55155,0.03267,-0.46364,-0.15495,-0.17765,-0.17232,0.45646,-0.26955,0.028796,0.087408,-0.042025,-0.18572,-0.23112,-0.26397,0.10816,0.092416,-0.16664,-0.17487,-0.22579,0.17183,-0.10752,-0.067536,0.13308,-0.30472,-0.83541,0.28352,-0.29967,0.43661,-0.066993,-0.074088,0.1677,0.069462,0.27484,-0.024359,0.28048,-0.16193,0.0026532,-0.072532,0.12325,-0.24895,0.13895,-0.39442,-0.042842,0.0037617,-0.02419,-0.028973,-0.095913,0.18933,-0.16348,-0.12258,-0.035483,-0.035796,0.33259
0.053121,0.10306,-0.0121,-0.16322,-0.19578,-0.098103,0.095254,0.23107,0.23637,0.19018,0.13036,0.10966,0.14717,0.17454,0.16452,0.11002,-0.043286,-0.17226,-0.18555,-0.14709,-0.09787,-0.097175,-0.18855,-0.34184,-0.44569,-0.36947,-0.10634,0.1259,0.12661,0.15559,0.13945,0.18833,0.26147,0.19725,0.19591,0.18876,0.14218,0.068761,-0.010174,-0.050005,-0.042929,0.015872,0.049604,-0.0066901,-0.076438,-0.095836,-0.073717,-0.044385,-0.053158,0.075006,0.15708,0.13688,0.082277,0.020908,0.040542,0.00069548,-0.071747,-0.016492,0.084054,0.10351,0.10702,0.1213,0.16261,0.20456,0.21663,0.21058,0.063214,-0.088134,0.010821,0.089418,0.081067,-0.19334,-0.45911,-0.49239,-0.36541,-0.24594,-0.098218,0.059323,0.06687,-0.066673,-0.15152,-0.099109,0.0094556,0.088883,0.12276,0.11575,0.085379,0.052426,0.044287,0.080176,0.11583,0.13551,0.12578,-0.0049856,-0.10546,-0.094281,-0.082798,-0.074638,0.002487,0.066337,-0.17212,-0.18205,-0.096642,-0.043576,-0.040274,-0.092595,-0.10151,-0.086735,-0.15204,-0.14931,-0.073623,0.09467,0.22912,0.24849,0.19808,0.096965,0.078946,0.10139,0.10269,0.13858,0.18227,0.17744,0.084122,-0.080937,-0.18042,-0.11539,-0.13489,-0.25051,-0.24561,-0.20694,-0.086914,0.29447,0.34277,0.043099,-0.17342,-0.1715,-0.11557,-0.043166,0.043233,0.092822,0.058167,-0.040675,-0.059941,0.005156,0.093223,0.20702,0.30838,0.32371,0.26458,0.23278,0.18374,0.044345,-0.1867,-0.33986,-0.36989,-0.31207,-0.17218,0.00025823,0.026897,-0.10242,-0.14316,-0.073737,0.02343,0.12539,0.20977,0.20953,0.10824,0.091269,0.24553,0.25615,0.19748,0.0087185,-0.054004,-0.030887,-0.094,-0.11078,-0.097672,-0.092416,-0.080183,-0.037928,-0.015041,-0.018204,-0.01967,-0.066667,-0.13116,-0.16153,-0.15201,-0.099743,0.039174,0.18984,0.23542,0.20426,0.10762,0.054597,0.039736,0.014867,-0.014886,-0.03223,0.064657,0.17132,-0.73547,-0.87751,-1.0584,-0.025398,-0.68865,-0.31586,1.2903,0.12035,0.1039,0.098924,0.96805,-0.16839,-0.46973,0.069039,0.40298,-0.54552,0.18316,0.30664,-0.055008,-0.15452,-0.23132,-0.38237,0.37359,0.24747,-0.12281,-0.19436,0.3461,0.015813,0.37571,-0.39702,2.5746,0.14368,-0.12339,0.010247,-1.0356,0.12443,0.40507,0.62521,-0.82366,0.32861,-0.076227,0.26249,0.161,0.050159,0.22513,-0.38623,0.095899,0.077799,-0.073265,-0.012458,0.16625,-0.063048,-0.32993,0.036832,-0.22553,0.46557,-0.26658,0.41995,-0.081777,-0.14122,2.5443,-0.26401,-0.25407,-1.0535,0.19903,0.084085,-0.76536,-0.10624,-0.28016,-0.46229,0.22719,0.16718,-0.17393,0.2912,-0.38641,-0.082364,-0.14571,-0.084936,0.10339,-0.21358,-0.32168,-0.35048,-0.23304,0.55482,0.28241,0.40799,-0.051368,-0.14401,-0.15088,-0.16672,0.12059,0.62541,0.058745,0.48095,0.16507,0.73507,-0.21051,-0.66859,0.1876,-0.18643,-0.61122,0.058707,0.099421,-0.092692,-0.11149,0.26051,0.031866,0.11281,-0.25599,-0.13879,0.018743,-0.35074,0.04374,-0.14835,0.14242,-0.069791,-0.10777,-0.28164,-0.19144,-0.06334,3.5206,-0.089207,0.47718,0.44272,0.35397,0.2453,-1.2912,-0.091874,-0.052104,0.26133,0.4682,0.72795,-0.26637,0.062855,0.023797,-0.059008,-0.0035503,0.29103,-0.25867,-0.12162,-0.00040509,0.0016005,-0.32663,0.15726,0.076529,0.062977,0.25614,0.098749,-0.22424,-0.13233,0.042252,0.51867,-0.33453,0.079381,-0.14811,-0.88363,-0.0086525,-0.88522,0.46058,-0.42137,0.39905,0.1449,-0.15584,0.024327,-0.13156,-0.014806,-0.15011,-0.20102,0.10147,-0.26055,0.23125,0.30666,0.031335,0.085786,0.28337,-0.12821,0.23713,-0.031759,-0.13857,0.046061
0.021301,-0.0069859,0.42147,0.23979,0.045978,0.022286,0.064582,0.068601,0.085974,0.085562,0.057179,0.073908,0.10012,0.087508,-0.055852,-0.19014,-0.24504,-0.30668,-0.32907,-0.23962,-0.15263,-0.1774,-0.21766,-0.22043,-0.15301,-0.053636,0.027524,0.13223,0.2674,0.2936,0.01863,-0.15387,-0.11009,-0.0035986,0.16354,0.21075,0.19035,0.10833,0.092123,0.1056,0.12221,0.17054,0.17153,0.23304,0.27899,0.10982,-0.045638,-0.036111,-0.084652,-0.15976,-0.19565,-0.14195,0.021233,0.12212,0.13054,0.083609,0.015887,0.069273,0.14358,0.14325,0.12835,0.11345,0.19449,0.27502,0.11844,-0.070065,-0.05764,-0.025501,0.070009,0.080726,0.05076,-0.10459,-0.42109,-0.59121,-0.62249,-0.52705,-0.33019,-0.14299,-0.28102,-0.51798,-0.39578,-0.057114,0.076361,0.11925,0.18337,0.18253,0.15237,0.14125,0.077161,0.042369,0.080813,0.11902,0.14082,0.070898,0.043101,0.1122,0.036094,-0.082312,-0.0059904,0.082601,1.1583,0.40212,-0.30898,-0.32214,-0.21881,-0.14098,-0.21841,-0.28284,-0.20014,-0.0026772,0.12135,0.219,0.2554,0.20302,0.12748,0.087282,0.051871,0.010109,-0.0073731,-0.055904,-0.12548,-0.16593,-0.21109,-0.22216,-0.17385,-0.12733,-0.12711,-0.15519,-0.21017,-0.22811,-0.041004,0.48127,0.63332,0.3271,-0.013792,-0.16805,-0.16367,-0.077514,0.11726,0.28363,0.25219,0.05176,-0.096135,-0.0559,0.040687,0.15997,0.26696,0.28277,0.25116,0.23943,0.28143,0.08613,-0.28407,-0.46018,-0.45668,-0.38359,-0.26484,-0.12588,-0.03435,-0.067073,-0.15701,-0.18164,-0.15872,-0.15839,-0.20605,-0.36759,-0.4874,-0.36756,-0.10424,0.08691,0.18831,0.11893,0.11627,0.20419,0.22667,0.20331,0.16055,0.081859,-0.024051,-0.0019964,-0.095316,-0.1814,-0.1337,-0.088463,-0.013983,-0.035438,0.0086202,0.036462,0.10386,0.18938,0.22732,0.22468,0.1679,0.17974,0.22888,0.23696,0.22082,0.18781,0.27635,0.3955,-0.69854,-0.88134,-0.16837,-0.036578,-0.93354,-0.91867,1.4531,-0.90009,0.23973,-0.67569,0.79472,-0.18173,0.11152,0.096647,0.0036362,-0.28291,-0.084567,0.17088,-0.09917,0.58781,0.12459,-0.20203,0.50477,0.20646,0.048791,-0.15994,0.29821,0.32979,-0.016841,0.26601,2.3759,-0.28973,0.26962,0.44182,-1.4678,0.11875,0.51489,2.1533,-0.36461,0.37241,0.047722,0.55895,-0.092257,-0.45633,-0.12988,0.279,0.43356,-0.035571,0.44854,-0.26589,0.36659,0.20121,-0.54747,0.1678,0.27063,0.48652,-0.31197,-0.083824,0.13242,0.25217,2.2569,-0.16995,-0.70642,-0.21596,0.20778,-0.66338,-1.8141,0.32072,-0.71044,0.046485,0.15322,0.028167,0.44002,-0.34097,0.016468,0.23124,-0.58512,-0.21488,0.26731,0.18979,0.15371,-0.075207,0.036434,0.43004,0.21488,0.23736,0.15512,0.10829,-0.20476,-0.10267,-0.16573,-0.091612,-0.40411,-0.3605,0.3731,0.97155,1.1048,-1.3658,-0.052218,0.03252,-0.56555,-0.024522,-0.039054,-0.63448,-0.098242,0.05379,-0.22294,-0.03523,0.19772,0.077462,-0.032552,-0.41252,-0.34944,0.083546,0.1752,0.28878,-0.055775,0.39701,-0.19303,-0.4534,3.3194,-0.016173,0.20102,-0.14488,1.0357,1.2013,-1.1775,0.73184,-0.56031,0.34009,0.18077,-0.19246,0.67513,-0.39912,0.20877,0.013802,0.80066,-0.2004,-0.27381,-0.09259,-0.0054322,-0.55548,0.25373,0.021915,0.47456,0.36291,0.51726,-0.34594,-0.12263,0.19272,-0.27106,0.13873,0.12117,-0.10954,0.56208,-1.5421,0.61774,-0.85055,-0.1981,-0.61112,0.018762,-0.31966,-0.78304,0.44442,-0.11316,0.21897,-0.5095,0.061442,0.60485,0.079077,-0.39565,-0.19766,-0.10507,-0.1489,0.38526,-0.076847,0.30916,-0.43533,0.2306,-0.11903
0.68458,0.76194,0.48434,0.27958,0.4017,0.39393,0.25491,0.1875,0.15525,0.10314,0.063906,0.050325,-0.053369,-0.16803,-0.20248,-0.21691,-0.13556,-0.04358,-0.042646,-0.0075705,0.023735,0.015845,-0.014203,0.070199,0.21149,0.19858,0.017052,-0.12755,-0.11276,-0.02692,0.037578,0.048879,-0.13323,-0.18632,-0.10431,-0.0076836,0.026047,0.01174,-0.036069,-0.075849,-0.1158,-0.08059,-0.037757,-0.047049,-0.07473,-0.10384,-0.089746,-0.041048,-0.0076615,-0.038107,-0.10706,-0.098165,-0.0013754,0.077197,0.089138,0.050552,-0.012157,-0.046444,-0.050295,-0.046245,-0.035548,-0.020517,-0.0081399,-0.037709,-0.069908,-0.055732,-0.032206,-0.057248,-0.071166,0.021096,-0.052279,-0.22274,-0.24299,0.0021721,0.14923,0.12764,0.21543,0.37239,0.36038,0.15961,-0.016694,-0.021377,0.047362,0.090749,0.11113,0.1187,0.12324,0.12015,0.069373,0.044985,0.068225,0.085962,0.090601,0.067126,0.016073,0.043968,0.095477,0.035051,0.15142,0.30791,-0.47478,-0.46945,-0.36481,-0.3131,-0.32948,-0.38287,-0.27267,-0.075197,-0.080028,-0.037836,0.016018,0.059036,0.12683,0.11909,0.062462,0.065158,0.04061,0.00015469,0.0078692,0.038988,0.067122,0.05521,0.066502,0.18495,0.23525,0.18739,0.14432,0.12819,0.16127,0.1622,0.18363,-0.062543,-0.13857,0.1118,-0.15286,-0.21577,-0.22525,-0.18179,-0.16723,-0.17166,-0.14631,-0.12623,-0.068401,0.026588,0.084323,0.13586,0.19614,0.26233,0.29885,0.25179,0.11626,-0.059174,-0.24583,-0.35688,-0.36539,-0.31177,-0.19794,-0.10311,-0.07468,-0.063318,-0.026648,0.031323,0.061466,0.020768,-0.061022,-0.17393,-0.21313,-0.18829,-0.11202,0.0018989,-0.13699,-0.21103,-0.17118,-0.18361,-0.1744,-0.15703,-0.13293,-0.11889,-0.1248,-0.11162,-0.034727,0.057497,0.055516,-0.015962,-0.063358,-0.059252,-0.032168,-0.03635,0.046385,0.14824,0.17624,0.15126,0.082716,0.033083,0.19051,0.34389,0.32197,0.42301,0.67055,0.80118,-0.25269,-1.0736,0.11983,-0.16427,0.27828,0.30068,-0.48755,-0.78163,-0.40367,0.24468,0.54422,0.37609,-0.060403,0.42215,0.32402,0.070449,0.39077,-0.34209,0.2633,0.387,-0.19911,-0.27945,-0.15711,0.22053,0.2583,-0.099603,0.024083,0.24225,0.03446,0.092738,1.317,-1.7243,1.2008,0.13155,-1.6312,0.23437,-0.69842,0.10584,0.62699,-0.041289,-0.055901,0.12871,-0.5923,-0.11674,-0.10713,0.21716,0.47951,-0.021388,0.034349,-0.21738,0.15129,0.22509,-0.46986,-0.16059,0.12629,0.38954,-0.42803,0.21534,0.16013,0.092038,2.2392,0.094478,-1.4129,0.35995,-1.299,-0.036491,-0.64749,-0.57826,0.077464,1.0862,-0.38683,0.099355,0.17677,0.32974,0.2207,0.020883,-0.57642,0.076518,0.36153,0.032575,-0.13921,0.44141,0.056914,0.23705,0.3345,0.20324,0.45868,-0.15001,-0.26457,-0.084704,-0.14999,-0.42637,-0.95014,-0.12945,-0.014902,0.40989,1.2554,1.0213,-0.37826,-0.11014,0.3108,0.086817,-0.16096,-0.088406,-0.13049,0.037784,-0.34087,-0.27175,0.065113,0.13986,-0.046125,-0.42201,-0.39575,0.010246,0.28148,0.48935,0.12344,-0.083275,0.019147,-0.15846,2.3148,1.4002,-0.86476,-0.023928,-0.77647,-0.049869,0.21567,1.1148,-0.15833,-0.48014,-0.076151,-0.24634,0.2879,-0.14829,-0.0814,-0.36212,0.22625,-0.12275,-0.029493,0.17609,-0.039906,-0.16278,-0.17013,-0.14243,-0.098407,0.34665,0.16063,0.082107,-0.40687,0.059729,-0.28224,-0.26489,0.82852,-0.138,0.51909,-0.29351,0.31107,0.75902,-0.21944,0.52558,-0.64429,-0.026302,0.039169,0.24757,-0.051268,-0.037455,-0.15553,0.033849,0.12005,0.22321,-0.23488,-0.002724,-0.25835,-0.0040789,0.30504,-0.14218,0.13843,-0.22567,-0.2559,0.14303
-0.44387,-0.3493,-0.33234,-0.42794,-0.42447,-0.31959,-0.28125,-0.26447,-0.20027,-0.21313,-0.22142,-0.198,-0.21985,-0.28124,-0.36235,-0.2098,0.051931,-0.0077426,-0.021276,0.0062798,0.03503,0.048545,0.030983,-0.0455,-0.1365,-0.2258,-0.32431,-0.42096,-0.53625,-0.71118,-0.8814,0.30568,1.1414,1.5394,1.3901,0.60117,0.37336,0.18586,-0.0923,-0.41437,-0.48864,0.03433,-0.055297,-0.073833,-0.037038,0.022951,0.29122,0.53935,0.51982,0.42268,0.50373,0.56216,0.34,0.25444,0.30349,-0.11465,-0.45565,-0.37651,-0.29454,-0.21119,-0.2922,-0.46384,-0.44647,-0.43861,-0.4391,-0.43337,-0.3505,-0.46343,-0.91073,-1.1889,-1.1442,-1.038,-0.84507,-0.679,-0.69252,-0.67027,-0.59796,-0.58163,-0.59016,-0.56637,-0.54081,-0.47839,-0.46487,-0.46487,-0.41466,-0.36877,-0.33568,-0.3749,-0.41926,-0.37854,-0.34354,-0.36205,-0.38433,-0.4007,-0.40482,-0.38419,-0.39784,-0.46026,-0.45255,-0.42305,-0.075773,0.20934,0.52748,0.57774,0.57516,0.52051,0.38835,0.23911,0.11535,-0.066333,-0.29213,-0.4586,-0.53618,-0.54586,-0.51875,-0.4877,-0.45162,-0.50326,-0.51181,-0.48773,-0.46184,-0.35349,-0.29702,-0.38139,-0.46481,-0.51958,-0.46412,-0.4025,-0.50583,-0.7627,-0.65376,-1.6329,-2.0006,-1.6697,-0.66164,0.62619,0.71775,0.8425,1.0186,1.1815,1.1277,0.1534,-0.94479,-0.98467,-0.88145,-0.72791,-0.64774,-0.58905,-0.5015,-0.53033,-0.44251,0.035108,0.47212,0.79639,0.98164,1.5911,1.5028,0.63798,0.72453,0.80463,0.72628,0.57847,0.63329,0.63256,0.55882,0.4142,0.66352,0.96634,1.0132,0.73936,0.50398,0.39832,0.40936,0.45555,0.47083,0.48722,0.50399,0.47185,0.42913,0.4157,0.39322,0.33724,0.25204,0.24558,0.32985,0.36853,0.29093,0.058193,-0.11332,-0.10704,-0.092726,-0.17896,-0.29118,-0.37154,-0.34601,-0.29847,-0.37577,-0.51237,-0.56428,-0.546,-0.05936,1.4522,-4.348,-0.1371,-0.19671,0.75276,-0.90324,-0.25729,-3.5011,-0.31145,-0.37568,-3.6915,1.4039,0.061321,3.4194,1.1529,-0.074424,-0.075954,-1.2696,0.5242,-1.1574,1.1074,0.53869,-0.35603,-0.27865,-0.61064,-0.15844,0.84358,-0.45881,-0.22797,1.9561,0.61386,-1.9432,-0.56304,-0.23088,0.39449,-2.1202,-2.672,2.3555,3.896,1.0388,1.5931,-0.0007358,-4.4657,1.396,-0.7714,-0.21043,-0.021552,-0.15687,-1.2545,0.80587,0.90928,0.25238,-0.088099,-0.14178,-0.20653,0.50725,0.2744,-0.48206,-0.26769,-0.39826,-3.1665,1.4514,1.8102,4.0584,-2.2878,-2.693,-0.33681,4.0547,1.7441,1.1831,-0.34201,-0.0010352,-0.1146,0.48532,0.16386,-0.069991,0.34369,0.98555,0.35237,-0.64525,-0.49936,-0.17406,0.016069,1.003,0.15225,-0.36925,-0.43067,-0.27517,-0.046982,0.11677,1.3707,2.0373,1.4535,0.45042,-0.18754,-0.4977,3.3155,4.4314,-1.7838,1.1101,-2.7622,-3.4375,0.021093,-1.6355,0.67263,1.4506,1.2416,0.063074,-0.80455,0.33691,0.75092,-0.24518,0.17374,0.21759,0.45715,0.70428,-0.0064988,-0.37979,-0.23703,2.5439,-0.040316,3.072,1.692,-0.91226,-2.9827,1.1658,0.8815,-0.23759,-0.98678,5.5118,-2.7044,-0.61802,-0.4044,0.078332,1.0244,1.0563,1.2306,-0.05849,0.89516,-0.8781,-0.52615,-0.16072,0.44385,-0.65547,-0.15254,-0.20803,0.059881,0.16304,0.18571,0.057518,0.99595,-1.9709,-0.11315,-2.1193,2.6585,-1.537,5.5809,0.64487,-1.95,0.43724,-2.0771,-1.5781,-0.62275,-0.021187,0.15655,-0.17735,0.51908,0.62156,0.046478,0.051229,-0.46566,0.45844,0.32566,-0.51819,0.37113,0.099278,0.62757,0.043486,-0.034175
0.64928,0.66593,0.4265,0.055662,-0.090802,-0.0054667,0.053208,0.1569,0.23429,0.18503,0.12331,0.081699,0.089717,0.12831,0.12798,0.078571,-0.0034876,-0.064539,-0.070035,-0.038019,-0.0026334,-0.0064246,-0.10346,-0.20824,-0.095449,0.064352,0.032223,-0.048249,-0.059672,0.035633,0.20813,0.27517,0.29993,0.18898,0.091017,0.12765,0.10847,0.051632,0.046553,0.037339,-0.016477,-0.046809,-0.035966,-0.022382,-0.043411,-0.056561,-0.017852,0.044291,0.027117,-0.060494,-0.15076,-0.17794,-0.081824,0.011849,0.020827,-0.029381,-0.10604,-0.16248,-0.18701,-0.19359,-0.18906,-0.056411,0.13851,0.18884,0.16375,0.1777,0.20925,0.058887,-0.092334,-0.14831,-0.35745,-0.37214,-0.17767,-0.0171,0.026559,0.019309,0.053717,0.085569,0.037442,-0.024965,-0.043628,-0.021407,0.10146,0.2287,0.24754,0.20975,0.17878,0.085065,0.03135,0.060158,0.079842,0.096078,0.047835,0.019678,0.043622,-0.024909,-0.04031,0.07505,0.27685,0.40405,-0.58768,-0.43716,-0.22933,-0.28266,-0.32689,-0.31351,-0.40672,-0.3367,-0.18533,-0.19895,-0.15838,-0.0525,0.141,0.26235,0.23429,0.14602,0.053951,0.0023161,0.063052,0.21436,0.3079,0.29856,0.2055,0.073594,0.087859,0.13797,0.12653,0.11786,0.12776,0.12897,-0.0049978,-0.11748,-0.19065,-0.26791,-0.28588,-0.33339,-0.2874,-0.2473,-0.26657,-0.30858,-0.25669,-0.12997,0.063788,0.21243,0.27991,0.3585,0.44974,0.48601,0.4763,0.40483,0.17528,-0.18701,-0.5121,-0.64611,-0.61631,-0.52115,-0.37523,-0.23207,-0.13664,-0.092209,-0.04119,0.00058859,0.20666,0.5297,0.5995,0.40726,0.2188,0.1067,0.12348,-0.080317,-0.22102,-0.18832,-0.20626,-0.21049,-0.20192,-0.18349,-0.15592,-0.13641,-0.12017,-0.10588,-0.11049,-0.15733,-0.10104,-0.012037,-0.067354,-0.057923,-0.041318,0.057745,0.19607,0.25459,0.24742,0.20069,0.28438,0.32156,0.24903,0.32705,0.34069,0.28212,0.40524,0.51965,-0.61389,0.11592,-0.41293,0.039639,-0.3937,0.3759,-0.11229,-0.23271,-0.69694,0.4384,0.56113,-0.076039,-0.28867,0.22866,-0.14691,-0.039553,0.67047,0.38603,0.11957,-0.21288,0.052769,-0.15541,-0.010019,-0.16739,0.2454,-0.11158,0.15156,-0.21604,0.17089,0.11613,1.4594,-2.2295,-0.15424,0.015385,-1.3007,0.42255,-0.9281,-0.39081,-0.025439,0.070517,-0.2246,-0.015758,-0.040096,0.4433,0.29908,0.11842,0.0013552,0.015772,-0.41502,0.31764,-0.003803,-0.081249,-0.40737,-0.33218,0.12414,-0.12961,-0.20494,0.094842,0.16282,0.21089,2.53,-1.062,-1.4235,-0.59753,-1.1652,-0.032441,-0.06642,-0.70426,0.11369,0.43526,0.10144,0.04517,-0.32378,0.43161,0.28734,0.099879,0.22075,-0.14705,0.33523,0.047526,-0.41076,0.053693,0.10047,0.042762,0.09168,0.12691,0.12208,-0.046091,-0.094038,-0.052618,0.04201,-1.0012,0.29182,0.32627,0.096081,0.39584,0.45334,0.87394,-0.023761,0.1891,0.25188,0.16127,-0.0022921,0.39422,0.20543,0.33255,-0.29374,-0.2725,-0.056213,-0.081731,0.011748,0.035108,-0.079,-0.13117,0.30565,0.17269,-0.074705,0.16462,-0.0059103,-0.17181,2.681,1.9878,0.37837,0.56359,-0.2275,-0.29685,0.071571,0.59881,-0.0028006,-0.10782,-0.16459,0.56811,0.0032243,0.37694,-0.5408,-0.1447,-0.19181,0.22391,0.20036,0.035391,0.012944,-0.13641,0.20302,-0.25287,0.065398,-0.065898,-0.12923,-0.24053,-0.0053669,0.10552,-0.042821,-0.90341,-0.44069,-0.23932,-0.042755,-0.064335,-0.15792,0.14109,-0.21374,0.35021,-0.30581,0.42714,0.059646,-0.045773,0.13317,0.14893,-0.26042,0.10668,-0.17028,0.13461,0.20641,0.019531,0.015919,-0.08988,-0.063698,-0.11191,0.021268,0.21732,-0.079813,-0.060606
0.21719,0.33312,0.17906,-0.16598,-0.34194,-0.24303,-0.066897,0.016288,0.087077,0.1359,0.10629,0.087545,0.068835,0.069753,0.085816,0.083242,0.048302,-0.043418,-0.11284,-0.076697,-0.014622,0.011472,-0.046914,-0.21403,-0.30336,-0.097307,0.14495,0.15956,0.11535,0.11438,0.24466,0.19223,0.18455,0.15793,0.12381,0.18807,0.17255,0.092158,0.22853,0.33933,0.27747,0.23095,0.17484,0.14162,0.13228,0.038824,-0.057632,-0.0058446,0.039822,0.025796,-0.043621,-0.1813,-0.22667,-0.13208,-0.1208,-0.16798,-0.1661,-0.15718,-0.19402,-0.21189,-0.2049,-0.15042,-0.090243,-0.069903,0.092068,0.20855,0.19914,0.22362,0.093431,-0.29752,-0.27547,-0.21721,-0.16484,-0.11741,-0.055191,0.090971,0.18606,0.093702,-0.028946,-0.074459,-0.05367,0.020004,0.13427,0.22038,0.22832,0.18877,0.15274,0.15395,0.15497,0.17557,0.2004,0.077006,-0.031311,-0.040362,-0.10906,-0.15558,-0.13251,-0.058717,0.16513,0.32098,-0.13815,-0.23353,-0.16241,-0.12951,-0.13641,-0.19046,-0.29696,-0.37097,-0.25157,-0.025363,-0.033477,-0.043775,0.016334,0.10353,0.13114,0.11528,0.077809,0.077626,0.092901,0.12398,0.24263,0.31575,0.25228,0.087726,-0.025283,0.058691,0.12397,0.12476,0.13611,0.10065,-0.12888,-0.32433,-0.41765,-0.489,-0.5364,-0.59009,-0.4801,-0.34602,-0.27741,-0.34549,-0.35813,-0.044457,0.31943,0.49934,0.48397,0.32528,0.22898,0.29252,0.3557,0.3492,0.20231,-0.13842,-0.48886,-0.65955,-0.65388,-0.57131,-0.4546,-0.33704,-0.2744,-0.22024,-0.12286,0.017079,0.15549,0.22737,0.33212,0.37091,0.36822,0.33069,0.10448,-0.11537,-0.038741,0.0041641,-0.051901,-0.10979,-0.091085,-0.10297,-0.11608,-0.096662,-0.075073,-0.065091,-0.032187,-0.045721,-0.090414,-0.12107,-0.1752,-0.19038,-0.099905,0.0098198,0.071953,0.17101,0.19459,0.34079,0.40502,0.2766,0.16535,0.12731,0.15091,0.2143,0.37486,0.5121,-0.27631,0.55641,-0.90741,0.32783,-0.056988,0.35484,-0.21148,0.48035,-0.43221,0.44854,0.8432,-0.28549,-0.11385,-0.35863,-0.23082,-0.21364,0.42552,0.24256,0.38549,-0.14629,-0.28948,0.1426,0.10964,-0.036792,0.12054,0.17646,0.24485,-0.014152,-0.11732,-0.069072,2.5414,0.38584,-1.1397,1.3378,-0.31196,-0.43437,0.55723,-0.45939,0.0049789,-0.34049,-0.22316,0.024413,-0.084937,-0.19101,0.40785,-0.029131,0.30292,0.38127,-0.51466,0.10134,-0.13057,0.16151,0.10108,-0.05952,0.49136,-0.21346,-0.14197,0.16246,-0.20533,0.18203,2.6578,-1.2688,-0.90867,-0.8795,-0.59368,0.79337,0.3046,-0.23964,0.41442,0.088584,0.36774,0.048547,-0.54761,0.022369,0.28019,0.22117,0.21942,0.26946,0.31208,-0.09536,-0.49615,-0.034088,0.12449,-0.0028579,0.41635,0.081811,-0.2415,-0.34465,-0.098674,0.066131,0.095376,-0.39116,0.71852,0.46563,-0.019547,0.13952,-0.16125,0.73656,-0.05253,-0.031921,0.051269,0.14796,-0.14817,0.43626,0.37778,0.44409,0.27792,-0.32022,-0.10741,-0.2711,0.31509,0.20424,0.15482,0.28519,-0.070122,0.23953,0.029571,-0.0081546,0.238,0.31084,2.7455,2.3073,0.54941,0.95759,0.20822,-0.37636,0.0037643,-0.29468,-0.33515,-0.978,0.57333,0.84211,-0.25051,0.19353,-0.21302,-0.18748,-0.25996,-0.48204,0.15597,-0.065345,0.20681,0.045891,-0.32135,0.22823,0.17036,-0.1934,0.1609,-0.00033592,0.15899,0.2484,0.095639,-0.66356,-0.82185,-0.12406,-0.42458,0.17761,-0.20268,-0.0087979,0.22517,0.54851,-0.15881,0.32022,0.085757,-0.25345,0.3525,0.1799,-0.32351,0.31521,-0.02259,0.22939,0.22564,0.1001,-0.014048,0.093822,-0.24928,-0.29218,-0.084193,0.28419,-0.066045,-0.01895
0.60715,0.60343,0.40815,0.11238,-0.066302,-0.040511,0.12899,0.25811,0.24143,0.1813,0.10279,0.077498,0.093516,0.098876,0.083952,-0.027965,-0.15521,-0.2021,-0.20911,-0.1728,-0.1483,-0.18513,-0.2861,-0.41569,-0.4381,-0.15686,0.1293,0.048978,-0.047871,-0.076547,0.0056856,0.15044,0.22766,0.16934,0.18096,0.19644,0.16325,0.10393,0.053035,0.026202,0.013584,0.11303,0.19967,0.18886,0.16818,0.05661,-0.014738,0.045443,0.072846,0.036535,-0.044287,-0.12195,-0.08272,0.012495,0.026105,-0.019539,-0.072984,-0.10967,-0.13672,-0.11527,-0.086108,-0.076265,-0.059154,0.092885,0.20424,0.21225,0.24796,0.27563,0.17903,0.0017623,0.010908,-0.32563,-0.72939,-0.69016,-0.07741,0.3788,0.37987,0.18586,0.048506,-0.0047579,-0.034668,0.035422,0.1497,0.20462,0.20559,0.19571,0.093584,0.018379,0.051084,0.094558,0.11514,-0.01424,-0.1254,-0.097806,-0.091887,-0.11002,-0.1278,-0.077377,0.14949,0.3003,-0.71567,-0.50934,-0.25413,-0.24187,-0.2842,-0.31748,-0.23969,-0.10216,-0.14182,-0.12602,-0.013593,0.11449,0.16557,0.16828,0.12508,0.13978,0.14891,0.11469,0.11458,0.14278,0.15689,0.11785,0.017361,-0.13089,-0.19099,-0.14372,-0.13672,-0.12312,-0.11289,-0.074498,0.0063116,0.26178,0.30228,0.048631,-0.19608,-0.18342,-0.10339,-0.052791,-0.02051,-0.015616,-0.01691,0.051342,0.17807,0.26946,0.32779,0.4008,0.46212,0.48164,0.45816,0.39046,0.23552,-0.099314,-0.46496,-0.63997,-0.65344,-0.58249,-0.44058,-0.28168,-0.13789,-0.063412,-0.035181,0.010781,0.056586,0.19203,0.3285,0.19837,-0.076609,-0.13211,-0.021974,0.012592,0.04253,-0.14812,-0.12742,-0.11468,-0.23985,-0.13788,-0.12249,-0.13911,-0.074154,0.0012282,0.0023573,0.057405,0.084175,-0.0027247,-0.032315,-0.053141,0.00086955,0.13717,0.26096,0.32266,0.30149,0.28226,0.25378,0.17884,0.15275,0.14374,0.12868,0.16996,0.31015,0.42426,-0.78079,0.0099788,-0.4064,0.38612,-0.52245,-0.12977,0.27549,-0.51927,-0.011351,-0.27604,1.0215,-0.39363,-0.075005,0.55409,0.096245,-0.2165,0.43159,-0.25028,0.0070327,-0.29796,-0.024887,-0.06201,0.10978,0.063222,-0.10229,-0.00031234,0.13374,-0.0010366,-6.9548e-05,0.0069625,1.64,-2.1688,-0.064544,-0.0070839,-1.377,0.40104,-0.30523,0.50503,-0.47796,0.53908,0.14463,0.60615,0.1187,0.054224,0.35255,-0.20663,0.41976,-0.10877,-0.35808,0.068534,0.097995,0.25589,-0.18337,-0.37565,0.062269,0.029465,-0.052745,0.35799,-0.066247,0.062406,2.605,-0.99878,-1.3993,-0.4785,-0.2449,-0.46125,-0.86989,-0.43944,-0.11895,-0.017497,0.034348,0.36189,-0.28673,0.3404,-0.17382,0.085647,-0.48207,-0.13574,0.46804,-0.054302,-0.45426,0.11081,-0.47031,0.15206,0.091404,-0.20651,0.13403,-0.23009,-0.17454,0.40313,0.10331,-0.84057,0.2823,0.014268,0.24845,0.69347,0.35127,-0.055831,0.13074,-0.031877,-0.43985,-0.1854,-0.079712,0.18088,-0.59253,0.24538,0.1389,-0.30672,-0.27441,0.089849,0.096935,-0.36039,-0.034539,-0.25671,0.069682,0.23824,0.18671,-0.085678,-0.18537,-0.00077635,2.9725,1.761,0.36543,0.35467,0.23377,0.46593,-0.53329,0.7387,-0.17216,0.58748,0.18014,-0.16224,-0.45801,0.37151,-0.11023,-0.66126,0.1009,0.22109,-0.15411,-0.16457,-0.2258,-0.35859,0.095925,0.065551,-0.020824,0.039994,-0.16293,-0.20004,0.14283,0.28363,-0.0090344,-0.81993,-0.3588,-0.13716,0.1696,-0.71305,0.076735,-0.46233,-0.18261,-0.4207,0.19934,-0.031764,-0.28909,-0.054199,-0.11012,-0.18227,0.044497,0.18998,0.37513,0.26443,0.00032689,0.056421,-0.22869,0.37587,0.28281,-0.021162,0.2383,0.22556,0.010598,0.22579
0.16183,0.15793,0.11403,-0.010703,-0.099471,-0.083621,-0.030862,0.020398,0.063199,0.042457,-0.035653,-0.0092965,0.11446,0.16616,0.18025,0.13817,0.029738,-0.099085,-0.16038,-0.1408,-0.097545,-0.099322,-0.20643,-0.30354,-0.16135,0.10188,0.10294,0.0053523,0.037685,0.13277,0.31295,0.33692,0.4155,0.26553,0.11321,0.16284,0.14517,0.073027,0.05025,0.04768,0.0074721,-0.020126,-0.038765,0.065443,0.15531,0.14999,0.1868,0.11576,0.00014253,-0.031464,-0.11511,-0.16216,-0.090526,0.0056671,0.020142,-0.02376,-0.023424,-0.014527,-0.047644,-0.061064,-0.062296,-0.056169,0.072932,0.20128,0.2032,0.19596,0.22162,0.17644,0.10026,-0.026106,-0.26571,-0.35354,-0.3237,-0.23474,-0.17483,-0.1264,-0.040655,0.041988,0.051974,-0.01789,-0.11151,-0.13073,-0.044829,0.094898,0.18793,0.19473,0.17116,0.16192,0.11216,0.089905,0.10617,0.11141,-0.018142,-0.12727,-0.12116,-0.13432,-0.15322,-0.11721,0.081586,0.22682,0.60054,0.014225,-0.12782,-0.065077,-0.043135,-0.053862,-0.097335,-0.17614,-0.29079,-0.35408,-0.31623,-0.12736,0.14873,0.25857,0.25514,0.17337,0.13069,0.15836,0.17464,0.1921,0.23058,0.22372,0.11434,-0.02332,0.0019284,0.080426,0.090492,0.039583,0.0019809,-0.048852,-0.3854,-0.27831,-0.12033,-0.17179,-0.28903,-0.39839,-0.36419,-0.28672,-0.1924,-0.1503,-0.14318,-0.10607,-0.049943,-0.011591,0.10774,0.32623,0.43818,0.43844,0.42216,0.35644,0.13512,-0.22021,-0.54704,-0.68245,-0.67358,-0.60912,-0.49639,-0.36879,-0.25337,-0.16909,-0.10884,-0.053963,0.053219,0.25059,0.39452,0.31271,0.13982,0.073202,0.089906,0.029479,0.011176,0.04419,0.042067,-0.023962,-0.065835,-0.039463,-0.011322,-0.044131,-0.083261,-0.060696,-0.031478,-0.053984,-0.10069,-0.051295,0.00027059,-0.039217,-0.014217,0.0062227,0.1117,0.21976,0.21378,0.15814,0.17668,0.15724,0.080066,0.083204,0.07554,0.077213,0.24532,0.39056,-0.40241,0.022744,-0.84721,0.33524,-0.43149,0.082758,0.26594,0.25427,-0.15767,0.17103,0.67814,-0.20659,0.088766,0.081692,0.10963,-0.2101,0.30332,0.13155,0.30236,-0.36074,-0.15839,0.1679,0.020897,-0.16266,0.0424,0.2342,0.16603,-0.0015375,0.053518,-0.099722,2.6795,0.34035,-1.0513,1.1784,-0.64717,-0.28576,0.71352,-0.03396,-0.30055,-0.30872,-0.21396,0.092833,0.12116,-0.28411,0.048983,0.019918,0.35882,0.24827,-0.27998,-0.11284,-0.14845,-0.033992,0.076874,-0.01248,0.19869,-0.19224,0.05017,0.16667,0.074103,0.089769,2.6614,-1.1734,-0.40498,-0.73532,-0.1009,0.52768,-0.12973,-0.23805,0.32409,-0.34368,0.21848,0.16299,-0.24425,-0.065106,0.14151,-0.17447,0.11103,-0.17102,0.01056,-0.06285,-0.28419,0.13055,-0.33341,-0.037629,-0.2015,0.21018,-0.10694,0.13076,0.084744,0.17325,0.01891,-0.27425,0.6893,0.41331,0.00082766,0.16563,0.11249,0.22941,-0.11674,0.24862,-0.082618,-0.099837,-0.16245,0.32389,-0.040663,0.48047,0.0099721,0.14902,-0.0099898,-0.22155,0.16658,-0.07379,-0.011381,-0.069482,0.098547,0.13963,-0.18562,-0.010697,-0.1463,0.17001,2.8731,1.9836,0.61973,0.6977,-0.45755,-0.11505,-0.88943,-0.10557,-0.33655,-0.38907,0.17084,0.38939,-0.094463,0.25166,-0.12274,-0.068889,-0.19908,0.21063,-0.088726,-0.15556,-0.080771,-0.18193,-0.047425,0.099367,0.0052857,-0.38653,-0.023829,-0.012361,0.20713,0.06795,-0.0047384,-0.41564,-0.83504,0.029915,-0.25226,-0.14165,0.066637,-0.65009,-0.37145,-0.043181,0.2134,0.026376,-0.066498,-0.32296,0.014299,0.13563,-0.21578,0.20462,-0.097484,-0.13901,0.21298,0.14798,-0.029758,0.05726,0.16695,-0.051661,0.041153,0.13791,0.17343,0.21077
0.22245,0.61212,0.60801,0.4224,0.28143,0.15667,0.065384,-0.0095631,0.020382,0.091558,0.087001,0.095457,0.10093,0.1036,0.08419,0.022251,-0.055684,-0.10847,-0.1078,-0.053019,0.018017,0.083522,0.19374,0.26747,0.14834,-0.032872,-0.17241,-0.23588,-0.15616,0.016383,-0.10788,-0.2727,-0.22845,-0.28786,-0.1089,0.0632,0.05884,0.0036421,-0.072753,-0.051697,-0.0077146,-0.018888,-0.027445,-0.040379,-0.074367,-0.11243,-0.10596,-0.062815,-0.034384,-0.061534,-0.12303,-0.095802,-0.060187,-0.05858,-0.02767,0.014824,0.037045,0.035801,-0.015749,-0.057516,-0.040568,-0.022583,-0.0092046,-0.0020021,-0.0032847,-0.0063986,0.0038132,0.018575,0.057202,-0.038709,-0.18899,-0.14057,0.028701,0.11931,0.16776,0.25222,0.35189,0.36563,0.23883,0.083132,-0.016763,0.012351,0.092226,0.12077,0.11935,0.061293,0.016832,0.029715,0.059242,0.084561,0.0079125,-0.049845,-0.029146,-0.034775,-0.052827,-0.017564,-0.0024292,-0.00052367,0.17886,0.30903,0.15386,-0.30981,-0.33972,-0.31236,-0.32271,-0.34445,-0.35303,-0.31905,-0.13778,0.13403,0.18022,0.18641,0.16405,0.11703,0.04204,-0.050135,-0.12524,-0.15749,-0.14472,-0.09221,-0.026453,0.18473,0.34209,0.29235,0.187,0.10315,0.053189,0.04627,0.086254,0.075478,0.090049,0.48607,0.63975,0.25042,-0.088061,-0.20143,-0.22372,-0.18279,-0.10366,-0.02276,0.022663,0.042226,0.051377,0.043707,0.039162,0.071829,0.14431,0.21711,0.24195,0.18703,0.056687,-0.014281,-0.019237,-0.030251,-0.064322,-0.11365,-0.14625,-0.1297,-0.077214,-0.016644,0.055092,0.10968,0.12757,0.11457,0.12254,0.076788,-0.043974,-0.089602,-0.054222,-0.19988,-0.26664,-0.23372,-0.22544,-0.20341,-0.18213,-0.15161,-0.12165,-0.12399,-0.15208,-0.15732,-0.14497,-0.048026,0.035728,-0.025932,-0.050219,0.0020279,0.12015,0.22624,0.28346,0.28156,0.3245,0.35352,0.29192,0.16291,0.12998,0.19349,0.20172,0.20133,0.33596,0.46547,-0.62547,-1.4629,0.83566,-0.14857,-0.019266,-0.10566,0.41957,-0.65388,-0.084583,0.4616,0.45527,0.26899,-0.29755,0.24435,0.56404,0.072267,0.80987,0.18139,-0.065255,0.13086,-0.20199,-0.16658,-0.28754,-0.12478,0.16795,-0.13575,-0.014824,0.019576,0.053809,0.062671,1.4063,-1.6039,1.8068,0.37028,-1.5809,0.11824,-0.066957,0.5334,0.37453,0.36377,-0.54796,-0.12721,-0.39009,-0.11509,-0.070475,0.15499,0.2073,-0.10747,-0.5006,-0.0051365,0.23211,0.37542,-0.68415,-0.12476,0.14181,0.31662,-0.11057,0.010242,-0.1436,0.11521,2.1441,0.80641,-1.7841,0.45324,-0.57979,-0.2266,-0.63581,0.024796,0.0058133,0.73918,0.0013961,-0.20603,0.0050866,0.65918,-0.20118,0.13017,0.087662,-0.19804,0.22136,-0.28301,-0.28938,0.079467,0.47796,0.22097,0.15159,0.47078,0.09382,-0.094198,-0.047788,-0.1355,-0.070413,-0.56858,-1.6514,-0.48077,0.053785,0.51354,0.65836,0.21198,-0.13182,-0.67434,0.005864,-0.015815,-0.37116,0.011694,-0.048925,0.17018,-0.26743,-0.14396,-0.023945,-0.2407,-0.33817,0.048397,-0.37079,-0.35173,0.37505,0.43445,-0.11883,-0.18715,0.080331,-0.22558,2.1671,1.5735,-1.5611,-0.17289,-0.35118,0.43711,-0.15877,0.51285,0.11134,-0.32497,-0.029537,0.040824,0.030979,-0.052369,-0.60348,-0.18363,0.14813,0.2467,-0.026524,0.28436,-0.12228,0.054405,0.20063,-0.30426,0.18313,0.17061,0.13307,0.13033,-0.057094,-0.083554,-0.26864,-0.26652,1.4748,-0.016251,0.61585,-0.43211,0.2198,0.36708,-0.31628,0.056212,-0.14348,-0.078285,-0.31397,0.068947,-0.16178,-0.14133,-0.40197,-0.10169,-0.23704,0.38641,-0.030693,-0.010107,0.2935,0.041298,-0.064839,-0.04712,0.30022,-0.011109,-0.074204,0.11837
0.32198,0.67878,0.65231,0.47872,0.15393,-0.0023133,0.21374,0.2769,0.098487,0.020982,0.049222,0.040028,0.042858,0.039346,0.014138,-0.028173,-0.091706,-0.14713,-0.1403,-0.077779,-0.01936,-0.0036841,-0.019256,0.14745,0.33543,0.21842,-0.082753,-0.25099,-0.33269,-0.19015,-0.066968,-0.15819,-0.11447,-0.058935,0.077467,0.13724,0.13589,0.075769,0.060424,0.055478,0.0076756,-0.025539,-0.040562,0.010535,-0.0044463,-0.061714,-0.021815,0.043365,0.075037,0.030997,-0.0085696,-0.082994,-0.1094,-0.039818,-0.055947,-0.11673,-0.13016,-0.10729,-0.10491,-0.090338,-0.11334,-0.13789,-0.11677,-0.10775,-0.10893,-0.035727,0.029618,0.021258,0.078541,0.19383,0.22455,5.9506e-05,-0.093806,0.11292,0.29906,0.35659,0.34459,0.2296,0.13283,0.12725,0.15266,0.1535,0.15286,0.16724,0.17335,0.14657,0.13961,0.080824,0.037975,0.050022,0.055373,-0.063453,-0.14436,-0.096145,-0.089283,-0.057468,0.0070949,0.062115,0.2092,0.32678,0.34509,-0.14554,-0.18359,-0.42879,-0.6163,-0.4043,-0.30344,-0.42729,-0.3593,-0.16011,0.017559,0.062501,0.09111,0.096042,0.055169,-0.045657,-0.14297,-0.17802,-0.15535,-0.089874,-0.031354,-0.020119,-0.046953,0.19361,0.34032,0.30833,0.27348,0.25081,0.25607,0.17047,0.039249,0.4516,0.60343,0.24989,-0.13676,-0.3128,-0.34289,-0.2961,-0.21531,-0.17089,-0.17377,-0.15505,-0.063947,0.14257,0.31014,0.36437,0.4042,0.44892,0.44812,0.34953,0.15881,-0.12441,-0.37698,-0.46651,-0.40347,-0.30125,-0.17714,-0.092643,-0.038134,0.030086,0.1146,0.20488,0.25982,0.26255,0.189,0.0015109,-0.21855,-0.29545,-0.16505,-0.036732,-0.020307,-0.17559,-0.27598,-0.26326,-0.22513,-0.18901,-0.17836,-0.15864,-0.1314,-0.13687,-0.15844,-0.20435,-0.10862,0.035454,0.001442,0.016101,0.01486,0.059633,0.11701,0.12206,0.10118,0.16808,0.23064,0.19193,0.21348,0.28491,0.27788,0.4366,0.66559,0.75324,-0.21614,-0.82084,1.0406,-0.16952,0.29513,-0.035833,-0.22733,-0.54658,-0.47123,0.040828,0.51737,-0.36584,0.04296,-0.12601,0.12119,0.13109,0.62726,0.25421,0.09464,0.19246,0.031512,-0.084363,-0.37216,0.054325,0.13156,-0.23196,0.12356,0.022823,-0.16056,0.28303,0.94168,-2.3635,1.5003,0.67282,-1.6398,0.024205,0.073635,0.33195,0.55599,0.37825,-0.54554,0.17348,-0.52357,-0.40177,0.060881,0.7224,0.15556,0.03759,-0.3799,0.06403,-0.024061,0.034411,-0.60827,0.16078,0.2472,-0.11755,-0.38246,0.022586,0.026257,0.014874,2.2306,0.11022,-2.1396,0.83461,-0.7669,0.13734,-0.54802,0.00837,0.25675,0.82595,0.16093,-0.21333,-0.25755,0.18199,0.3401,0.070198,-0.079729,-0.15552,0.23917,0.03023,-0.047448,0.26398,0.50224,0.21365,-0.04169,0.22182,0.24149,0.007817,0.09937,0.28013,-0.043341,-1.0117,-1.2913,-0.81517,-0.12733,0.15098,0.64577,0.52214,-0.25608,-0.59432,-0.086754,-0.1196,-0.70691,-0.28891,0.12377,0.51486,-0.1236,-0.21213,-0.067078,0.028133,0.010955,0.05415,-0.36561,-0.19364,0.31104,0.27914,-0.015569,0.21573,0.049393,0.099715,2.2577,1.9534,-1.2403,-0.55731,-0.060651,0.053894,0.30406,0.77124,-0.089822,-0.0028498,0.051527,-0.28449,0.42987,0.32591,-0.39192,-0.054074,0.030961,0.2324,-0.093446,0.020687,-0.08962,-0.058496,0.47279,-0.15683,0.45115,0.45945,-0.2456,0.062135,-0.12924,-0.00049184,-0.24684,-0.95239,1.2931,-0.030053,0.83165,0.00033472,0.37727,0.45365,-0.49118,0.19865,-0.32246,-0.21375,-0.60487,0.049353,0.086649,0.21423,-0.31478,-0.061611,-0.37534,0.41128,-0.092327,-0.15081,-0.039861,-0.14112,-0.030474,-0.055754,-0.0069449,0.063577,-0.081337,0.09252
0.069522,0.25618,0.21494,0.046671,0.0080837,0.092678,0.21592,0.24807,0.21603,0.16146,0.11301,0.10703,0.14205,0.15357,0.13413,0.083529,-0.027886,-0.16132,-0.2044,-0.14615,-0.058004,-0.039737,-0.18416,-0.30974,-0.19283,0.016969,0.047239,-0.043914,-0.047574,0.063589,0.1181,0.19696,0.26584,0.20143,0.23332,0.2564,0.19372,0.096203,0.047655,0.02876,-0.005393,-0.036568,-0.055331,0.080524,0.18119,0.17108,0.074629,-0.039195,-0.0054724,-0.023437,-0.090885,-0.08008,0.040506,0.12012,0.11703,0.063849,-0.0091565,-0.06079,-0.077217,-0.064711,-0.041419,-0.024159,-0.012428,-0.022209,-0.034312,-0.021594,-0.0025451,0.014649,0.055001,0.1173,0.1063,-0.2067,-0.44482,-0.3527,-0.11835,0.0036423,-0.0094337,-0.016165,0.026103,0.034235,0.0046159,0.023749,0.080327,0.12497,0.14415,0.12751,0.1152,0.11682,0.079723,0.066177,0.091906,0.10654,0.10496,-0.046435,-0.13169,-0.092677,-0.11038,-0.10273,0.018531,0.11,0.13619,-0.24765,-0.30924,-0.26639,-0.27159,-0.32833,-0.25379,-0.090719,-0.11866,-0.098762,-0.026684,0.12651,0.23805,0.23393,0.17557,0.086614,0.046897,0.071458,0.10288,0.15414,0.2311,0.24007,0.094909,-0.063432,-0.013921,0.069951,0.072773,-0.030311,-0.14033,-0.17262,-0.13903,0.20527,0.17739,-0.19584,-0.43631,-0.39327,-0.24137,-0.10599,-0.085153,-0.14532,-0.17989,-0.17027,-0.093015,0.13252,0.35005,0.42422,0.39113,0.34118,0.36683,0.33633,0.16957,-0.15944,-0.45509,-0.5347,-0.4827,-0.3869,-0.24917,-0.095053,0.024619,0.084318,0.1046,0.11166,0.11308,0.13392,0.1265,0.011809,-0.066009,-0.062057,-0.011049,0.043405,0.041524,-0.044214,-0.073631,-0.11114,-0.1584,-0.14279,-0.1075,-0.079741,-0.079324,-0.082184,-0.082858,-0.0067806,0.048435,-0.029712,-0.077103,-0.032722,0.033504,0.017645,0.078287,0.17233,0.20143,0.16658,0.088921,0.14456,0.23328,0.2302,0.16865,0.14235,0.2615,0.38119,-0.58565,-0.33942,-0.42088,-0.039341,-0.40662,-0.24028,0.46325,-0.38047,-0.4069,0.071061,0.82423,-0.17491,-0.14601,0.3638,0.061277,0.31576,0.20089,0.34079,0.14637,0.14625,0.060629,-0.15051,0.13721,0.25505,-0.17136,0.085769,0.3556,-0.11115,0.037043,0.042031,2.5255,0.51757,-0.31377,1.6105,-0.50321,-0.41295,0.87217,0.56809,-0.21814,-0.14378,0.12728,0.2437,-0.30995,-0.24137,0.056159,0.006038,0.47353,0.23139,-0.22462,-0.31693,-0.0012276,-0.071434,-0.12615,-0.083188,0.44955,0.2572,-0.18215,0.054672,0.08732,-0.26906,2.572,-0.72672,-0.27259,-0.34694,0.31957,0.82221,-0.92595,-0.3198,0.34064,-0.17113,0.20154,0.12662,0.15343,0.045579,-0.22462,-0.080857,-0.15356,-0.26227,0.14959,0.047434,0.054077,0.45202,-0.00082973,-0.027281,0.26624,-0.12605,0.4601,-0.19772,0.11544,0.049056,-0.043334,-0.38695,-0.025658,0.048016,0.055047,0.66062,0.48983,0.0068208,0.24281,0.22584,0.0068035,-0.086131,-0.033855,0.12466,0.17996,0.080948,0.023975,-0.15613,-0.16391,0.10558,0.07824,-0.20084,-0.23753,0.12625,0.10632,0.00069137,0.013608,0.0079276,0.10341,0.072146,2.6798,2.1271,-0.0018864,0.38367,-0.4397,0.026553,-1.1297,0.096662,-0.19023,-0.60416,0.51441,0.58787,-0.18143,-0.090884,0.51963,-0.086394,-0.030357,-0.36247,-0.20045,-0.19565,0.21027,0.0067191,-0.10546,0.36739,0.11739,0.1196,-0.52966,0.024985,0.28438,0.1087,-0.023028,-0.34341,-0.096604,-0.19367,0.10429,-0.64087,0.06102,-0.14615,0.26686,0.0027812,-0.083112,0.1717,-0.1312,0.22282,0.13333,0.16941,0.12654,-0.0908,0.032931,-0.081631,0.027697,0.10057,0.0078328,-0.029611,0.067325,-0.29747,-0.051401,0.23835,-0.089883,0.11472
0.41042,0.3767,0.13885,-0.11131,-0.19768,-0.11761,0.075822,0.20539,0.18071,0.12686,0.094297,0.0064558,-0.049348,-0.045809,-0.080555,-0.12203,-0.10511,-0.071095,-0.056058,0.021689,0.085834,0.053271,-0.15308,-0.25051,-0.10526,0.0012776,0.0046729,-0.024807,-0.041195,-0.017436,0.045191,0.14369,0.24499,0.21772,0.26293,0.30239,0.25419,0.13854,0.023421,0.023037,0.071773,0.073929,0.12471,0.16955,0.14401,0.12694,0.034084,-0.053211,-0.014164,-0.029794,-0.09505,-0.085648,0.034456,0.11994,0.12292,0.070263,-0.0038134,9.2676e-05,0.027111,0.025686,0.0033311,-0.019713,-0.0053181,0.00079804,0.0022087,0.012874,-0.021539,-0.070621,-0.013287,-0.0054278,-0.072113,-0.10906,-0.14248,-0.17232,-0.17291,-0.13276,-0.011146,0.16101,0.22122,0.16314,0.093365,0.068085,0.12231,0.18398,0.19183,0.15899,0.072594,0.031956,0.049003,0.063388,0.06437,-0.064537,-0.18551,-0.18832,-0.18195,-0.15333,-0.10791,-0.026359,0.12427,0.19835,-0.71175,-0.4726,-0.18035,-0.15131,-0.20066,-0.24675,-0.18872,-0.054514,-0.04609,0.032171,0.11403,0.24003,0.32152,0.29965,0.21742,0.14547,0.038829,-0.049791,-0.031177,0.035556,0.090444,0.056879,-0.019676,-0.033956,0.029612,0.065359,0.056941,-0.034596,-0.134,-0.15629,-0.16037,0.13123,0.17361,-0.11639,-0.40594,-0.45985,-0.33307,-0.15238,0.0021424,0.066578,0.032384,-0.0030752,0.057349,0.19706,0.30759,0.30001,0.27379,0.28723,0.33302,0.31879,0.18302,-0.11852,-0.43099,-0.55016,-0.51959,-0.42476,-0.29098,-0.21922,-0.21541,-0.13729,0.071632,0.3119,0.46717,0.5,0.39624,0.19166,-0.0053847,-0.080939,0.013059,-0.03867,-0.085074,-0.047581,-0.024488,-0.0028006,0.019069,0.0016294,-0.068187,-0.1093,-0.11556,-0.11525,-0.11597,-0.10318,-0.068602,-0.082719,-0.12712,-0.12508,0.0031726,0.16696,0.22188,0.20664,0.14824,0.13931,0.10703,0.0030986,-0.0009056,0.057836,0.10519,0.16717,0.25616,0.3272,-0.4232,-0.27828,-0.71544,0.20185,-0.086287,0.14737,0.043028,0.35473,0.033882,-0.098165,0.79332,-0.71009,-0.19909,0.12145,0.092886,-0.051343,-0.084501,0.23301,0.042708,-0.22477,-0.18946,0.12126,-0.017052,-0.038143,0.053122,0.22125,-0.27625,0.04859,-0.0046261,0.023763,2.691,-0.53091,-0.21733,0.5325,-1.1756,-0.22314,0.5519,0.19537,-0.048846,0.077252,-0.15333,0.42816,-0.11289,-0.22596,0.21801,-0.020889,-0.038786,0.097182,-0.54215,-0.42524,0.14265,0.118,0.10406,0.14801,-0.1679,0.06028,-0.42586,0.11674,0.13917,-0.062621,2.5944,-0.62841,-0.92391,-0.54704,-0.50595,-0.35582,-0.0632,-0.11299,0.2557,-0.20745,0.19156,-0.013777,-0.18085,-0.3165,-0.32441,0.095719,0.13498,0.13477,0.018357,0.21595,-0.30869,0.11839,-0.020762,0.23083,0.012189,0.22911,-0.024083,-0.21996,-0.16734,0.28122,0.14882,-0.14771,0.11847,0.24557,-0.091594,0.28874,-0.11989,0.064309,-0.011469,-0.057227,-0.25852,-0.24597,-0.33042,0.28772,0.087357,0.09488,0.3522,0.13546,-0.17458,0.048713,0.047316,0.040806,0.052874,0.063571,0.29772,-0.023829,-0.12481,0.089891,-0.029599,0.045309,2.706,2.3825,0.27484,0.25472,-0.64276,-0.013992,-0.88947,-0.50519,-0.1529,-0.19232,0.44377,0.44427,-0.1943,0.16428,0.16267,0.17634,-0.036902,-0.059088,-0.1705,-0.047376,0.019102,0.13408,0.13371,0.059115,-0.13253,-0.28973,-0.28687,-0.070596,0.1774,0.066296,0.059023,-0.21235,-0.34223,0.095933,0.0053543,-0.17539,-0.032091,-0.48904,0.039442,-0.046622,0.19439,-0.25733,-0.036167,-0.4502,0.020143,0.018405,-0.0040459,0.11807,0.13112,-0.16194,-0.030098,-0.18615,0.24429,-0.04898,0.023808,0.0056655,0.032183,0.055557,0.010254,0.12696
0.11662,0.067548,0.28162,0.11643,-0.057194,0.03818,0.1927,0.22337,0.12595,0.073941,0.077684,0.074734,0.11651,0.15357,0.14656,0.037191,-0.060288,-0.072032,-0.056881,0.0046991,0.01711,-0.08629,-0.25149,-0.32657,-0.15951,0.068004,0.10367,0.099701,0.071908,0.024015,0.098973,0.18948,0.18295,0.15654,0.23514,0.26948,0.2067,0.12659,0.087943,0.054901,0.018605,-0.0086159,0.031508,0.072981,0.0039349,-0.057248,-0.022305,0.03442,0.062859,0.030345,0.00075,-0.0050795,0.063879,0.16015,0.17501,0.12951,0.052837,-0.03113,-0.085164,-0.089932,-0.075791,-0.025469,0.026046,0.037291,0.035132,0.040172,0.055496,0.060775,0.057632,-0.066193,-0.20726,-0.23702,-0.20298,-0.13378,-0.054215,-0.015634,0.0083105,0.017651,-0.037088,-0.096131,-0.08373,-0.013842,0.11955,0.23917,0.26706,0.23663,0.2066,0.098671,0.039237,0.080475,0.11836,0.14105,0.029203,-0.070228,-0.063055,-0.073176,-0.14619,-0.15344,0.08,0.24613,0.92201,0.20854,-0.27563,-0.26929,-0.20616,-0.21107,-0.29124,-0.40025,-0.40177,-0.25569,-0.034349,0.11814,0.24646,0.29522,0.24884,0.25045,0.27457,0.25945,0.27141,0.30437,0.30543,0.21823,0.04757,-0.065654,-0.079326,-0.090557,-0.099054,-0.10663,-0.10084,-0.058634,-0.067787,-0.065179,-0.11699,-0.29886,-0.44771,-0.38495,-0.22924,-0.13578,-0.14933,-0.17477,-0.15793,-0.096442,0.020892,0.16758,0.29079,0.37488,0.42229,0.43407,0.41822,0.35664,0.19815,-0.14107,-0.49624,-0.68829,-0.73732,-0.67942,-0.51377,-0.33773,-0.21708,-0.10959,6.9623e-05,0.13756,0.29101,0.37408,0.32177,0.15333,0.059315,0.11309,0.12922,0.0084091,-0.023175,-0.012613,-0.11851,-0.21218,-0.19708,-0.1675,-0.13682,-0.1099,-0.082192,-0.061811,-0.077994,-0.14377,-0.099783,-0.022336,-0.091095,-0.097028,-0.08843,0.028234,0.19878,0.28629,0.30157,0.25639,0.31853,0.3244,0.23051,0.17163,0.11391,0.11884,0.30637,0.46355,-0.74537,0.14113,-0.75502,0.26602,-0.44237,0.05549,0.173,-0.26726,-0.47007,0.24888,0.93733,-0.17128,-0.24635,0.042251,0.1855,0.1809,0.34805,0.25042,0.25936,-0.15464,0.28513,-0.077616,0.32102,-0.062503,0.11212,0.17308,0.17378,0.0096062,0.055683,-0.15653,1.4329,-1.9162,-0.13552,-0.59845,-1.1366,-0.20325,0.67219,0.41364,0.42613,0.6913,0.33929,0.12136,-0.402,0.15909,0.47885,0.2951,0.24594,0.36644,-0.12327,-0.076447,-0.25683,-0.062419,-0.035919,0.027526,0.13685,-0.12254,-0.12998,0.20321,0.10458,0.0024561,2.4283,-1.1599,-0.89091,-0.6795,0.058789,0.14941,-0.81265,-0.7217,0.46537,0.026545,0.19694,0.17339,-0.2883,0.16642,0.31854,-0.13529,-0.13667,0.13523,-0.092106,-0.055201,0.10692,0.47121,0.056889,0.14796,0.013806,-0.03224,0.19098,-0.010585,0.059656,-0.45638,-0.088416,-0.77932,0.50987,0.12327,0.18096,0.65565,0.37316,0.55888,0.19096,0.0097544,-0.15271,0.0084401,-0.041647,0.21034,0.26167,0.18405,0.048859,-0.065266,-0.07628,-0.019356,0.018596,-0.13828,0.042709,-0.072438,-0.058308,0.31627,-0.18432,0.23703,-0.27163,0.014526,2.6741,1.6289,0.74342,0.37587,0.33446,0.38474,0.044161,0.69708,-0.23785,-0.40042,-0.091571,-0.57303,-0.31852,0.75385,-0.071893,0.066364,0.12935,-0.2336,-0.045634,-0.095141,0.15875,-0.026913,0.085504,-0.65602,0.031286,0.023823,0.16031,0.15054,-0.10887,0.026567,-0.094228,-0.70455,-0.47797,-0.32922,-0.15481,-0.39991,-0.31041,0.2096,0.25977,0.18997,-0.08898,0.42084,-0.28219,0.19198,0.22104,0.20518,-0.049202,-0.14702,0.138,-0.19892,0.16329,0.058747,-0.057324,0.10701,-0.047289,-0.24597,-0.028279,0.21433,0.13317,0.063481
0.1886,0.43544,0.43422,0.13619,-0.025661,0.11845,0.22879,0.18505,0.092313,0.070637,0.075263,0.072466,0.078159,0.075177,0.055591,-0.018716,-0.098236,-0.1095,-0.099969,-0.039424,0.05453,0.077665,0.012232,-0.12104,-0.20831,-0.11668,0.082174,0.2243,0.19475,0.10613,-0.09086,-0.18108,-0.1367,-0.053979,0.097625,0.15365,0.13618,0.055264,0.023275,0.010956,-0.021203,-0.028525,-0.034381,-0.048652,-0.04036,-0.034818,-0.029242,0.010407,0.014557,-0.026584,-0.087196,-0.099105,-0.017445,0.029634,0.015092,-0.023547,-0.070207,-0.090481,-0.083894,-0.068982,-0.061084,-0.051009,-0.031429,-0.020833,-0.016846,0.0075527,0.027525,0.011875,0.0099519,0.03336,0.046534,0.011878,0.0063354,0.058994,0.080062,0.04059,0.051069,0.14847,0.20918,0.17564,0.12356,0.13867,0.17332,0.18426,0.1645,0.079294,0.02023,0.028328,0.04703,0.061041,-0.016921,-0.06551,-0.024669,0.025229,0.064409,0.078853,0.075461,0.07154,0.2053,0.31302,-0.082402,-0.3444,-0.33781,-0.33697,-0.23812,-0.15259,-0.27508,-0.32846,-0.22283,-0.048895,0.043696,0.082368,0.10703,0.10777,0.072902,0.045557,0.028025,0.026008,0.10979,0.22561,0.29866,0.30572,0.23912,0.10242,-0.0059611,0.010911,0.044733,0.030955,-0.0132,-0.0049908,0.097971,0.44515,0.59925,0.14046,-0.31508,-0.45347,-0.41224,-0.29776,-0.13618,0.00018055,0.044535,0.036055,0.017721,0.016662,0.013212,0.041278,0.10912,0.17393,0.24719,0.28068,0.18502,-0.056298,-0.27497,-0.31842,-0.27866,-0.21985,-0.13207,-0.060737,-0.037518,-0.030251,0.0094301,0.083358,0.1387,0.13898,0.067311,-0.07242,-0.19633,-0.22254,-0.15267,-0.094514,-0.06999,-0.14918,-0.22012,-0.19973,-0.17346,-0.14301,-0.11535,-0.1046,-0.10865,-0.10942,-0.11722,-0.054698,-0.0034905,-0.066746,-0.086403,-0.0079989,0.12559,0.20064,0.21511,0.18798,0.25021,0.31323,0.28652,0.22111,0.23393,0.26144,0.24268,0.23403,0.33925,0.45658,-0.45665,-1.4144,0.33501,-0.2547,0.12536,0.067604,0.053641,-0.38584,-0.33076,0.21144,0.89822,-0.159,-0.57968,-0.067,0.21047,-0.014347,0.14324,0.54726,0.01144,0.011577,-0.35356,-0.30395,0.24348,0.10023,0.034904,-0.33459,-0.072421,-0.013385,0.1067,-0.21992,1.2931,-2.0341,1.3819,0.36963,-1.466,0.51608,-0.76928,-0.0095526,-0.25505,0.25435,-0.22173,0.14308,-0.11286,0.48972,0.15222,0.11208,-0.2829,0.16071,-0.090423,-0.11178,0.37968,-0.032953,-0.37701,0.15292,-0.0042544,0.29076,-0.30531,0.30987,-0.29319,-0.11459,2.3478,0.38169,-1.3791,0.36821,-0.93503,-0.33608,-0.4416,-0.48074,-0.0099284,0.2653,0.13331,-0.17997,-0.17713,-0.18371,-0.36549,0.15752,0.12665,0.067978,0.25621,-0.042819,-0.22822,-0.31348,0.14897,0.49364,0.35389,0.22017,0.21819,-0.031748,-0.18496,-0.065064,0.023515,-0.37688,-1.2574,-0.30549,-0.19104,0.7599,0.69013,0.42249,0.34453,0.30865,-0.19614,0.2065,0.10615,0.011354,0.28364,0.30896,0.17406,-0.037375,0.14483,0.0022812,-0.13062,-0.037794,0.085778,-0.015526,0.19261,-0.1197,0.029535,-0.026941,-0.20866,-0.018875,2.5387,1.3277,-1.0859,-0.13369,-0.3853,0.097755,-0.23963,0.59756,-0.08467,-0.092216,0.0013584,0.71177,-0.36423,0.12913,-0.067223,0.23011,0.28696,0.02809,-0.14265,0.33006,-0.17701,-0.17424,0.21246,0.089657,0.15579,0.010548,0.065242,-0.053402,-0.13051,-0.05448,-0.085092,-0.18761,0.95295,-0.14015,0.63666,-0.39838,-0.1511,0.18197,0.013083,0.060448,-0.20524,0.314,-0.12951,0.12896,0.022348,0.30528,-0.13855,0.10781,0.10592,-0.17264,-0.22193,0.078391,0.39967,-0.1709,0.075791,-0.10825,0.25656,0.026275,0.029755,-0.08952
0.10793,0.35874,0.33812,0.11261,-0.030264,-0.040481,0.11276,0.24098,0.22161,0.16104,0.10605,0.078058,0.077274,0.081875,0.080589,0.063338,0.02138,-0.044684,-0.069662,-0.030925,-0.033859,-0.063644,-0.073867,-0.075631,-0.042881,0.053097,0.14072,0.11979,0.017486,-0.074429,-0.094149,-0.0039693,0.08729,0.11752,0.098148,0.14806,0.13267,0.06332,0.0050818,-0.03889,-0.086098,-0.084806,-0.073749,-0.086517,-0.11523,-0.12009,-0.075727,-0.014751,0.030169,0.0088102,-0.068396,-0.089999,-0.0094729,0.061429,0.07113,0.037818,-0.019373,-0.012234,0.022199,-0.011184,-0.034738,-0.0098189,0.011218,0.020033,0.019443,0.017209,-0.013385,-0.098894,-0.16952,-0.13309,-0.096903,-0.038832,0.055934,0.1249,0.15985,0.19173,0.23206,0.25976,0.19174,0.066403,0.020406,0.059631,0.14577,0.21076,0.20635,0.16274,0.10846,0.062958,0.050386,0.064842,0.079788,0.088354,0.049862,-0.098312,-0.17167,-0.13233,-0.11131,-0.057156,0.12399,0.2495,0.2798,-0.22974,-0.31499,-0.27108,-0.24898,-0.26716,-0.19747,-0.082116,-0.11331,-0.079185,-0.0070631,0.088009,0.1393,0.1388,0.12185,0.085084,0.042135,0.051053,0.09218,0.12594,0.19111,0.22322,0.19719,0.14844,0.1085,0.10748,0.10336,0.094894,0.12218,0.1489,0.16824,0.04316,-0.048272,-0.10553,-0.26958,-0.38736,-0.36429,-0.2959,-0.2211,-0.14968,-0.067647,-0.0041769,0.047146,0.083788,0.1095,0.14881,0.2293,0.32525,0.38694,0.37335,0.24556,-0.0028967,-0.24739,-0.35476,-0.36088,-0.32042,-0.22272,-0.10578,-0.021382,0.047406,0.14556,0.24457,0.29085,0.27326,0.17877,-0.0040294,-0.21267,-0.32782,-0.27251,-0.14699,-0.17105,-0.22763,-0.21452,-0.19041,-0.15958,-0.12726,-0.10629,-0.09941,-0.096254,-0.07918,-0.031959,-0.034901,-0.084185,-0.1214,-0.16334,-0.16802,-0.14064,-0.057091,0.059185,0.14274,0.17421,0.13961,0.10671,0.15567,0.19707,0.1967,0.16969,0.17312,0.31796,0.45023,-0.43327,-0.83599,-0.064271,-0.10634,0.021714,0.038479,0.003777,-0.063084,-0.77776,0.36174,0.84291,0.21635,-0.2254,0.06883,0.42724,0.18631,0.38989,-0.014716,0.10134,0.053104,0.0058464,-0.17282,0.40141,-0.28802,0.13057,-0.030493,0.21596,-0.12412,0.04442,0.00092627,1.2977,-1.968,0.82887,0.075789,-1.5185,0.46639,-0.61602,-0.62092,-0.052964,0.3009,-0.14283,0.23039,-0.23367,0.44872,0.18819,0.44449,0.1577,0.33554,0.0063636,-0.10498,0.27304,0.088094,-0.46252,-0.039128,0.16888,0.0053117,0.13334,0.2387,0.08813,0.080216,2.4507,-0.13573,-0.412,0.078237,-0.063519,1.2821,-0.11386,-0.49312,0.61095,0.030116,0.25419,-0.012246,-0.12402,0.24728,-0.049441,0.059561,-0.34197,0.004303,-0.095731,-0.10111,0.23875,0.12553,0.084705,0.34571,0.17012,0.37933,0.012411,0.030961,-0.20393,0.13476,-0.052053,-0.33522,-0.66712,-0.16876,-0.031809,0.2368,0.096294,1.02,-0.10525,-0.4973,-0.25397,0.10019,-0.2152,-0.019796,0.064596,-0.016637,0.048003,-0.12847,-0.011619,-0.070869,-0.13588,-0.010273,-0.098507,0.044241,0.03017,0.15739,-0.015948,0.20742,-0.28818,-0.18995,2.5071,1.666,-0.5552,0.088336,-0.88087,-0.44653,-0.56116,0.31244,-0.22989,-0.57558,-0.19508,0.087427,-0.14338,0.35567,-0.046549,-0.085039,0.24007,0.0069754,-0.085278,0.15788,-0.037479,-0.47417,0.13599,-0.20046,0.13021,-0.090813,-0.21741,0.25149,0.042685,0.015047,-0.18689,-0.22435,0.38935,-0.082669,0.34585,0.16132,-0.016796,0.26632,-0.18464,0.20465,-0.20708,0.21728,0.082177,0.090978,0.013056,0.31059,-0.073685,0.10458,-0.011861,-0.038963,0.0052547,-0.10926,0.12932,0.14728,0.12213,-0.15594,0.12852,-0.15241,0.11522,0.16622
0.58203,0.50043,0.19876,-0.072207,-0.20244,-0.16594,0.060973,0.24505,0.23284,0.17875,0.11071,0.10542,0.13893,0.14933,0.13142,0.018437,-0.13591,-0.22993,-0.24691,-0.18341,-0.11416,-0.11974,-0.24433,-0.3364,-0.20088,0.028135,0.083497,0.040856,0.025976,0.056532,0.11254,0.17882,0.26159,0.22319,0.26303,0.29862,0.25227,0.15075,0.059564,0.0039604,-0.027822,-0.039951,0.0761,0.17715,0.15641,0.13799,0.045874,-0.032378,0.02307,0.0070139,-0.074239,-0.077062,0.044678,0.1354,0.14183,0.090764,0.01501,0.010752,0.03806,-0.0024728,-0.031695,-0.010133,0.01118,0.02257,0.024101,0.078168,0.072906,0.0091783,0.03201,0.012925,-0.37923,-0.63367,-0.45799,-0.053514,0.18074,0.20358,0.08731,-0.013856,-0.056293,-0.066634,-0.042953,0.047115,0.14195,0.16311,0.13193,0.097617,0.117,0.13946,0.16282,0.17567,0.020015,-0.095279,-0.075481,-0.081881,-0.14053,-0.18392,-0.13679,-0.010697,0.074312,0.056685,-0.76962,-0.51798,-0.21636,-0.18776,-0.22001,-0.24378,-0.18941,-0.08048,-0.11942,-0.10295,0.024204,0.17982,0.24254,0.23663,0.17665,0.17806,0.15354,0.066892,0.047625,0.10576,0.19425,0.20143,0.065136,-0.054431,-0.046287,-0.06753,-0.11595,-0.12577,-0.14134,-0.17718,-0.23648,0.029995,0.12901,-0.12662,-0.39232,-0.41243,-0.29475,-0.16762,-0.080307,-0.010251,0.04953,0.097149,0.16347,0.24555,0.30673,0.32903,0.31018,0.31921,0.40078,0.40409,0.25154,-0.092023,-0.44169,-0.58127,-0.55737,-0.46133,-0.31682,-0.18963,-0.10992,0.0014912,0.18456,0.3498,0.43299,0.4199,0.28836,0.04771,-0.10873,-0.092243,0.0069954,0.0166,-0.080497,-0.018975,-0.073509,-0.20513,-0.19184,-0.14715,-0.1278,-0.098207,-0.076181,-0.021116,0.012415,0.010353,-0.011875,-0.069586,-0.061231,0.080881,0.21648,0.23397,0.24266,0.18725,0.23816,0.28723,0.24013,0.12106,0.051528,0.047003,0.094646,0.19168,0.25238,0.27583,-0.65043,-0.091359,-0.73644,0.30981,-0.2388,-0.028318,0.26375,0.12463,0.017112,-0.045572,1.0355,-0.60434,-0.28601,0.39969,0.28446,0.1176,0.1852,-0.036029,0.20069,-0.33165,0.18029,-0.088902,0.19478,-0.12242,-0.10896,-0.20285,0.11388,-0.11918,-0.053697,-0.11484,2.7091,-0.64046,-0.46884,0.62957,-1.06,-0.2916,0.59798,0.41284,0.062791,0.38503,-0.054322,0.40305,0.0012068,-0.058719,0.17519,-0.12531,0.37283,0.36652,-0.36093,-0.048103,0.12255,0.18266,-0.032354,0.15349,-0.13338,0.07708,-0.13434,0.15076,0.16514,-0.06334,2.5906,-0.85533,-1.0081,-0.48115,-0.33947,-0.22681,-0.32013,-0.39091,0.25754,-0.44235,0.22304,-0.045609,-0.56161,-0.07873,-0.42868,-0.042916,-0.45068,-0.044594,0.11719,-0.086915,-0.12756,-0.071398,-0.073983,0.05889,-0.03981,0.30747,-0.0815,-0.017355,-0.37519,0.33762,0.16227,-0.39083,0.27456,0.25518,0.072111,0.38449,-0.0099678,-0.065992,0.22493,-0.10476,-0.12578,-0.011207,-0.20702,0.22284,-0.14385,0.20813,0.37057,-0.17034,-0.50162,-0.065932,-0.061087,-0.40669,0.09794,0.099948,-0.088192,0.17034,-0.21588,-0.037492,-0.14378,-0.09574,2.7567,2.216,0.30192,0.37872,-0.67863,-0.083718,-1.001,-0.017662,-0.1705,0.0215,0.47752,0.25881,-0.46077,0.63077,0.083293,-0.45757,-0.19558,0.032149,-0.12652,0.15477,0.16346,-0.10357,-0.28543,-0.24012,0.07977,-0.040729,0.13271,-0.3053,-0.29834,0.10101,0.008544,-0.43331,-0.39466,-0.029596,-0.063675,-0.36239,-0.0017229,-0.58073,-0.063457,-0.30873,0.21817,-0.0063165,-0.015993,-0.19401,-0.007691,0.077661,0.36877,0.05177,-0.011645,-0.0052366,0.089859,-0.1008,-0.011638,0.43783,0.16663,-0.16734,0.20036,0.18333,0.15426,0.047465
0.25518,0.1938,0.32256,0.1323,0.0042998,0.09027,0.20402,0.14914,0.086306,0.076474,0.071615,0.09993,0.12373,0.11374,0.042205,-0.040528,-0.055452,-0.033981,-0.0019494,0.064034,0.11839,0.1225,0.081093,0.18065,0.31288,0.17271,0.002259,0.0056682,0.092007,0.078718,-0.0076132,-0.00069548,0.087885,0.046102,0.086,0.13555,0.13152,0.070053,-0.01573,-0.039798,-0.037542,-0.056901,-0.06464,-0.065508,-0.09884,-0.14218,-0.12527,-0.072624,0.084587,0.18954,0.16046,0.0037909,-0.098409,-0.010843,-0.0040925,-0.05077,-0.053618,-0.041445,-0.066709,-0.070688,-0.055549,-0.091569,-0.13169,-0.11771,-0.11542,-0.10826,-0.050681,0.0022319,0.049583,0.12366,0.0057646,-0.12621,-0.13543,-0.067807,0.0015381,0.081359,0.17934,0.23606,0.16543,0.021759,-0.046703,-0.013515,0.074521,0.13792,0.1395,0.11026,0.071281,0.038864,0.029963,0.05901,0.10559,0.15569,0.18326,0.03549,-0.078017,-0.013692,0.033969,0.068031,0.23195,0.35208,1.2947,-0.07488,-0.47425,-0.2897,-0.27607,-0.26635,-0.31181,-0.35063,-0.17233,0.10151,0.21295,0.28387,0.29235,0.23856,0.18074,0.12508,0.045682,0.011872,0.043821,0.098966,0.14502,0.1417,0.14185,0.22119,0.22765,0.17211,0.22035,0.29149,0.29311,0.057943,-0.19586,0.2679,0.34018,0.035067,-0.2416,-0.31122,-0.32868,-0.2743,-0.17934,-0.064195,0.024801,0.071403,0.087419,0.041335,-0.012693,0.018535,0.12026,0.21516,0.1825,0.1075,0.041964,-0.17069,-0.41233,-0.54533,-0.53014,-0.45843,-0.36197,-0.29948,-0.2452,-0.15342,-0.034666,0.092058,0.18385,0.21344,0.17178,0.035139,-0.096611,-0.1203,-0.035352,0.028494,-0.1313,-0.22671,-0.21401,-0.20348,-0.1825,-0.15066,-0.12348,-0.11208,-0.10508,-0.078174,-0.017785,-0.014219,-0.06907,-0.10979,-0.14994,-0.15984,-0.13905,-0.091999,0.016471,0.15789,0.24134,0.25985,0.21006,0.26023,0.31227,0.31605,0.29504,0.26891,0.38564,0.50545,-0.33442,-0.81617,0.40545,-0.079877,0.05364,0.038935,0.029714,-0.66562,-0.58688,0.31934,0.57205,-0.1043,-0.11866,0.13757,0.21695,0.10448,0.47374,0.31176,-0.020225,0.01882,0.10721,-0.35935,-0.056348,-0.1957,-0.13127,-0.11041,-0.15691,0.009545,0.048687,0.26878,1.1551,-2.23,1.0242,0.3191,-1.4392,0.36371,-0.52854,0.017402,0.12234,0.38967,-0.43221,0.13115,-0.36033,0.026306,-0.13679,0.48966,0.16778,0.22195,-0.51439,0.019489,0.4322,0.17763,-0.45032,0.10547,-0.028381,0.16878,-0.14368,-0.086851,-0.021778,0.1888,2.3062,0.060449,-1.634,0.25949,-0.63266,0.086377,-0.56187,-0.42318,0.15183,0.5851,-0.0058462,-0.27869,-0.29387,0.30726,-0.0075218,0.046396,-0.084527,0.037033,-0.045744,-0.033344,-0.053866,0.058134,0.33122,0.046681,-0.01003,0.17314,0.40499,-0.049365,0.024577,-0.099046,-0.056927,-0.74029,-0.96259,-0.34938,0.11087,0.40331,0.6687,0.67481,-0.078373,-0.52107,-0.012961,-0.090884,-0.40493,-0.054908,0.083997,0.16397,-0.12738,-0.22236,-0.15265,0.07424,-0.21843,0.19983,0.11213,-0.152,0.16051,0.17999,-0.04076,0.012276,0.092204,-0.26399,2.5281,1.4424,-0.70935,-0.14859,-0.0062592,0.10187,0.29852,0.77715,-0.043386,-0.10891,-0.10834,-0.14537,-0.11344,0.25762,-0.22203,8.1404e-05,0.24207,0.29789,0.14462,0.18149,0.1175,0.036185,0.19116,-0.05543,0.2185,0.18383,-0.080283,0.29696,0.14106,-0.23519,-0.2086,-0.67362,0.96142,-0.12262,0.40495,-0.25719,0.11709,0.3201,-0.36582,0.06674,-0.13871,0.12813,-0.093928,0.042031,0.097121,-0.026629,-0.041337,-0.23475,-0.26619,0.25206,0.11324,-0.055037,0.2589,-0.037799,-0.021701,-0.006211,0.31053,-0.20213,-0.12213,-0.15668
0.13569,0.13634,0.38845,0.25365,0.009754,-0.015042,0.134,0.19441,0.072706,0.021332,0.065205,0.070019,0.074977,0.059465,-0.06747,-0.19572,-0.21676,-0.20604,-0.18709,-0.12112,-0.072008,-0.089588,-0.13146,-0.14223,-0.065335,0.05217,0.12101,0.094052,0.027956,-0.0079359,0.10004,0.22029,0.28139,0.23417,0.28479,0.32522,0.27523,0.16027,0.12597,0.14941,0.17327,0.17279,0.11616,0.091708,0.11385,-0.041545,-0.23292,-0.20353,-0.18099,-0.20163,-0.10903,-0.075478,-0.068512,0.02738,0.041537,-0.0040424,-0.0050271,0.0034969,-0.028336,-0.034681,-0.020793,0.0017023,0.07194,0.18469,0.23836,0.24224,0.24017,0.25071,0.18509,-0.017117,-0.041051,-0.2319,-0.42051,-0.5372,-0.62193,-0.58377,-0.36162,-0.10319,0.05206,0.092901,-0.055595,-0.20398,-0.18647,-0.027769,0.081119,0.10183,0.12044,0.10858,0.053507,0.038237,0.086331,0.14274,0.18916,0.12464,0.024404,-0.033239,-0.13856,-0.080959,0.26125,0.4635,0.90549,0.13072,-0.30915,-0.30731,-0.23736,-0.19594,-0.27672,-0.39763,-0.35657,-0.14386,0.10026,0.1653,0.16917,0.12399,0.11547,0.10581,0.099714,0.13143,0.15817,0.15185,0.12759,0.044047,-0.073565,-0.1219,-0.11586,-0.092707,-0.088686,-0.045063,0.021196,0.046834,-0.050267,-0.025644,0.052191,-0.1295,-0.38912,-0.42791,-0.30412,-0.12966,-0.032084,-0.040055,0.0039579,0.19967,0.43996,0.55773,0.42805,0.23126,0.17383,0.22998,0.25294,0.19966,0.056745,-0.23489,-0.55898,-0.7381,-0.75519,-0.68544,-0.5433,-0.38806,-0.26039,-0.14557,-0.031291,0.073226,0.1472,0.20675,0.20793,0.11526,0.12119,0.22769,0.19225,0.033748,0.050929,0.03071,0.059899,0.14157,0.22493,0.26375,0.21419,0.002528,-0.16431,-0.18641,-0.12506,-0.046864,-0.076228,-0.19016,-0.29822,-0.22481,-0.071213,-0.060028,0.049666,0.18671,0.25378,0.27074,0.23642,0.25309,0.23738,0.14145,0.095922,0.17573,0.36444,0.48782,-0.454,0.37422,-0.47238,0.33824,-0.73908,-0.34369,0.5839,-0.46978,-0.026529,-0.042047,0.25626,-0.016393,-0.055909,0.36085,-0.054463,0.15396,-0.0051099,0.043214,-0.31266,-0.23208,0.58062,-0.24046,0.11836,-0.17017,0.10799,-0.073712,-0.093989,0.1182,0.067867,0.53992,1.2231,-2.0429,-0.21265,-0.97398,-1.3237,-0.16428,0.7038,0.91797,0.012214,0.23893,0.048759,0.38921,-0.45446,0.10152,0.38019,0.23054,0.64319,-0.22195,-0.31325,-0.36545,0.10404,0.18146,-0.076598,-0.2062,-0.3011,0.15645,0.15984,-0.27632,-0.14764,0.18391,2.6461,-1.2001,-0.7869,-0.69098,-0.41579,0.12153,-1.0309,0.14922,0.13084,-0.11336,-0.11499,0.40726,0.34277,0.056653,-0.41868,0.14658,-0.12346,0.27278,-0.51211,0.15813,-0.040709,0.32008,0.21856,-0.34592,-0.036119,-0.087077,-0.10859,-0.20277,-0.028121,-0.38979,-0.13061,-0.87041,0.58224,0.07925,0.284,0.6914,0.74813,-0.26252,-0.41181,-0.048112,-0.35057,0.099925,-0.18153,0.17663,-0.35727,0.099544,0.17248,-0.19449,-0.21257,-0.014547,-0.30874,0.24134,0.16501,0.33261,0.20552,0.28599,0.059764,0.0083816,0.11871,-0.15243,2.6535,1.8623,0.59074,0.53946,0.058078,1.1995,-0.15477,0.22059,-0.13796,-0.026239,-0.35387,-0.35252,-0.26049,-0.015314,0.15452,0.029184,0.48107,0.53748,0.30778,0.14874,0.16919,0.16982,-0.2475,-0.57438,-0.045459,0.076182,0.041228,0.1788,0.08631,-0.10673,-0.12688,-0.76536,-0.65712,-0.012542,-0.035307,-0.9207,0.28848,-0.71111,-0.29939,-0.13369,-0.18136,0.00085685,-0.34088,-0.21696,-0.48806,-0.21179,0.10549,0.082875,0.11265,0.19734,0.17405,-0.49307,0.060526,0.11982,-0.18959,-0.08462,0.14032,-0.39827,-0.38339,0.14496
0.2169,0.326,0.2288,0.014363,-0.092513,0.014621,0.19546,0.29687,0.16208,0.027582,0.051015,0.074647,0.097679,0.11054,0.10739,0.031966,-0.075247,-0.13519,-0.14916,-0.11312,-0.069834,-0.095474,-0.19986,-0.33887,-0.41877,-0.3332,-0.087348,0.20584,0.20745,0.013256,0.066582,0.27667,0.32847,0.19623,0.14119,0.18944,0.15823,0.06911,0.021051,0.008884,-0.018874,-0.041143,0.1073,0.23969,0.21936,0.094637,0.0037462,0.077516,0.11974,0.080058,-0.016804,-0.10304,-0.067941,0.022589,0.031031,-0.017304,-0.088968,-0.14392,-0.1748,-0.18506,-0.17261,0.057397,0.24549,0.25365,0.26098,0.14722,0.020913,0.048921,0.14162,0.11333,-0.11477,-0.21832,-0.29459,-0.39617,-0.55909,-0.70232,-0.642,-0.39485,-0.096031,0.28588,0.50981,0.3787,0.21987,0.23659,0.24126,0.21404,0.14958,0.12535,0.1581,0.17956,0.23546,0.28508,0.21609,0.13681,0.10302,-0.085162,-0.18632,-0.11791,0.086406,0.25241,-0.18541,-0.26978,-0.21255,-0.19454,-0.21365,-0.21952,-0.31172,-0.45762,-0.41776,-0.12499,0.18375,0.26314,0.27273,0.25226,0.20723,0.16245,0.11317,0.065832,0.058474,0.090328,0.12989,0.17184,0.13338,-0.018585,-0.099144,-0.031011,0.0085067,0.020585,0.079344,0.15233,0.13093,-0.030588,-0.086863,-0.23438,-0.42909,-0.48981,-0.38489,-0.25029,-0.11302,-0.054354,-0.081565,-0.11708,-0.036151,0.18669,0.33133,0.35568,0.41541,0.52438,0.57339,0.50333,0.27149,-0.11946,-0.4772,-0.61986,-0.60116,-0.51358,-0.40795,-0.31205,-0.24333,-0.17284,-0.057861,0.16273,0.41129,0.49305,0.32556,0.11589,0.036571,0.094179,0.22213,0.11138,0.0012061,0.02894,0.05156,-0.037543,-0.054885,0.093847,0.13883,0.050593,-0.17641,-0.33699,-0.35627,-0.25044,-0.11627,-0.20501,-0.27271,-0.31385,-0.30054,-0.1461,0.035602,0.12804,0.23264,0.23556,0.38254,0.42296,0.29732,0.28195,0.23516,0.17322,0.32885,0.47261,-0.69277,0.33353,-0.69871,0.4082,-0.44745,-0.13622,0.54416,-0.041798,-0.32624,0.1135,1.1044,-0.3101,-0.079457,0.79604,-0.21103,0.03118,0.1078,0.072933,-0.23287,0.082037,-0.3945,-0.11782,0.24019,-0.076839,0.7302,0.0040636,0.11918,-0.072938,0.29839,-0.00099856,2.5103,-0.65864,-1.1013,0.89516,-1.0826,-0.036454,0.04521,0.44421,-0.27807,0.25493,0.35402,0.28044,-0.073889,0.10377,0.2842,-0.046444,-0.87124,-0.1176,-0.29252,-0.34106,0.071772,-0.16215,-0.50845,0.064841,0.051806,0.041217,-0.51605,-0.015308,0.53806,0.35106,2.4762,-1.4745,-0.70553,-0.63769,-0.01371,0.45249,-0.76609,-0.46255,0.27751,-0.14322,0.26169,0.34552,0.5408,0.030908,-0.19319,0.60373,0.13031,-0.33054,-0.13144,0.77573,0.39672,0.63352,0.53831,0.15007,-0.21107,0.37612,-0.38508,-0.2138,-0.21452,-0.31703,-0.035742,-0.83601,0.78209,0.08724,0.1391,0.2663,0.22277,-0.023235,0.44355,0.32354,-0.034604,0.035607,0.28428,0.038017,-0.47153,0.17278,0.34404,-0.18133,-0.19545,0.27116,-0.048859,-0.22385,-0.3412,0.03687,0.58299,0.018326,0.17201,-0.059091,-0.043069,-0.22844,2.52,2.0119,0.5716,0.72203,-0.18686,0.21895,-0.91734,0.26654,-0.48957,-0.29768,0.15159,0.65329,-0.51997,-0.16406,-0.54403,0.91903,0.3712,-0.028472,-0.32013,-0.33966,0.2335,0.0046379,-0.099562,-0.74771,0.058638,-0.12129,-0.11727,-0.46024,-0.16275,0.037006,0.035613,-0.89878,-0.86967,-0.32802,-0.0485,-0.35423,0.089564,-0.26649,0.38401,-0.10512,0.045708,0.10983,0.036438,0.4527,-0.30768,-0.017351,-0.15255,0.1824,0.56122,0.13301,-0.082543,0.080171,-0.09426,-0.33667,0.084722,-0.008568,-0.099373,0.19408,-0.29517,0.14336
